16.323000478 15.232631287 -1.281540197 -0.105840692 -0.484936911 0.599743027 -0.627648183 6.554061785 6.497971737 4.779782802 0.687086959 8.983786719 8.908419234 4.995604852 2.444242397 5.209462037 2.997957862 4.555034545 5.666782366 8.762758608 7.814142007 1.533909473 0.027768073 7.713037309 -1.979566224 3.897302676 3.383292961
21.738199688 13.237995558 6.215422679 -0.358805949 -0.497777677 -0.736352110 0.285063581 5.421028171 6.351803142 1.523513950 4.000889861 2.021442248 6.330124397 -0.026752625 4.666303283 4.705661210 3.815360577 -1.432413784 4.392382824 2.274097117 5.275908216 1.125472583 4.618111129 4.606765956 4.048261368 10.053788626 5.932102935
21.478226077 6.939625329 9.519103768 -0.274174009 -0.810486598 -0.467085458 0.223094737 8.141210766 2.520881274 7.555117697 5.447663344 6.070822232 0.769811188 8.017329698 5.705508039 0.525838987 3.495283847 0.344037127 3.467814619 1.560428803 9.121399325 7.478652979 1.792343364 -1.466648049 3.264235871 3.851501827 6.068382215
19.015962525 19.767145490 11.629723597 -0.525762235 0.041557584 -0.845489079 -0.083637653 8.509659863 2.897836505 8.975918733 6.364484816 7.208625065 10.460289130 -4.041343178 5.740147645 5.612376552 4.692612132 4.563688161 6.840054617 4.068291115 3.827663488 2.505814510 2.836851007 -2.687208557 0.461590977 1.487424251 1.206811421
11.252650634 15.943694310 7.654012261 -0.784522688 0.186614122 0.553103631 -0.209226420 3.995282533 7.418542672 1.933128058 0.879704658 2.681246346 0.401789276 5.984031888 6.664923674 6.993632673 9.847252417 0.767628078 5.719170817 5.027041946 -0.097717243 5.490916238 10.643947365 2.591475107 7.514008038 5.794354542 -2.131273128
18.461407741 7.848464408 -0.872919846 -0.302466905 0.610810364 -0.555807916 0.475922296 1.972723703 3.317029733 5.738112361 4.508972389 -2.667088636 -0.764595708 5.455150246 0.043357249 6.077579658 5.267621362 1.996409922 4.446675283 6.160110528 7.205833609 1.934090302 11.167556989 -1.964346115 2.817102353 9.128869062 3.724369376
17.011870268 12.984717167 5.337678155 -0.373520573 0.208313183 -0.428766625 -0.795768296 0.533463446 -3.427471406 8.206441946 -5.493283031 2.446204961 0.970418287 4.034995053 3.094141887 2.169571719 5.931400763 3.657553412 5.210862589 9.211212410 6.748856062 8.113418244 6.148637428 6.891072758 7.218838440 2.439598759 5.055376448
18.191933173 16.133779147 -3.282788678 0.719860526 -0.451506855 0.332746256 -0.408928249 5.512768918 2.122177472 3.960391388 3.367449062 4.819931068 7.587995673 5.821538433 2.650437536 7.078524628 0.127864983 5.656150807 5.513800399 3.882234518 6.453800856 5.963983141 -0.815112683 -1.031801694 5.611814758 -0.579202947 5.635390714
21.495927196 8.686102381 8.322577399 -0.884285660 -0.155960722 -0.086700689 -0.431506796 0.388077781 5.041171565 5.869111356 6.891156980 8.318359424 0.951902654 6.642272511 4.530266547 5.892747011 4.244632813 1.121897498 6.908909527 0.812565548 6.479896549 4.354142134 2.332241840 1.144233564 5.524288900 5.269348033 -1.391219080
18.526969381 15.304783618 13.323116256 -0.235809453 0.215334879 -0.938641307 0.130296927 -2.348855981 0.194049836 4.942590678 3.526646898 2.846295893 1.269545565 3.269650145 3.845235411 7.308687268 7.412212083 7.872121059 -1.342017313 8.553737638 8.646043662 4.620757810 5.704444211 4.692558574 5.409381820 8.728370938 2.078482946
19.009340170 14.415987104 1.287596542 0.889813079 -0.311562613 0.020139766 0.332799960 4.302301887 5.601340930 4.099388231 1.996151846 2.957626744 0.362363500 -3.647938353 -6.339206390 7.812130785 10.770352761 7.244455849 4.360668934 2.162301906 5.314384339 -0.810442412 5.271639067 5.605311650 4.631699142 6.568294101 7.265144124
15.297343919 11.410411472 14.021285614 -0.869407148 0.022254922 0.434764128 0.233700840 4.164318022 6.390492698 8.988876683 2.422815212 1.964740662 4.573889747 4.518037657 -0.663236694 3.386016757 -1.353805312 2.215794861 2.561984806 5.202830650 4.927192547 11.103426024 3.937759093 6.233541524 6.663398949 0.323116576 7.036345715
12.422673348 16.080378300 6.519216548 0.742795013 0.334868783 0.215401299 -0.538257139 5.046303978 1.044161952 3.279996455 3.767484037 4.624667034 4.701978399 7.410120226 2.358116108 4.210411250 5.711817126 5.688382704 3.849654522 3.025388164 7.489587959 5.503600446 2.759000435 2.400599650 3.843655325 3.867427576 0.564242448
19.758519835 13.788838868 3.699252718 0.397215932 0.449457984 -0.773311905 0.205415973 3.702959620 8.087769552 3.856102866 7.746820262 9.672826819 5.859240602 1.311897008 9.666370536 3.721520114 9.724043887 4.869159576 2.045099306 0.992204033 11.404026282 0.764002181 6.930267548 5.840213357 6.066124802 -1.560243439 1.244025363
13.048712134 19.045263138 7.140775106 0.286303063 -0.735587259 -0.147552230 0.595961643 -1.090838233 1.121821885 5.351097139 3.635021578 5.302985744 -0.142223381 5.568097926 2.276414950 3.943937054 7.713699039 -1.421674463 0.246251726 9.435142055 6.805541377 0.910988864 3.664840688 -0.189724345 7.773418700 2.584807736 7.658362386
15.262219281 14.486512598 14.173453038 0.105666062 -0.420231451 -0.490731721 -0.755924989 0.658092583 8.156675433 5.860258376 6.880564638 4.342061502 5.275585795 1.968875570 2.253363160 0.796977975 1.749325741 7.064554167 -0.628265959 2.473877992 10.779025578 5.696526176 1.350093847 5.496417505 4.280901917 2.268929950 6.023290655
18.791064351 8.668203615 7.355793642 -0.356668245 -0.006537492 0.301238881 0.884307730 6.205104831 5.226079529 0.883642929 5.250024249 -1.124140151 5.783764394 7.895709023 2.439702885 3.867654638 3.754831619 6.967900438 1.096355119 5.847543051 -2.598912104 5.493881332 0.138161125 4.051639175 6.475452821 4.192850900 6.953692909
15.794099512 19.837473773 11.704078399 0.147393091 -0.623433551 -0.336685197 0.690107936 -3.513273354 5.807517944 1.061436734 5.474174267 3.884100331 7.277002231 6.572943707 7.968950370 6.292540488 2.983777721 6.357659912 1.113567884 1.727067677 -1.719872036 5.176348725 2.332042449 1.641204534 4.370950390 11.130990191 1.262035754
13.967752719 10.185422686 9.907089791 -0.125965963 -0.425589257 0.188167032 0.876127575 10.391324572 0.655201801 4.522835982 4.685370932 2.122612339 3.208334337 2.162545996 1.746396032 1.743631058 9.790914975 -1.354894264 4.876533074 9.938934469 5.131998253 4.517599837 4.030253192 3.491821827 1.997525405 6.215208448 2.157247465
14.076598381 9.540121474 6.549807092 0.338396927 -0.938672708 -0.064540495 -0.014683068 2.740575916 1.700851037 2.750709992 1.132479004 -0.381464374 3.011981952 3.035252244 3.190356224 4.365515991 4.750758441 5.257251206 2.887480328 13.633211957 5.345320524 0.192929788 1.470044633 2.788230153 -2.631348858 8.929188258 7.686031669
12.803673099 14.265507941 1.759052949 0.190684711 -0.616345024 -0.570796232 -0.507887600 4.597972986 7.724750914 2.366525969 0.564345171 6.364510865 2.603717658 5.119910604 2.722307736 -1.616339753 3.647086186 3.525650623 6.679336503 6.677123138 11.474149514 3.718906229 1.625071768 6.305847089 5.692325787 4.389227432 6.792154933
18.703616885 13.486332583 -0.102674021 -0.022580679 0.548497357 -0.572568431 -0.608938547 6.105931365 -0.923568136 12.293785625 8.742634719 7.626971737 1.278126708 3.694845795 2.848730799 5.931598313 4.493906090 9.364101099 3.349919047 8.565308097 7.730961703 8.062603820 2.563956525 4.253407563 4.973185512 7.287109985 10.339197256
20.795631025 18.442559318 2.599461104 0.335472389 0.188641060 0.589781245 0.709951343 5.945554222 -3.064714208 -1.362231301 7.680544470 1.240687578 7.846094889 9.830903044 7.310638838 3.823170910 -1.698681492 -2.245889534 5.481974932 8.797015225 2.182112850 5.827341693 4.327171063 5.439430583 9.415464413 9.195369415 4.165884454
11.688025659 7.384047808 3.915614564 -0.274672066 -0.860591014 -0.065255518 0.423886872 8.884093232 2.462814037 4.932760489 3.945852903 4.243462280 4.705521929 1.186502741 -1.312061699 6.942095810 5.280619121 6.773758740 3.596218722 4.188108205 5.216903708 6.229703631 5.249359289 4.583919570 3.056293037 0.397479214 -2.354946327
18.447520484 11.934489655 13.883879898 -0.666869085 0.699630827 0.251556162 -0.050217791 6.204607483 4.895027536 7.699562402 -1.520523188 4.320724970 7.518724126 4.723408374 1.610359548 3.179728712 -0.464040186 6.742524402 4.249560042 -0.580122830 0.959223797 6.598653768 4.909733393 1.977484862 3.239936117 3.368296891 10.381284514
18.073411077 15.305482340 -4.330480871 0.487144146 -0.850007357 -0.200171162 -0.010467988 4.783205883 0.909425020 4.340981530 6.419961074 -1.099942277 8.522639457 4.627522649 -1.749601713 0.416071211 4.555897909 9.016394857 0.057697189 2.500850718 9.990336501 2.200688498 4.606892950 -1.161323419 6.261840053 3.242565773 7.706673468
17.837351650 15.917423951 -3.229127960 0.340773620 -0.894831511 -0.164815933 -0.236612796 2.734073276 4.183086314 1.762418373 3.199282457 4.654480136 3.313151891 5.246913573 1.250558279 4.239555636 -1.956381262 1.729743785 7.275652592 2.738277706 5.399087427 7.475216953 0.014205148 4.238815052 6.127406552 4.162046211 6.198564585
22.567298314 16.544240864 4.776377126 -0.815747056 0.352231837 -0.202390142 -0.411737422 4.942027981 6.315941718 2.514704594 5.162709346 2.202485680 2.537497513 8.139088374 4.834950067 1.857687757 0.515321185 9.641754706 1.659931840 1.784050796 6.938589496 6.357923705 4.754866654 3.253816831 4.716956831 8.807617091 2.222667218
19.894789891 10.792942580 -0.188747922 0.935643666 0.136372683 -0.323997366 0.031609009 3.320316835 7.081971334 3.519782740 2.441328873 5.223775132 -1.798005229 1.583208915 1.117654354 4.010076599 5.592707991 8.931920049 6.714372981 0.800878726 3.169542001 3.924888862 11.611861259 9.579562416 1.579488376 9.401232589 6.081551314
12.580345502 15.754317262 13.579684874 0.604470978 0.745358464 -0.270891466 0.075322051 4.607576875 1.532858699 6.433476331 4.210275791 5.581883174 -0.037177325 3.445474194 8.147886389 -1.415123278 6.205066675 4.050938991 4.481203230 4.825958460 7.732218474 -0.085401809 1.686402076 0.961680696 5.609223500 3.976592297 8.827913133
20.975545549 15.897874439 1.643805474 -0.309700073 0.927261324 0.088369934 -0.190953020 0.008359814 4.555249150 1.809722447 -1.750796790 1.226206061 1.287699399 5.336449458 6.104738043 4.514986901 7.264937839 6.677359657 8.811279924 4.129744143 6.007345727 4.954000442 1.640396768 5.958948404 5.425373910 3.195315662 5.091505538
17.135182171 14.022442514 5.264969956 0.338187626 0.727744169 0.442385581 0.400390499 10.791120112 3.306845932 0.090089492 4.494733294 4.304170083 5.710741219 1.261885804 4.223385045 3.785503593 3.889326738 3.356110129 1.530692087 5.173486086 4.748954542 1.230545210 5.179433842 5.839740983 8.329571058 6.280070197 6.743463565
20.396775915 8.774826229 6.001198982 -0.425133753 0.136671130 -0.088144426 0.890400390 3.286378366 5.602213048 1.854638731 4.016844523 7.541028091 0.070033661 1.887026696 -3.911757354 2.646486256 6.786097412 -0.517220879 2.613543703 -0.612250545 2.769425894 4.151860116 6.166145404 -0.433678252 2.411753131 7.538598679 4.713611212
18.531061454 11.520369484 12.269523002 0.761568620 0.366026692 -0.534085652 -0.028110747 1.728462951 -1.409193608 6.376049650 0.908113203 6.794969888 3.542475298 1.357945179 6.424005074 6.138646959 7.880022832 5.840506599 5.858138973 8.114215843 4.768468999 2.468430684 4.359239800 5.042648881 0.497802044 0.175393437 4.873861288
10.422105810 13.646415798 -1.967903167 -0.631930277 -0.059029876 0.076082023 0.769019587 5.916704749 6.637806267 3.207302828 7.153792960 0.562424687 5.498102769 10.485978509 3.842139963 7.191997587 -0.135228460 7.910266422 5.152809458 7.662205779 6.597838569 1.855091901 5.834258901 0.941599822 3.582322343 0.885698016 10.068237203
13.940767058 19.058634316 4.655331152 0.106062422 -0.124806446 0.161081323 -0.973255835 4.879661385 4.801578991 -0.425973018 0.119508822 5.982758065 3.346835983 8.444267613 7.453273722 3.275642928 -2.473878653 2.031516330 5.673466405 2.930930161 8.809063891 0.816464711 -0.947993410 4.246048509 0.356253637 4.156368563 1.970724668
15.972214983 15.718359914 -4.270533498 -0.075031387 0.736845148 -0.661906530 -0.115365790 6.486379623 8.898275967 2.977846804 6.332429322 3.719965534 6.601264595 0.447231329 4.633055068 7.223430524 2.733001029 3.633941335 1.834473994 0.882001795 1.848823172 1.485409383 7.205831373 2.224078695 0.942305418 3.460264992 8.835397338
23.081067977 9.465828592 2.103590078 -0.008117895 -0.596545223 0.029897032 0.801981337 0.745285424 4.776012175 5.032197173 6.463340476 4.911656650 7.284018217 7.378206493 5.680901170 0.428543637 1.931572262 0.764588564 -2.355350126 9.502549116 2.729571061 4.319927512 8.128173193 4.516518523 3.631268733 -0.120552977 5.445249805
10.053600153 7.788987381 9.141862246 0.591674353 0.222211070 0.501485110 0.590809940 8.701152148 1.960058387 1.601710401 7.733289706 7.018517068 2.167503532 5.955412962 9.990590810 1.601401006 8.148940386 2.604132108 7.954654493 5.649043406 4.235582484 -0.906795278 6.218555494 7.671510569 4.425338866 -0.874085800 8.844390740
13.338050428 21.663361900 9.620018600 -0.394438042 -0.843189660 0.324371313 0.168027020 0.255257872 3.888184925 8.447985523 1.340289593 0.582926158 7.787296543 3.493013107 6.373792107 6.837651490 6.160268074 5.119654718 7.764141195 2.567453047 6.545455170 4.803243590 5.584226027 2.223481140 7.206686330 2.503471117 3.619508986
19.829827447 7.209501760 5.163576428 0.512477944 -0.685873924 -0.318831680 0.406558332 3.831301171 4.509686666 4.264167578 5.066224619 3.162905434 0.517696484 3.752553688 1.453933218 4.657158844 2.697162551 8.967737915 5.258409169 2.293188464 1.639628374 4.479774157 4.111648828 6.782051960 2.830063324 8.415451675 6.979394155
21.747209801 5.927874879 2.641572574 0.525598554 0.797079918 -0.282221694 -0.093598500 6.241359684 1.917052945 2.049498946 2.287601655 4.517743482 3.641716040 0.386240256 1.361789301 3.204947611 4.796383844 1.691586428 1.519458314 4.781483251 9.144151363 8.094639538 -0.058391170 0.104655136 5.020266400 6.708121180 5.012163800
6.972971842 14.225408691 6.932947927 0.035584649 0.257849916 -0.860317250 -0.438293718 4.352099821 3.414677170 4.790272805 4.116599207 5.721325770 3.930721537 3.469794754 4.235385974 9.250686667 0.512910448 5.449429110 2.104588664 0.412340888 0.560852590 4.029719771 -2.236785090 6.112311308 0.320616898 2.383122641 6.062534136
11.613526332 6.674390507 7.539205560 0.039016874 0.162052644 0.776569479 -0.607582478 2.922149683 5.670530478 7.806782557 -2.086108498 1.536840201 5.463150414 3.497512837 9.675340362 7.770376695 4.901920916 6.411566239 7.423207354 6.829815615 9.951844632 5.718369664 4.378641216 3.458302699 7.277128321 5.645737828 3.543308144
15.568453166 17.866912472 -2.862577313 -0.322703146 -0.646395040 0.689615617 -0.049663187 2.972765309 10.365418044 1.083797121 5.345875107 0.557104917 5.003314962 3.826022767 2.465779383 -0.870496015 5.336613518 2.350400203 2.414940158 4.294447581 0.449726228 6.004894195 -1.220534304 6.282046982 0.025920601 5.114972152 5.906400511
14.868249122 12.130010518 10.666161952 -0.259194958 -0.456451914 -0.244076827 -0.815411630 5.884001837 -1.447106840 -2.438212734 4.283565329 -1.643204814 2.219310385 0.912592531 4.258895802 4.445923548 5.409350216 6.024790385 1.953403982 1.010639236 6.709747099 8.074196002 5.613044447 4.561437359 -2.127997646 -1.936962877 -2.237667839
24.257135244 13.052856456 -0.019931387 0.655955460 -0.166220403 0.374823487 0.633719628 -1.900366045 -0.577674129 -2.086897489 8.903893687 3.942552074 2.042153825 1.452542136 6.321654755 -0.608482689 7.309605419 3.209246623 2.445184892 3.444758251 1.239938729 3.897588125 7.640426665 4.851411631 4.829304816 -0.090858948 5.021927396
9.472137164 9.572612054 6.149979247 0.795044541 0.411959008 0.067424401 0.440054433 6.684092759 3.858757561 -3.704490113 4.813150632 0.888183774 9.950908912 0.755335269 5.224666183 3.466707018 -1.152654818 2.817341746 1.860815824 -1.736233490 -0.411391790 3.687002749 1.376289995 2.227047326 7.320141496 3.735426121 2.401255482
15.539644857 14.632480092 6.662260028 -0.363989084 -0.395945738 0.203901013 -0.818024020 1.642382220 7.598331946 1.475672008 5.089294550 1.797860878 0.987506549 7.579964352 4.490448054 7.049002756 2.305305204 3.279248334 -0.652819386 5.993750211 3.375137590 -3.457452846 3.912991916 0.976922563 2.961098303 10.625233731 2.995920624
14.752317895 5.134103728 7.838252879 -0.006483566 0.390178363 -0.880550338 -0.268979386 0.861294382 4.515571360 -1.117870932 4.128893008 1.281053167 8.846293144 9.261405185 5.644694152 6.568014451 5.815644167 7.297033706 3.998950914 2.304027310 0.921291734 3.606769577 3.865346558 -2.199799661 7.649080354 5.675752738 5.659639845
21.282521820 16.461771727 9.776790620 -0.752923369 0.303390587 -0.085317408 -0.577738255 0.375842576 -3.190497384 5.797735305 8.353515956 3.922130935 0.626969002 -0.059315603 3.454392227 4.094589373 -0.383934132 7.867926367 6.634949731 2.459704691 4.464813336 6.620364056 7.783323941 -2.428872696 -0.487845201 6.416822877 3.862148728
9.112225347 14.510949205 8.951710200 -0.381673351 0.229685224 0.748464692 0.491294978 0.767489991 9.244780167 4.157520110 5.577621459 1.406553602 4.989056157 1.580412714 1.375579577 2.698192406 2.819662212 8.531244979 1.891856091 2.813281075 6.495431505 6.713300841 1.742474910 8.067313483 2.015431184 1.119795071 6.901387277
10.185964841 19.256280861 9.812434504 0.828433219 -0.511888157 0.134702602 -0.183095946 3.679345961 1.151060017 3.503073728 1.338820026 8.193856129 7.643786927 4.913441228 3.015201654 6.736915727 -0.189536207 1.438320793 7.935287600 3.245724284 5.554197841 0.200138512 6.384709526 4.059144940 2.196458152 2.598835995 5.217033518
14.206722798 13.601967954 8.892428750 -0.162784504 -0.713734815 -0.564556656 0.381260542 1.023015635 6.028688916 4.301966368 2.226230681 7.474993532 3.313760784 3.800242028 3.617072712 6.828917787 4.345104689 6.365201589 7.025809953 0.965956986 5.912669871 2.036353484 4.750606385 7.461299038 8.306228290 1.275712670 1.717000572
19.341972394 16.555009283 -3.245042404 0.627443872 -0.145913533 -0.273033227 -0.714476232 4.949890217 6.438852167 8.246087419 2.990327567 3.243246924 6.895322954 3.171327046 -3.047508596 4.141644208 6.146225149 2.879758019 -3.612317964 8.526450968 1.081980693 6.953691781 11.869036284 5.910525802 2.505983351 4.461160432 4.494327940
22.845158630 15.126045974 1.641538172 -0.294476874 0.627699262 -0.205756099 -0.690609466 0.912408647 1.877421840 5.700788330 0.829871907 9.970305622 -0.870774965 3.013294233 5.449928601 3.163147353 9.354345559 5.137065745 2.556994602 3.455593167 -1.240548979 -0.590474835 5.926263109 0.375198764 5.299222815 -0.312644612 2.607183489
19.064465686 13.201722104 3.519490951 0.665459020 -0.178437031 -0.641949573 0.336489620 6.200167067 -3.790917249 2.679232924 0.595608576 2.086851488 6.069543815 1.922662766 0.001499882 4.158001612 4.055886023 0.574049411 6.915442724 6.706186480 3.630052789 2.996175319 7.552205543 6.952271402 7.523338715 1.709185201 -0.784241053
20.679607387 6.772435653 3.621664449 -0.406278059 -0.670745005 -0.408516506 0.467069097 6.735150425 2.485579951 6.933124959 7.521231256 7.545004957 4.532224265 6.014909513 -1.533558063 7.209090002 4.715702034 7.687872006 0.723957004 6.205819023 3.652550209 0.100216832 3.427220609 3.212589812 10.977887241 9.568953189 3.397917246
14.498862029 15.416094637 11.868862111 0.245715605 -0.201501533 0.785804776 -0.530595729 5.302244346 0.297307687 1.398383551 5.015650404 2.211013597 0.335967423 3.168573009 5.602898342 5.584656361 -0.298647730 5.395175620 3.999924664 -0.510369712 5.753050565 12.834570615 3.666590170 -0.443278545 3.447205891 7.147492136 12.250755774
10.762189559 8.555223180 -1.348130225 0.634781489 0.481571171 -0.534468860 -0.281930321 6.950725569 6.075472039 2.587920310 3.222806906 4.277583057 9.395919947 3.181237377 2.833946482 3.038578842 -2.093615884 4.006142941 4.137703879 2.141740848 -1.906008877 5.570339181 8.356152431 4.811207486 4.036321052 5.973132867 5.240631226
10.561711319 17.356761166 7.972819144 0.163250566 0.904812604 0.365858055 0.144261178 6.991493745 3.737072973 7.863313763 2.990554912 3.935606149 7.101988240 4.212622069 4.497976210 2.186348841 5.110571008 2.968648259 8.385354209 0.428011969 5.804443795 0.571048387 7.146663028 7.787533992 6.098653912 6.381030986 0.018533601
19.593043160 10.488660023 13.312524090 -0.564142594 0.337431968 0.216998586 0.721660872 -2.023935862 6.493573741 7.514028359 3.413397385 2.671640069 -0.650434258 4.368272207 3.757999050 8.391773094 1.117431667 2.063616676 5.839747831 1.666535221 2.926333394 -2.155127824 5.295642642 5.515477715 4.537575062 5.924072718 1.414678635
12.175325034 7.022229725 9.541205154 0.881457887 0.065748626 -0.224838503 0.410069213 4.678998447 5.506677650 9.045459247 4.500857071 2.739622817 6.314203509 8.930683175 6.133129508 5.076334430 5.318827586 3.810971953 7.871048182 -2.763002209 4.065236221 1.769187583 2.086208794 5.464601045 10.495373504 6.103034782 1.442328373
16.662905514 22.916003607 3.515182258 0.248339398 -0.027900355 -0.920891128 0.299179953 2.960502648 0.262572221 4.956809635 2.724074402 2.527422072 4.237620537 -0.290830164 9.939883167 4.139222625 5.083578569 5.869100152 7.246135891 4.876951799 6.255774184 -1.132477816 9.804214031 6.094562507 6.023302285 3.559703199 2.253591183
14.133052054 3.726366106 3.486654333 0.066761370 0.322471326 0.664677307 0.670640917 6.712152080 10.518677568 10.613383482 3.491869093 2.998115492 8.227711006 6.018251393 6.646239916 6.186827532 2.945262794 2.994267346 1.804889632 4.249698131 6.824673866 6.346700888 5.913441159 2.317330306 7.211401071 3.221697544 3.917248935
22.236150277 12.708534517 9.539124216 -0.709795588 -0.305420892 0.209898862 -0.599041542 -0.751382769 5.354249427 8.083147933 4.783958294 2.966789204 2.893838218 4.449235960 6.706905436 1.937719438 6.554819350 1.733778300 3.251170392 -0.789762673 0.398141810 3.526976515 2.400745050 4.191838224 1.568733137 -5.002851969 0.173861371
10.161031937 6.019165028 1.689584496 -0.317119355 -0.447961423 0.244201685 -0.799456950 3.583239698 3.225125946 3.089953080 7.535224630 8.438563096 5.773838159 4.381908715 4.434263192 5.857854184 7.036335610 11.590146659 2.273380393 2.839286831 2.119064183 -1.188811522 1.120541424 5.432542975 -0.954600676 2.547535942 4.275193469
19.046346604 7.991493861 5.883291924 0.601568199 -0.569831573 -0.289818397 0.478970748 6.967781688 2.852452556 1.137994885 7.982074436 7.550143024 -1.610085262 3.833164816 7.248845896 6.730226939 3.632240346 1.852782835 5.186344388 1.943063194 3.419922552 3.884779110 5.312179100 6.142995606 2.281271874 2.427425509 6.648777400
19.426584859 13.182186857 2.571722197 0.542939101 -0.701802383 -0.202933374 -0.414135961 0.568333363 2.542722204 8.607315533 4.491186335 -1.049977997 -0.653044611 6.550214571 6.814857103 6.676876472 11.716884969 0.866912540 3.759471221 1.741766611 5.113921379 6.332518398 3.033761729 2.667255496 4.523501053 4.218732294 1.857109502
21.245700035 8.054534625 2.125897798 -0.161841991 -0.044850252 -0.901914497 0.397926958 5.109307542 -3.356357330 2.773262302 1.899790403 1.886675262 2.607167930 0.887390465 6.247369533 5.134369839 -2.393469022 4.574120739 6.618680534 -0.078269548 8.123690201 1.449295155 3.175560419 -1.181435936 2.400447031 6.220026471 0.685214634
17.661977920 10.669914292 13.895658130 -0.819302814 -0.487753255 0.132542129 -0.270688467 1.866425289 4.804021711 7.217603810 6.101794038 7.360413399 4.805052781 1.129458568 -3.855400469 4.496728654 3.519252890 0.848737243 3.225530280 9.703196972 0.140659206 1.905820846 2.855592105 6.194053088 2.769279320 1.951139354 5.467288858
12.594677604 8.847733583 4.180094301 0.042696533 0.065986046 -0.379917808 -0.921675272 3.710662939 4.145441589 10.216027513 9.082446852 3.987542585 12.113168016 5.505998185 3.075541614 5.010347375 1.849976366 1.944788550 2.609475302 4.699219602 6.274503504 3.895263953 4.576504002 3.445400761 3.625588514 -1.127404223 3.545837492
18.859613264 12.377748130 -0.983752919 0.354909844 -0.148547057 -0.664749384 0.640375695 2.902752607 2.794848361 -2.187421626 2.541733118 1.547435331 -3.064950665 5.127966407 0.243509875 6.207345542 2.193379361 2.859581229 7.118508263 7.392179565 -2.175409360 3.042405983 2.241430697 10.313134627 5.723413184 6.619910905 11.103573917
8.205558507 10.426306885 4.585828935 0.012805545 -0.705664316 -0.465735834 -0.533820216 6.268437494 -2.532301367 5.106779917 4.983698597 3.761811081 2.109272910 5.215156855 11.396038890 3.100569497 -0.261465824 4.171268850 -0.581447666 6.075603053 3.074267720 3.653426508 5.869320191 10.958323476 0.316647458 0.095854509 3.354573360
16.360502643 17.379263730 6.322419491 -0.638429393 -0.113814152 0.450483505 -0.613611326 7.654743806 0.422244378 -4.375168483 3.395798482 6.661105726 9.451544187 6.629084493 4.394578784 6.783144057 5.007497136 2.289044305 4.233548719 2.254371532 2.102348151 2.730637213 0.236379342 2.935284385 3.688073938 7.989416046 5.937820083
14.709391571 8.233875355 -1.421683383 0.135038253 0.915424021 0.375151350 -0.054999971 4.720881991 6.132053784 -2.535125293 0.327430371 2.817510536 5.797125576 3.810625247 5.645235035 3.187884751 2.817788753 4.793311811 3.022460183 6.152667247 0.804676849 6.193732908 2.173388352 0.248160821 6.114811097 1.653792414 0.327238578
21.760312821 20.674106145 7.735754435 -0.439988516 -0.613696495 0.655172153 0.023155298 3.053263671 7.841589082 5.852293461 4.903655109 6.505650585 3.419649624 6.557769172 6.639450713 -0.500574406 4.245487767 -0.210572100 7.469036639 4.471362528 1.134636201 4.107284212 3.339721079 3.486181759 8.359254837 2.974714055 4.524233812
19.836896072 17.690418730 4.048637960 0.071090906 -0.848123940 -0.366060980 -0.376339242 3.320104452 -0.987430678 6.618748126 3.588264726 5.029598936 5.861538396 1.105431334 7.603017475 -1.094280388 -1.445289824 6.154020434 0.221827142 1.773156056 7.765345322 1.117091651 2.094261996 6.197219424 0.871326574 9.564320018 4.935396611
12.725275126 5.566637108 3.713158217 -0.324105655 -0.847885250 0.305885937 -0.287193178 3.332217574 4.492207830 1.707229215 3.909965032 4.814240943 5.777503358 7.371248172 3.988974488 3.562234241 11.459506029 5.489649312 1.320311493 5.220093566 4.083311167 -1.834699986 3.100725421 4.589622986 4.775261100 3.079535031 -1.738869953
14.236992855 21.921326311 1.418021322 -0.258670001 -0.071120840 -0.475710652 0.837693877 2.709371991 0.273418924 6.860198296 1.791392093 9.939556832 2.783362711 0.393516141 3.002637391 5.378311455 7.129939339 11.469518069 4.758423993 3.959883044 2.761268298 -1.903980682 6.573559128 5.659319837 4.015576538 4.480438477 3.108499989
19.676880102 15.003190557 10.854243628 -0.280631193 0.532031380 0.508421932 0.616194680 0.725893615 3.824180893 1.038906040 2.797034491 6.453531203 7.504321244 1.839795794 2.513800523 1.051317819 8.815349835 6.249098539 1.985488307 5.727156461 2.565126706 4.142280698 7.683145476 1.054330864 8.461921924 -1.519448615 4.628773554
23.452727715 7.214857015 5.533965364 -0.099514740 0.522401349 0.096570915 0.841348742 1.539585740 9.965130583 3.952587891 6.586090074 4.254188489 6.443622199 6.172352751 0.979173933 5.181966499 1.623560843 1.069820428 4.982700681 -2.498664547 3.088753101 4.895699549 -4.949421596 0.428234550 5.167396373 -2.689389626 3.715587985
19.395958634 15.057681973 12.462899443 0.271159259 -0.587983912 0.480828710 0.591228659 6.925332302 7.648209058 2.930480567 1.733920308 7.644182165 -0.292111293 1.761776550 0.777286703 3.613468752 1.765385958 5.599152045 3.443398311 4.009948479 6.766481359 4.350358657 6.539360861 4.447897654 4.729826692 4.258148812 7.841602251
11.685396188 17.910663838 4.962821431 0.410745523 0.038511919 0.076363023 0.907729936 0.914477928 -0.904052303 3.676357175 1.081629512 6.171801065 6.381576864 1.723891216 1.944252589 5.402878738 3.815146740 1.430271304 9.524967512 2.905207847 5.440901489 8.572398820 1.661030842 3.866521116 0.034080953 2.569403118 2.634251983
13.185718007 14.219041503 -3.829397569 0.147771963 0.708249598 0.198423678 -0.661191347 -0.083783330 6.801687459 2.246498621 6.876992590 3.329006882 1.425958847 4.880256945 3.607633526 8.026773144 3.648961818 -0.515965459 5.938180338 5.751694616 3.060319447 3.840627178 7.350553808 4.287653725 3.623480347 3.997255228 11.183439997
17.280163379 23.037470795 4.629344737 -0.334047353 -0.434018638 -0.773415510 0.319168664 6.366002416 3.983840584 7.669263643 -0.534823919 4.407624955 4.608630011 -0.215639135 5.318825657 6.510156136 7.017342276 6.011340539 6.755486139 -5.847458900 3.794573100 -2.885065414 9.152264661 1.401666142 7.174063063 5.268042240 2.560104977
9.749898094 11.858655264 6.582214687 0.114390957 0.616862867 -0.700783815 0.339554057 11.156858026 3.666203894 8.402199320 4.087455047 5.840066731 6.148261789 5.341704263 4.456371464 4.372760247 3.153102345 2.883900920 2.288823990 2.805285466 8.163493862 0.270701846 -2.383934867 6.127026669 10.458344722 2.436513837 9.323868332
17.078793392 20.286590943 1.244826106 -0.428882974 -0.467210368 0.743096751 0.213497270 0.873628768 4.996093897 7.769423824 3.016095206 3.562116004 3.722711681 1.755793160 6.629773172 5.798636825 6.306357476 3.359309652 -3.738983212 0.661979989 7.268827265 2.311279220 5.572579702 -0.012404861 2.754991700 3.573668865 7.118000944
16.027821809 9.726959959 3.110428186 -0.539970983 -0.521365740 -0.342804738 -0.564884072 7.052924084 7.892556651 4.096316487 2.659030786 3.912239077 1.799419225 -2.988524960 1.805276268 3.553143544 6.151770355 -2.186913010 1.266265121 7.258064527 -0.595565942 0.032642438 2.233009384 2.715401990 0.682126445 5.066048512 10.554900296
9.435048262 9.003779970 9.566006329 0.486470262 0.634432250 0.594887817 0.083371995 1.686891000 5.592127965 4.728721549 5.184407712 2.118923450 4.398832001 1.601095321 2.933471633 -0.167971997 5.012027835 1.161216721 4.336920696 5.065858780 0.735264987 6.462644103 3.423257929 2.692530491 7.976996338 4.033046015 9.972408336
14.384765833 20.612048921 2.017768516 0.259232095 -0.256393445 0.928997062 0.063447471 2.189288145 6.343410574 2.252822716 4.981077055 4.108359547 7.988655690 4.672764599 8.797759866 5.041606592 6.047757931 -1.160046597 5.595096706 7.260228463 7.169200582 9.071102915 0.188213308 7.511870376 0.939162643 4.866960268 0.524738186
11.336615987 16.592493276 7.444803933 -0.882077711 -0.104451270 -0.443222398 0.120759060 0.544852323 -0.471129095 3.416563938 4.173963857 7.897485335 5.086866992 6.835172090 5.028014875 -0.593834467 8.284461694 10.023133026 3.097125182 3.417357955 -0.809804248 7.050835690 0.672843115 10.154289101 1.130521960 2.001054963 7.085364965
23.630492623 8.339516303 8.052206665 -0.412312548 0.535964852 0.121526609 -0.726616352 2.904611471 -3.349422006 -0.990981303 7.791998656 2.116281796 1.235448207 2.750675708 7.026589135 2.701590354 2.480581590 -0.759882139 5.540321653 8.994320100 -2.945062321 1.458401780 1.195040241 3.338815529 4.114524882 4.422733334 4.029276241
11.564027674 14.776137054 6.839021370 -0.258784540 0.368329365 -0.508553905 -0.733987035 7.232593258 -0.833166404 7.805886807 6.495313926 -0.814408041 1.270723082 0.742863652 1.581356904 1.710437969 7.345864941 3.494061056 6.938339665 2.643695719 3.053256571 9.064725146 3.786834466 10.190246639 5.055222103 -1.730699978 2.743068911
12.202757964 10.276984638 7.035837812 -0.521078565 0.255126508 0.083998395 0.810143113 3.319955202 -0.901890578 4.657733474 -0.088487957 1.310346436 4.258558644 6.154909557 4.352452521 2.444198175 1.359023134 2.445788924 1.913706356 6.487755036 5.209177652 7.528064854 2.553664060 6.053165234 5.613255604 2.246006773 5.866314577
16.246311042 22.398903957 8.199469840 0.821326784 0.296068240 0.481839959 0.074807516 4.584294474 3.667215620 -3.080717915 9.105953332 2.254206670 3.593868201 6.052823209 4.311036262 7.291432886 4.551428954 3.732432580 4.594155958 -0.513086514 4.152058403 6.101703334 0.554108177 0.954545441 3.816333018 1.873459499 3.580089461
19.356835472 12.623372529 2.700902328 -0.419452227 -0.655899687 0.005239969 -0.627557147 -1.488516027 7.073935106 1.918797407 -3.705702536 4.925057819 6.146215017 3.916898747 4.882139920 3.225565395 7.661302178 3.339389213 0.628642940 -0.798660750 0.546052591 4.772421441 10.062930832 1.329073753 5.735257521 6.102403672 6.818091714
12.481372836 16.704538026 10.696307935 -0.363950991 0.133842212 -0.799721654 0.458335263 5.541568759 2.702508147 5.665580688 1.548597412 1.733988053 2.756522276 1.141347953 4.912033418 6.401640872 3.972309040 7.206264480 8.280669500 1.806445852 4.464151001 2.704668894 4.691245074 3.689207047 2.990245611 5.166841867 1.247493297
13.150186270 5.846389266 9.466439952 -0.210653818 0.197871526 -0.806073051 0.516447543 7.244754918 2.519371063 3.313886234 -2.859706630 5.322683000 5.015670512 2.045051643 6.055610422 2.829323644 10.908496839 -3.178179401 1.569480670 7.211043781 5.308649449 6.434304049 5.191254198 4.274682347 3.841146302 7.229986049 7.734278458
17.574957167 16.240294634 2.203971093 0.348197274 -0.469602645 0.810628939 0.033357721 5.153873277 3.094539430 6.367928335 9.117410865 3.086432527 1.605714242 1.800917575 3.830533664 1.019648997 4.092101011 8.947047548 1.459130809 7.786788728 7.357679292 1.467063537 9.756345869 3.734142994 5.625780577 1.649008587 7.727250558
20.246277477 21.633254892 5.488265654 0.190822309 -0.482697772 0.441148444 0.732105019 5.275122155 8.865019635 3.083162553 6.803982689 2.867514804 4.950991797 0.842324584 6.576815185 1.016778064 3.305395219 5.259487993 5.255043966 5.036264278 0.389150488 3.626417426 7.141904069 4.427338685 3.957310093 3.577298044 2.642916326
7.968651833 16.124399106 4.018483966 0.596724039 0.490787748 0.565487128 0.288569082 3.189708373 -1.247723333 4.648670258 2.913257113 4.846894177 3.593754643 1.411020504 1.241594760 7.200924203 -0.414335407 0.152134943 0.602815694 6.660812225 3.419836846 3.190920073 3.234399384 5.683527773 2.321314135 -1.100764748 6.433380018
19.497829252 4.507920334 6.124534780 -0.548537123 0.142876430 0.809495988 0.153001946 2.344671997 5.439539750 5.333435745 -2.217856792 3.389617333 1.987754498 6.225296215 5.132192162 3.953423816 8.981097483 1.923647943 6.968298338 3.607951608 3.353408878 2.857856658 5.390625422 4.897498374 9.703091132 5.158725513 5.632170009
22.117403471 13.722519006 9.350504823 -0.230175368 0.655691178 -0.456235066 0.555821863 4.118590339 6.522662176 -0.077441604 5.484193343 5.101281616 10.363589689 1.301486325 1.798947739 -0.784805857 1.610768659 -0.611056721 0.371340751 2.569367489 4.896237414 5.070891711 8.136999744 5.772639736 3.771736409 5.417416440 3.000717671
13.290023099 12.137186049 1.175912931 -0.839512158 0.497136037 -0.005795462 0.219183734 1.886784797 5.064459431 9.238013913 5.375443079 6.978916896 8.558503416 2.946825289 0.591759687 2.249595773 8.123391085 4.211218233 5.003207161 0.918477194 -1.952047907 10.335091374 1.140849187 4.129952170 6.351295594 3.784802467 4.392877716
15.255515370 9.574721975 2.589456856 -0.285993190 -0.602840129 0.363533785 0.650103732 7.618469172 8.060408751 4.523410698 1.533038491 4.887483196 8.860070660 3.586447306 2.786489578 5.681572292 6.596906311 3.090717491 2.396532141 8.306491157 4.758010744 3.470191351 -2.811974024 2.848988407 0.659559953 2.948179920 7.382912616
16.802263870 15.064183462 3.413216953 0.210848943 -0.690756085 0.174712048 -0.669234230 6.756899452 2.602722935 2.756739159 4.907754292 2.651446769 3.212725689 5.085974033 0.710045140 4.463154864 6.222692338 8.616123706 5.009163099 1.273028099 -0.299934813 2.740283058 5.777700431 3.269784589 10.585397807 2.074889419 1.839476827
15.168504767 8.170325993 -2.407178924 -0.741114546 0.182896616 0.485143146 -0.426537437 8.484598887 7.912164788 5.680428011 8.608299044 1.795929291 1.424456707 6.465638523 4.268821168 4.453399999 2.879054738 2.173246934 9.196966144 10.596254891 4.282562707 5.163383325 8.086980946 5.166644545 2.562957845 5.158723613 5.182483425
20.237843293 15.282114655 8.357296999 -0.656159971 -0.036141800 -0.173239581 0.733577474 2.428803624 -4.368124869 6.595650501 2.431235398 7.591311844 6.560557847 8.289369286 5.468521857 7.823055753 5.620302164 9.023407277 4.712910782 4.188438642 0.007025843 1.654829462 6.568015200 4.216529114 -0.936004783 1.612078525 1.712331707
15.879608514 17.837094907 -3.656084053 -0.882735045 -0.373159515 0.115238742 0.261248633 4.221338039 1.932686571 5.539965697 0.392486005 3.592722676 6.155370075 -2.615662149 4.520462286 2.073836440 4.594273140 2.413534474 8.670817803 5.825500521 4.178568105 0.231851389 0.617807465 9.347526718 4.547652604 -3.431497623 1.196191775
15.811685402 16.139842430 -0.841594888 0.283450497 -0.381795882 -0.536257426 -0.697363387 9.184426385 9.056219318 9.419151173 6.096784690 6.325606030 2.774758269 9.538826870 2.373712334 2.205685797 6.408698319 8.717890203 2.825395551 -1.115639395 -1.205040627 2.791061743 1.229155983 7.821882200 3.063248890 4.870899692 5.375589137
8.827030119 14.325898303 3.326483642 -0.096646767 -0.868423060 0.486256407 0.007449670 7.677831169 0.023147849 3.351107182 -0.377570181 4.128954242 1.671128596 9.842660636 3.056245640 1.177925497 4.828765270 6.652197003 1.619357859 7.609640176 7.170364490 8.535337709 -2.005241439 4.287596747 8.635068982 5.521538278 5.107009233
13.776313560 8.965699399 2.695898650 -0.322686362 -0.770325253 0.275877545 -0.475777361 2.310430760 7.439067565 4.163142950 7.329975938 4.588539662 2.668520810 1.285163795 3.254711765 2.142857398 3.710066386 6.286772127 4.393183333 5.766655600 5.151734594 3.563986133 5.804458755 8.573622576 4.629725827 7.326503958 3.001455948
18.265232118 12.026639850 10.174213622 -0.279230731 -0.944365986 0.060665200 0.162858271 0.796275053 0.600533458 2.122176484 3.951955908 4.283970299 4.003397601 3.075588862 5.766155752 3.682787042 8.112559315 1.905748480 7.155655823 4.359789498 6.125657977 2.261452646 6.441141517 6.292982853 5.172229251 -0.457657492 -1.080743275
11.524915290 12.074002232 0.694804840 -0.711902858 -0.476316702 -0.432386568 0.281706542 3.354120919 3.403360106 5.981528239 -1.709287376 -1.255632477 0.591105370 -1.109504977 1.313738364 6.538267687 -0.102861775 0.116053187 2.499504883 4.569918875 8.665763760 12.014130032 3.744258900 5.303403085 0.979226481 5.894411997 6.215757442
16.738796004 13.230073832 12.222144254 0.242717439 0.643425185 -0.568863348 0.451095077 6.104017653 4.406398860 3.818290303 6.209432188 4.535456477 4.311057956 -0.075710826 5.405358054 2.695841878 3.813737352 7.378088297 -0.683848653 1.248242835 3.044979017 2.626948770 0.437746216 3.618758785 6.702691833 0.516809578 7.678848732
16.025333177 9.347919457 12.994576949 0.334651518 -0.889778184 -0.161734689 0.264849079 7.021280013 4.679124550 4.272334647 6.294775771 -3.566578844 5.946527344 6.551398201 3.011545818 6.742464609 -2.393592167 1.798417904 3.018997641 6.279341450 3.779180415 8.900255480 -4.432059690 6.365988261 3.714175984 8.656169994 7.832402603
16.383037965 11.004631396 -2.651193951 -0.334157073 -0.064198251 -0.903636041 0.260114475 1.147318237 8.059673627 0.993403864 7.504796202 4.262255697 6.021543598 1.276831886 8.083661102 8.404682456 3.223647711 6.313223632 1.726930894 3.683330416 0.312456865 -1.574004473 4.119575239 2.052598860 1.594916665 7.778409740 4.187992320
14.807512404 17.963083231 2.470521201 -0.550407073 0.101491676 0.812391125 0.163621986 1.837078868 2.315143820 -2.223038933 9.030473967 7.054599744 7.633080097 2.771295288 1.041948496 2.957890940 3.497740436 2.452037418 4.950395623 8.115356352 2.957182517 3.824241561 4.717773894 3.072982311 5.805814711 -1.692103692 3.851595167
18.504987391 18.291868453 10.899806267 0.027149969 -0.184551647 -0.885609108 0.425323495 9.664142810 8.941472989 3.300876014 4.012761004 -1.222564135 7.142556726 0.686448049 11.447310885 6.554810587 1.071543522 -1.013528534 6.853061987 1.244703202 2.286914469 0.958280315 1.762351266 3.556824761 2.590524080 4.599692018 12.736455555
18.875386289 12.736848641 -1.935486694 -0.585725995 -0.779394675 0.051751880 0.216311679 1.424017288 1.492618610 5.936565547 3.919412746 -3.102874492 6.935624467 0.370386866 3.351518782 2.104489571 5.109925346 -0.488353228 7.163793892 -0.356490245 -3.854427697 7.978860868 4.615533192 4.023216824 0.757947931 2.162686399 8.150284268
15.278943596 21.476255575 4.946150260 0.353537659 0.015542513 -0.008078698 0.935256269 0.138910388 5.637592873 5.509222474 -0.122621281 0.017174214 1.480311930 -0.417450840 3.640163632 4.357820983 8.927200381 -4.093088106 8.100615743 7.599382029 -0.259906578 7.657423298 1.192644775 6.952481694 6.306039904 4.111887440 9.108368508
14.516904812 15.727593065 9.332534923 -0.519074742 -0.381307776 -0.592081708 -0.484360447 -0.037324060 0.972200118 0.033578185 5.530992262 3.783883534 6.051606442 -0.334523389 3.966074463 4.169975674 3.234119444 3.763571750 4.588795704 6.983439210 -1.429265345 2.101386265 1.778606733 6.868088662 4.599350735 2.940663926 7.520833318
14.974890237 20.196770651 6.929506924 -0.451459456 0.481830830 0.062939110 0.748372955 3.290544002 7.889806421 0.815721528 1.065275623 5.748866079 2.033338780 6.005078760 7.066165052 -3.312514733 2.206177931 4.155376259 12.157106935 5.480708881 2.515443440 5.072140800 1.649783565 2.427351431 6.874219252 3.010811758 1.180712719
12.383350622 6.571749422 8.140025623 -0.617723605 0.312843428 -0.711201437 -0.121404504 -2.481258962 6.474203253 1.002765322 4.638964630 7.097800558 -0.848102410 1.357951386 3.193743207 3.848455031 3.313188518 3.570420359 3.569222135 6.290149201 6.297609243 4.969000304 3.868687839 3.825989592 8.093823846 8.449370295 5.299105070
12.727557057 17.838763880 7.475485972 -0.125935281 -0.134519777 0.978711979 0.090374754 2.169539879 3.536270129 5.098772314 4.785479725 6.565811356 -0.551478172 5.193640298 4.836324757 4.161554043 0.752155671 4.979141825 4.770413720 3.902956114 6.804062974 0.308020153 2.206726977 1.341280056 -0.675289360 6.817000043 3.854248400
22.105185646 15.387746244 0.334931127 0.023558265 0.668250188 -0.692060724 0.271916621 3.833866250 2.776030020 2.362220917 8.967034026 0.526988951 5.294744735 -1.027760184 5.424649123 6.093100899 2.591475915 5.137373930 4.427370743 4.959203366 3.802002636 -0.490188134 3.534980910 4.111562066 4.276967818 2.627563211 11.727847853
19.650235032 11.089703860 0.554750737 -0.513730674 0.547042048 0.644996683 0.144239634 3.691114719 6.406473696 2.791135884 0.588381277 3.786148570 8.241196975 3.668017211 3.820575147 3.965019644 8.516745313 5.657221818 3.931637507 1.993091111 1.867528535 8.900907377 8.576400473 -0.112002811 3.321018859 2.091514898 0.895228552
7.220521918 11.803058908 1.229759993 -0.861483228 -0.141029254 -0.169506876 0.457410993 3.210527860 6.181821486 5.150115831 8.625052290 1.370767283 5.541764032 5.382956564 3.508575775 8.469463354 5.805580127 1.665758464 4.611867380 0.679731681 4.730267212 3.159351957 1.797751635 0.819844109 3.771366700 8.819656220 10.948487946
22.420948961 18.801254245 5.715885276 0.592943382 -0.240862255 -0.727325097 -0.247793710 1.844429059 2.757974843 4.123122574 5.706198865 3.999219038 -2.332439311 3.428413355 4.615464731 4.085329087 9.045731456 5.539265862 5.895394097 2.303830687 4.729710499 -0.933366688 3.947512685 4.819583445 8.190833228 2.521918311 6.557763621
20.416749141 12.726224788 7.583786462 0.592966448 -0.156964574 0.359240069 -0.703348766 1.219378052 6.067304907 1.823389714 3.738980072 2.924678490 -1.093356141 7.190304588 -3.532419107 2.362771918 7.664660925 -0.683698245 4.848038073 4.580894559 -0.462604736 4.567422081 4.693316803 0.634646705 1.666340642 4.586556777 -0.302090107
20.055168987 14.071263607 6.257408953 -0.361078151 0.904092858 0.224208408 -0.044376376 8.148719835 0.358500228 4.481927802 6.141622609 2.505278734 0.836243548 2.021240653 -3.641706429 1.345547239 7.173692128 0.811099554 1.874000884 3.957568782 7.994426600 4.193292469 6.526450474 13.770314032 2.562259540 8.094572312 11.089474913
9.494382731 17.975739751 10.159366933 -0.454466856 -0.245999333 -0.813262076 -0.267486448 5.748396882 1.453715421 -2.493289766 -0.204896408 1.975425480 1.414993905 2.970985183 3.204667366 2.384632716 1.204473803 5.139821309 3.337062916 1.845173526 9.412183116 7.854586340 3.714821262 -0.222374729 0.889816606 -0.767974428 1.710409938
9.424733061 17.460657818 0.222459035 -0.093677992 -0.634391177 -0.765728165 -0.049321857 6.951020743 5.025857326 3.628881600 0.537334654 -0.826282211 3.614993898 9.886860281 -0.792203842 2.692586882 3.427404879 3.624592231 -2.398336703 4.850059514 6.804187912 4.884356775 4.401602059 7.266959524 3.816552508 3.880005850 2.705336456
13.815682419 13.277281897 0.485290926 -0.694925572 0.718619388 0.003408555 0.025553982 3.714588221 2.528955778 -1.847214137 6.421861577 -1.411824553 6.055816540 9.571523644 0.620523356 2.384916513 1.424653478 1.488159323 0.524173800 -0.376609969 2.435823597 1.862087758 -0.095123736 10.402411747 5.443834135 6.442457113 1.087142919
13.639467392 22.359343923 8.081225009 -0.441855422 -0.079534333 -0.431888740 -0.782246887 4.474510603 6.728129604 2.884869805 6.075709878 5.698930557 10.281461540 5.154172589 2.062918577 5.400694926 0.876200946 4.217531730 7.363542752 6.311633459 0.035833508 -0.762340274 0.034730457 11.166341425 5.768108707 3.484676168 8.720651268
19.530395665 21.975863355 4.902394721 -0.594053681 0.229199629 0.699578586 -0.324280058 4.111670155 6.805294973 4.016029582 2.222189769 4.967349218 5.861979204 -2.000010464 6.164560037 3.511471371 -1.277498645 8.673692054 -0.009619743 3.713231499 5.124861849 2.001588457 7.226920263 0.411038159 3.673482651 5.614714715 3.401041373
12.102035552 9.504876285 7.693279575 0.362963851 -0.684215609 0.097053667 -0.625049462 -0.724207335 3.519301153 -0.313597060 5.221731154 3.115612046 7.556477203 1.230326080 2.857624055 3.597880689 6.040076554 1.882132021 7.111775851 8.552944859 5.668278193 0.966303778 7.382123355 6.917560322 3.554783446 6.026859542 6.973101500
16.245749174 13.467183707 11.267817545 0.861756051 0.210618492 -0.244634891 -0.391369556 5.663895296 3.245682487 -0.545932783 -2.927618971 8.614616855 4.185826139 5.667750412 0.372895395 1.202563356 6.935649632 4.774741856 -0.917879747 4.362840732 7.804792303 4.457043654 -3.985447257 1.769181369 3.602525233 9.286293429 6.052515050
15.005351034 4.781514777 1.038403655 -0.419016825 -0.504493222 -0.001580022 -0.754923170 7.136652207 7.818084134 2.423761941 0.354693980 6.471108966 7.099893308 3.898614758 9.855960788 7.517632253 1.639756967 6.141713078 8.064945691 9.211587469 5.229933965 6.933369629 1.480013901 6.498631971 5.484251381 3.715018181 -0.645701626
15.263584412 6.938400374 -0.003933881 0.369678194 0.870745838 -0.265438936 0.186230745 0.643197537 4.667017907 4.392727710 1.051673299 2.629986253 4.185593166 3.093336740 9.808958726 2.836712085 -0.576249881 3.763676197 5.233632224 7.546829743 -1.248910431 3.032237096 8.466641742 6.933927474 0.635622213 2.920615691 1.246344621
19.742161124 13.203118086 6.416828124 -0.676110293 0.374564754 -0.524098952 0.357626068 2.779664682 0.606840075 4.163240900 -1.094485797 0.982268814 4.886346629 2.990721609 2.264932417 1.348573424 3.118290440 4.519693708 3.653991552 2.126207936 5.096708394 4.633044141 9.474728305 6.003395664 2.219576256 6.609702935 0.230822145
17.454104705 13.295874149 2.861618467 0.677803364 0.026347570 -0.726863132 0.107509964 4.618708023 2.115656382 4.908884442 5.284200552 1.476099852 2.836968957 5.488254391 7.587441254 8.699420234 -3.886100753 2.479526669 -1.121079793 5.701345068 4.110747074 0.563951735 9.966524122 2.883554255 2.906430984 6.956679541 4.141161604
7.653056506 9.370165426 2.292605341 0.593810115 -0.367480712 -0.367858661 0.614025634 6.704977986 10.943561947 1.166463320 3.241553898 1.083832083 4.088850577 3.217479779 5.157688680 7.391210897 5.267426820 1.380020993 -3.008931268 3.311055156 3.404746151 -3.013916437 3.186629260 4.339292295 9.050194239 4.633950295 5.615370528
11.130714436 17.111308607 5.713273886 0.540358118 -0.832390849 0.096749104 -0.076014406 2.652578806 4.575135736 2.155797236 12.758777254 6.040887671 1.679583307 -3.884385354 0.105988883 -0.057207474 2.186030825 2.240811380 5.309549556 3.887807221 -0.859120468 5.792158137 4.179695272 5.170845615 2.895493044 5.765157663 6.086290431
10.621808064 15.813953340 8.114892423 -0.678925786 -0.076413922 0.643600201 -0.344962999 2.555912756 5.353300932 3.395307049 2.238863194 2.642981137 7.686562099 9.765314164 5.901290194 9.450411046 -1.311001065 8.201145443 3.713001429 4.074553456 -0.391355087 6.638393143 3.673068822 4.601431285 1.650163113 5.166303424 2.524880989
11.283086286 14.966163240 12.659214558 0.152151936 0.982164501 -0.083306987 -0.072543972 3.243991432 8.074112052 0.607307703 6.873638308 2.960513322 -3.379063487 5.266668166 -0.720270724 1.390343844 5.846193455 7.054800522 5.310426933 3.149766241 5.528801609 6.043441927 1.487758932 3.289078523 10.689677955 4.940387727 8.682677398
24.022634716 15.578558436 8.251912321 0.690000585 0.407467443 0.574025052 0.168418273 0.732088963 6.734357710 5.723909069 7.999648114 2.899201449 3.723909176 1.919318280 4.760072313 4.422760726 8.259994230 0.505673442 6.958083062 6.867917825 4.906158431 4.850403514 0.158751043 1.067836252 6.546796711 0.509970153 6.494071704
18.904190125 15.840036561 -3.545364408 -0.833510996 0.476458611 -0.139173188 0.242646728 7.103010216 3.854773197 4.003654023 4.803731700 7.565464431 4.709517434 13.523370571 4.534314472 8.675319205 4.793635391 4.426573978 5.606151390 9.340878693 8.099489155 10.847438385 5.239121344 7.664310743 4.438132524 10.027420082 6.409464679
18.873617686 10.493557740 4.914959591 -0.059838508 0.133781198 0.856529713 -0.494852296 1.216610849 5.533123472 5.697762960 8.032951935 4.430303328 5.271469711 5.295921249 0.817426563 4.234211658 4.886459792 5.279742856 1.224777152 1.761391903 -0.506921846 2.594757246 5.373060138 10.351693022 6.396603839 6.381693551 -2.736238418
15.500220564 4.704252299 9.239238231 -0.423057601 -0.263106887 -0.856404614 -0.135529217 0.631474979 7.625187605 8.155877984 5.600924413 3.314426497 3.488868334 -0.153974743 2.043551699 6.922726816 6.230270741 5.486922269 5.391740092 2.723854307 6.164023086 3.567232233 9.027575135 7.027176711 1.048269103 4.480273489 4.334624078
14.739240680 20.457645008 7.392237421 -0.043618958 0.755800658 -0.601620808 -0.254784528 -0.040051797 2.403197153 6.550187436 6.405989664 3.786630460 5.366811302 3.862865197 -1.157535880 7.098716056 1.834190276 2.740921131 6.840694117 3.178698287 1.513469759 8.701338970 5.790255756 -0.969641413 1.729934294 0.467016559 5.515786909
11.461157940 10.775877467 1.962757693 -0.021216483 0.853187307 0.000761262 -0.521172429 7.857156957 3.301115764 0.327603316 -0.172701414 3.697130704 4.847396752 -0.529763060 3.320024153 -0.728821966 5.921092219 -3.620889320 4.845104032 -1.105392218 0.579813434 1.439317003 5.518450247 -3.374562237 2.931074434 10.055377178 3.014836714
23.401898633 15.503966279 8.066812157 0.789434440 0.240452473 0.157729140 0.542307469 2.949131989 4.000420506 1.027753229 0.198487487 3.206052419 4.442985735 4.255918147 9.154885024 2.562971497 4.951104552 3.607779019 7.521745731 6.628763979 -0.506961082 7.186267927 2.460102538 3.735745495 -0.516530409 -0.276971878 6.918968970
13.101296394 19.261734159 12.152763450 -0.332850106 -0.107680107 0.928968143 -0.120971031 6.077909080 3.670812461 4.866440673 2.393849650 -0.563117863 8.818206033 8.351314364 5.265865217 6.313048552 4.365096771 -2.892838223 4.371170103 0.959113311 2.579405007 1.983575073 1.655174223 2.541828861 -1.259569757 7.562982382 1.029471927
8.763454176 12.329483035 -0.065634625 0.661470710 -0.336296783 0.630637412 -0.227282704 4.867931106 1.239273291 7.058019641 -1.605528226 4.481067804 3.946171100 2.329156050 5.414070334 6.396284895 2.562350750 1.683385283 0.724374166 6.248483676 0.965601001 3.205716755 5.384052886 1.252213983 6.070700161 2.826748428 1.653910083
18.396539912 11.158871602 10.649676437 -0.671218343 0.498520756 0.499506017 0.226796672 3.679868281 0.214871576 5.084356410 0.390789073 0.264501641 10.419474540 -0.962861266 3.411334189 4.995616345 7.155400423 -0.221418601 5.234687753 3.199520091 0.322833960 0.886643793 4.392235501 6.593474966 4.908593026 6.934009817 2.647786291
10.203861710 17.234408040 0.996838959 -0.014503258 0.075390119 0.370061428 -0.925829642 1.249736728 2.300611127 7.460810062 4.385357859 4.690759555 2.096813465 2.907450248 6.530864119 -0.621797212 4.383891020 3.446133821 1.935539837 -0.754487229 1.450130591 4.470904105 -1.253154442 -0.083979760 4.043503160 4.240605218 9.303522778
15.799237378 9.310384517 13.124297882 0.020998549 0.225067626 0.942511724 0.246120446 6.895145698 5.552535694 3.479976281 2.703148503 2.924063216 -1.829888170 1.898048475 3.648312569 2.873420715 4.997154238 5.580552846 7.044660850 -0.304411503 2.666497168 0.758643324 5.092685380 7.279199333 3.081312461 9.141271306 0.824575241
21.410129652 12.170901068 6.638592189 -0.671307901 -0.322782932 -0.642476085 0.179948220 0.286294795 6.342929417 5.433886817 3.226486040 5.063812780 6.556108985 3.173014001 4.747642802 5.839196837 1.660128466 5.026665552 0.259798513 5.705797940 7.273322337 7.402212344 3.413577530 4.381033200 5.142675962 3.526395577 5.873750262
13.175694725 13.829320096 12.602620573 -0.380034169 -0.111272075 -0.610406803 -0.686000066 4.228356384 1.980100964 9.211181985 3.828885054 5.279645719 9.501817575 2.410667018 7.989159231 7.395119021 6.557294479 3.355611708 7.569156344 7.638482722 6.401164770 8.542892069 3.967261679 4.719291114 5.760539336 6.341002984 5.200128068
8.328654939 9.348863235 5.261396018 -0.811219533 0.368320473 0.225322022 0.394325862 1.664511815 -0.771628494 4.753757574 4.383438911 2.362187578 6.185571897 5.854948269 4.518529157 8.196452101 2.159111290 6.513259303 6.585147813 1.786780524 2.245418699 0.599029578 5.896276228 3.886921085 0.051592762 0.827827822 4.060078145
17.138594248 19.973044788 6.536594829 0.235301205 0.027977319 0.969098772 0.068543288 5.812081225 1.355004472 0.594063750 3.707514264 5.802328035 3.081726210 6.654314191 4.187507196 8.092563153 7.427166820 3.995803793 7.919820927 4.962083990 3.491343922 1.934893637 3.032956097 8.346362176 1.632022428 6.268072858 -0.907047218
8.364653303 16.114766388 1.759908094 0.729728722 0.095978552 0.511616654 0.443319871 0.459357901 4.900797465 2.311218845 3.269232647 1.250091917 4.448187600 8.668970490 -1.952882163 4.770146399 8.802160406 5.942998090 4.127194792 1.428523402 7.543444479 8.001768207 4.256009676 1.582830172 2.408610329 -1.205908941 2.258895249
18.247450529 8.781602640 0.756291622 0.195907463 -0.872411575 0.269335841 0.357738053 8.562460981 7.494611584 3.260817149 4.874459876 8.243098017 7.178127493 1.269843143 7.920331996 3.093994943 2.793077703 7.382286366 6.867496525 4.608184915 6.780234275 7.218682165 3.014829056 7.415583583 1.197842468 2.567565609 8.575315023
6.225927612 11.754600081 7.299578470 0.612400810 -0.715520042 -0.029298050 0.334870038 3.046822761 10.293727371 0.196630809 6.506085981 3.078745127 3.133640812 4.675271027 -0.263349630 6.385793506 6.722482362 1.320110855 10.534790555 5.122465760 8.789516440 4.190327813 0.389754800 4.575920078 0.440958193 7.897016005 10.076585946
18.024690532 15.242984717 5.113307598 -0.516417185 -0.578528775 0.625603109 0.085079356 4.984705740 -0.535998236 5.257768312 6.655848796 4.637593847 3.878310626 7.397774108 8.032091344 3.415037603 0.129044266 0.552577339 5.653316707 -0.815266115 3.126862245 2.887238337 7.020963096 1.773966644 2.964632915 5.559146771 5.139301909
14.960145241 15.877947865 6.030635769 0.242443537 0.744322269 0.550014321 0.291015011 2.661036329 4.392002556 2.664482483 6.315843821 2.272362280 5.419085122 -1.323330876 2.515326729 6.582699123 -0.016463908 -0.045414688 6.026466061 9.799190050 5.947134944 7.887463732 3.548727166 6.279970167 4.818372231 5.066483525 4.170707978
14.050648306 10.947629504 -1.314505289 -0.155515611 -0.547268078 0.721463647 -0.394718573 2.659096715 7.680435159 7.834288791 1.991366911 5.626919849 6.145914258 5.350967831 6.701538854 7.533611891 4.532174439 -1.003519034 5.900757693 1.826232357 3.928270308 3.959896147 2.905476742 1.518176513 2.223538584 4.898728923 5.906516947
17.897089233 15.229875297 -2.378349449 0.460067198 -0.463928331 0.451356612 -0.607771244 6.509987022 10.605034727 6.512286433 10.176601731 2.503313313 2.424052269 4.229797552 4.491682384 7.977071512 7.522978876 6.670568025 7.249957337 9.223044464 4.990819718 1.371319232 7.092333513 1.837224218 4.617718450 2.800205685 3.735566982
22.055126346 9.561700460 4.923651100 -0.488060232 0.385564611 0.719120771 -0.309842633 0.863692089 11.353157886 5.913974520 3.419640331 1.239717859 7.332763893 3.801688365 -2.350083354 8.224927932 -1.493509187 9.215620803 9.256510128 1.933875927 2.843116429 5.413798136 7.202534763 3.372163894 3.186611359 4.442770782 4.139165053
13.142713911 16.552015303 6.142614390 -0.367645070 0.531742502 -0.053420885 0.761073730 7.451948870 4.922640769 5.312688414 7.592905825 7.213132303 4.361578103 5.351271330 7.384952843 4.624772635 0.961223705 6.168945132 1.547586086 8.258919384 2.959249435 3.823181321 4.283232449 3.401815593 4.724224306 7.558440353 -3.376505872
21.023437159 8.279617732 6.000699204 0.380502307 0.684955557 0.577513429 -0.229198865 3.783433221 2.091889373 7.699231706 5.645238609 3.992753509 4.141129206 2.605135245 6.609535005 6.816576470 7.277234033 3.065582909 4.118390960 4.747733332 -0.305979868 5.291987663 1.992775234 5.879139249 3.233287651 1.538839331 1.730858151
14.925737354 8.274548980 0.888453033 0.285713607 -0.334413261 -0.785013266 -0.436222052 5.168699279 6.895439987 7.958537880 6.734379791 0.387854647 0.927696103 4.912604266 6.450854687 3.987526521 1.429789782 3.976362259 3.324035593 6.735370136 4.749100061 -3.029693874 10.447386000 2.062048687 6.125025053 5.010784269 3.484621136
10.344930448 8.553259841 -0.678591295 0.919493451 -0.087729057 -0.032621722 0.381799986 6.840597056 6.820305126 5.407683695 0.441473411 7.508718499 4.724556450 6.882108428 1.695203543 8.997386631 2.960777505 4.490038033 4.066945920 2.885034999 8.270058197 4.969482740 7.844867783 4.221789174 10.900083530 -0.009279873 -0.473487962
20.495212272 16.400587253 4.655444174 0.001779959 -0.321552617 0.231850610 0.918066469 4.204808183 2.717405726 6.367465382 0.574553202 9.536814939 2.755571322 7.555118825 3.951230036 6.179600468 5.245254865 5.741625808 4.840858446 3.083958531 7.178690780 0.979956278 5.513169846 5.837131767 4.635927062 10.814563308 6.790391097
13.445751585 13.859929281 12.958824284 -0.086322545 -0.192586321 -0.124633374 0.969497524 3.260009724 8.941655601 4.249436238 4.047678100 -0.627192102 1.830623715 3.729107672 6.568400292 12.714834031 7.976737012 7.922990444 2.929903969 7.530421485 4.356602697 5.748726522 2.801525679 -0.016519118 5.867824046 9.066125894 5.030582881
14.529352596 6.758187319 2.946900363 0.893936316 0.013651370 -0.210575984 -0.395410240 3.796340578 1.377656441 0.623629604 2.527863963 7.975334796 2.253597247 8.128051901 -0.240037902 0.206712345 -0.696847914 4.340879512 -0.464590680 4.071309807 1.558852334 3.655857919 3.512027658 1.808463428 7.013173681 3.537818483 4.310968034
14.088738800 20.376397601 -0.756502844 0.684060747 0.286049189 -0.383080673 -0.550895592 5.066026542 0.548943082 6.289504739 6.746428319 -2.582667487 9.947088287 -0.295655001 9.386398494 1.162058855 6.872986172 3.797932445 6.725941620 1.696519704 6.912773392 5.774389257 1.039630452 4.553806271 2.047817220 0.330941244 2.813311354
13.581072743 13.216315240 1.188547362 -0.405950909 0.847658959 -0.340129982 0.031460192 4.986363563 5.105370875 3.226228033 2.132825885 -0.029080647 4.443264233 6.324825384 2.061909613 2.786015981 5.258575886 3.205559091 7.090647643 4.541902309 7.034739443 10.871387265 2.997957519 0.748308793 2.623998873 8.277171028 3.437090397
8.416496083 16.470696855 1.963580969 -0.169005412 -0.832701087 -0.280721572 0.446364727 6.206140432 4.166406751 4.629280483 5.871751280 2.480580628 6.890399010 6.163400902 0.108067644 2.657436465 10.504317587 6.461563046 4.402119456 4.863588207 5.396136864 3.449770259 7.100923369 0.877729786 4.216110572 3.553385571 7.843189984
18.869976583 6.777280647 11.611993264 0.745968587 -0.408892114 -0.483925829 0.205314148 3.552246044 -0.581066434 7.217067757 4.557661125 3.013103248 3.062582703 -0.053451500 6.590410858 0.422452293 2.638916465 2.238322110 3.325023058 0.067592165 2.540828558 -0.565055346 3.795402352 3.249507003 4.126982767 0.790984299 -0.899653242
7.308811494 15.819513551 7.978034576 -0.418557386 -0.214920971 -0.281090740 0.836424944 -1.908575462 1.928431464 2.499593856 2.433084194 3.477284043 -0.121459508 3.768102168 1.828527726 -1.146185244 -1.163312806 5.692229532 1.967407727 1.884363363 3.014304666 2.200084903 10.253982819 6.374943672 2.446795476 2.858008380 3.606962071
15.837851215 15.113784356 5.550213132 0.443938054 0.637748694 -0.093445656 0.622465676 0.187481569 7.262293092 3.015245037 2.213436691 3.037765567 2.180784427 0.226066493 6.348290904 3.394762714 5.844401321 2.068008185 -0.453683436 9.386017800 6.518973525 1.500922559 5.213788600 6.024630225 7.761272346 7.090788359 5.187614171
16.289031141 15.451460214 14.654950268 -0.094231542 0.081340992 -0.239831533 -0.962800548 5.128786695 1.369537323 5.975485666 -0.607100510 -0.834515559 -2.013225201 0.112283171 2.415164326 8.328777413 5.188781301 0.578342946 5.411105863 3.628327318 3.838840477 1.152297224 6.991870104 3.586987136 4.668197436 5.426766579 8.588447436
21.730921643 10.578618266 4.080957020 0.564633140 0.541183995 0.512142939 0.354991424 6.083737526 2.068575966 2.945276607 4.384031085 7.427086655 10.055912824 5.733454037 5.689113732 2.079998648 3.168723666 3.376716079 3.809491247 1.655734445 0.865098667 2.918556389 5.569614050 7.375406693 5.614183809 5.451602290 -1.594267296
14.274649277 10.913769346 14.081663930 0.467443040 0.189153838 0.446986113 -0.738864835 3.018196968 6.280145061 3.520864730 2.668846597 6.855777610 -1.385855890 4.505477370 1.545034828 3.421836760 -0.303761943 -2.992058540 1.209030848 0.749109568 3.208212396 0.812590446 3.589148031 7.929126769 5.305352258 4.042907262 1.105894480
8.608845223 10.797774787 10.388244022 0.672013451 -0.496167813 0.412092086 -0.363861973 8.593109627 1.355165961 4.586458099 2.571025475 5.377686610 3.543401180 2.132526350 3.148583924 6.380270245 8.178445156 4.047724839 6.649932516 7.995741187 5.761510836 3.108847052 8.389990621 -1.119264161 6.068702790 6.398690968 4.587033867
9.143418338 15.091837929 10.743235368 0.859711121 -0.280239831 -0.014191990 0.426803249 4.777234598 3.839595472 4.632412333 2.378249655 7.695821655 5.724773817 1.979533073 4.634731680 -0.818307515 3.942741414 3.834138822 7.497878643 5.739828278 4.263834482 2.211909400 7.815642874 6.781261153 2.037957316 1.463262594 7.612225000
23.473245492 13.414687180 5.866059427 -0.333921527 -0.247100708 -0.862305466 0.289597889 2.668615357 3.953567768 1.294301310 0.330983996 1.152277946 1.357697338 6.008053260 7.999633955 8.592314201 5.808685325 5.191269688 11.046043607 2.346774888 0.841626394 1.298208006 6.213354263 9.874782051 4.512333202 4.403217651 1.992424416
14.674983290 9.972435098 1.227269856 -0.159978645 0.039674782 -0.986232927 -0.013317610 10.494546624 2.390809029 1.832799906 4.310930986 -1.380848671 4.350586248 5.415388559 4.169438399 2.810171584 3.214258735 -2.029482440 5.390885171 4.384495782 0.667558158 6.859245371 7.742713507 1.738013417 5.070451735 2.773191924 6.738189837
10.070204209 17.496149142 -0.258758201 0.366979756 -0.118387354 0.560807655 0.732669822 8.200561185 1.240588906 8.626963557 5.151371791 4.829404722 2.558452050 0.593727514 1.592285270 1.712548674 0.048308892 6.335788779 -2.066750068 5.223910892 1.455610763 3.846955336 3.429907836 3.168691086 8.118011786 2.602151906 -2.304400599
23.350768245 17.336154579 6.720487496 0.451499258 0.066975205 -0.783557970 -0.421544362 2.397973233 1.698960507 5.097136063 6.669793807 3.667177055 8.763433736 1.125108658 1.551576583 2.336289685 7.384128103 8.530441893 3.742711721 -0.768770186 4.346476476 4.343239767 4.317702483 5.321889403 4.553294970 6.934615640 5.482733586
11.411568955 15.094559990 6.352198376 -0.083465933 0.645368631 0.680280772 -0.337269685 7.438476063 9.389658040 2.923664634 0.736116646 2.454690852 7.122352541 8.894007573 2.107605274 3.051965315 7.370097793 8.484725005 1.251402977 0.017800636 5.294896402 5.571886548 8.940031859 -2.794961157 8.591011127 5.862722013 5.815800554
11.179170400 9.057277307 -1.425104923 0.152169604 -0.461123824 -0.595008905 0.640447995 5.112386928 4.655997930 2.368035601 3.107898737 4.884982555 6.811686590 4.214261996 4.825994872 9.049699324 6.034272945 2.594938944 2.564371148 5.856597715 1.174436001 3.589712385 7.869290051 4.237446354 4.311947106 0.842299094 5.304236205
6.929623414 12.898562732 6.391130861 0.984244213 0.053418606 -0.168310466 0.009020491 3.043026628 9.354073896 5.464717767 9.576466288 8.912851951 1.821421049 8.891118798 2.990633338 1.732741224 -0.913154004 2.288423774 -0.701364228 -0.454908511 2.040076308 0.578027825 5.296118243 4.243964143 6.613784662 1.923692175 5.009624942
15.682164512 21.639389118 6.216040572 -0.062709592 0.921817181 -0.305792259 0.229807933 6.706458482 5.998148430 5.106913567 6.835573973 2.260246636 2.267730978 4.395583893 4.296767728 4.237923317 2.813066829 4.586833841 -0.744176976 -3.424587667 4.908942289 5.199588150 5.331641326 0.993778222 4.701684646 6.871474545 4.960742199
17.789727610 15.818358307 0.621641021 -0.544190369 0.781453112 0.231830522 0.198601323 0.643193173 8.015083385 3.878319161 8.679128823 2.993612647 7.416443016 -1.363767127 6.064574035 3.996487843 -0.220977074 5.068098425 3.210876286 3.921681539 8.436477904 4.455332321 4.331881239 -0.988419723 2.513002872 4.304601854 -1.555040899
17.401207254 11.028700042 9.542852749 0.537124128 -0.695665197 0.461351637 0.121252921 3.165701488 4.736568708 -0.493316884 2.940249633 4.228563168 6.572212368 4.073474683 3.270889680 1.498533277 2.262241233 4.231260803 5.423419937 4.642040933 7.447652380 2.342303320 0.761745208 3.686320158 9.697493258 3.064377378 2.776227690
15.734496337 11.092494117 -3.058278106 0.238307201 -0.842246643 -0.237435036 -0.421253930 6.361979694 6.011867652 3.950941610 1.368845466 3.464708699 2.775013495 6.075266142 8.515446867 2.975443099 5.404915586 5.088312959 2.591054188 7.418940715 5.151612386 2.568337917 9.531631496 3.801825821 4.037070429 2.874686842 6.246725717
