-14.544660356 13.161167655 19.580551578 -0.603035287 -0.437663636 0.570990425 0.344628668 5.116000929 3.623474395 4.046262408 -0.526572485 6.632392302 1.607698553 1.425437151 2.591116123 0.730007500 7.548655896 6.341659815 3.052768796 3.162829826 4.549159893 2.512737304 2.184780790 8.200228446 7.204121291 4.064853681 3.624994671
-18.114588408 16.222480632 20.624190413 -0.026060978 0.833863132 -0.210937231 -0.509410037 3.194225029 8.038659698 4.963974646 9.515019668 5.706733979 5.201255287 1.544617865 1.225864734 6.512436372 -0.329692601 3.879913134 3.396258909 3.241985837 2.948594081 2.160289458 6.268505520 1.367248483 3.994789607 5.071474823 5.972987282
-12.615551705 14.994994493 36.275190905 -0.079667098 -0.506111531 -0.499738802 -0.698402034 2.073045462 0.588769774 9.655876735 4.200145908 1.819991068 -1.958210837 4.738074388 -1.047537514 2.923727145 5.322292560 6.346981709 0.523323332 8.086744456 3.191924308 2.347369160 2.795955329 7.972563027 3.506471216 9.244633287 0.532522128
-17.335185175 10.764523017 33.257909087 0.761038417 0.247100952 -0.472768372 0.369122898 2.076003162 1.990542346 0.851702033 1.065154713 3.692356026 4.403313022 4.461055867 3.398150366 5.333653688 6.302723832 0.487551237 6.023696508 3.324302887 2.920774822 5.480066173 6.385872185 1.262986898 4.945165479 6.017892255 5.984987512
-10.697622999 23.590156490 26.855411735 -0.458513398 -0.052216925 -0.624563565 0.630046990 7.322913440 -2.493515033 2.084362303 4.853377780 4.123302746 3.631860386 0.940321576 11.168860519 4.346952872 2.294312790 2.644345014 0.450702346 1.816088258 3.152035756 3.878932426 2.732634935 6.116859026 2.985045303 5.400430061 5.872305680
-9.248786242 15.099087457 29.096834244 -0.424718238 0.800444769 0.420842223 0.042360514 9.728621656 3.093267518 3.787046445 0.693727359 1.782139206 5.813219293 6.807016981 6.237079955 4.117133929 2.171439805 6.661383049 3.221835848 1.283197869 2.484542546 1.382378367 12.151767990 8.743379972 2.201393833 1.977869685 4.540775004
-21.758190498 14.868582140 22.165009971 -0.403605491 -0.279183020 0.410172553 0.768711862 2.096597705 8.226321062 6.794276164 2.321177102 7.417437448 7.974898239 0.149034672 4.042008955 1.839716617 -0.379338184 0.959842242 4.661283411 4.343742300 8.805180350 2.212541668 12.389457514 3.178188676 5.434219510 3.243211825 0.343688953
-9.198466295 23.215029144 30.049034647 -0.061757588 -0.826602955 0.209438626 -0.518699351 3.140701037 3.511284698 12.686626187 5.070886835 6.447794778 4.210011234 1.515899086 4.075286499 5.836603256 5.936132176 11.379018020 -0.874372729 3.896106222 2.727474317 1.166680378 1.363120883 2.353492092 6.514049126 10.902633613 7.371525374
-11.203806306 14.047372395 24.143373234 -0.432416757 0.458805906 -0.511115006 -0.584186905 1.931789961 3.095747927 4.184431359 6.530755280 5.034506428 2.387145611 6.229678812 0.700323051 5.332398477 6.099978854 -0.764643310 2.670778139 8.543882460 4.827501767 1.885832872 5.039136057 3.895843300 3.366483950 3.875664138 10.239310913
-5.683042018 20.869186626 30.343406973 0.581413580 0.467729150 -0.605851764 0.275919065 -0.576996679 3.541112210 3.610783167 0.972768686 5.102898950 6.160671903 3.655552980 -0.624523985 3.404294656 6.588024690 0.860278423 2.038031144 9.293685922 2.997000683 2.248354257 3.305091321 0.201637037 3.633044937 -0.967103305 6.862267834
-9.510402338 13.654966054 30.113632338 -0.191129839 -0.747614454 -0.518178279 -0.368826901 4.724838001 5.886707243 6.540265733 9.094913191 11.085479953 6.882897634 7.777731094 3.077911510 2.701791016 3.080145945 -1.383541332 4.923786287 6.490498438 2.800042079 7.745546532 0.501486989 -0.046969961 7.589037438 3.829218184 -0.152463425
-19.143948333 17.520297019 19.256346962 0.422570196 -0.205900535 0.761669757 -0.445980472 8.266886891 4.671693312 3.659685971 3.423185769 8.233813682 4.057648041 5.282421618 2.847866300 4.095331681 4.642107632 6.297854499 4.874680360 13.014370627 3.169179746 6.843473021 8.893510762 3.860092446 2.536309762 3.855446664 3.337823204
-6.156862706 19.134544258 32.401291596 -0.072585890 0.849739843 -0.347809049 -0.389489863 2.452166682 8.140630393 8.338500990 8.470647738 3.606989779 3.169344583 1.796149913 3.003126479 5.436900421 4.817937763 -0.303495981 0.417511096 -1.012526967 6.845832338 0.325156135 6.796471841 1.488773255 9.750976733 1.321745019 4.256921976
-16.690770986 19.013673296 28.473408775 -0.510977561 0.340348964 -0.133414100 0.777987913 5.586709569 5.623310999 2.848991414 4.931676047 5.758765598 4.713393456 7.254700677 4.127249753 3.502923280 -1.381697759 4.818938921 -0.216337129 7.711521055 8.201874759 4.785569517 3.184627862 11.240233354 3.038430925 8.252700843 0.960135966
-20.071831570 9.833501136 25.082016393 0.669891016 0.333921369 -0.524483059 -0.405783276 4.408753906 7.329141300 2.957144387 3.633189982 6.977640164 1.429137904 9.032108801 8.252126326 5.436357721 11.248155774 2.047013177 3.493688989 1.333019824 6.778213196 5.018630174 5.807718273 1.684304169 3.557705884 9.252110750 -2.140010534
-19.431006753 20.439376469 35.073890210 -0.725019782 0.173722025 -0.666245876 -0.016834679 7.250042208 4.869601969 6.154068836 4.369514785 1.951072893 3.261661782 9.960405345 0.697745815 6.223717448 8.213017030 3.584817851 2.864742603 -2.570992783 5.114003541 2.197592444 2.778043214 2.857517969 2.069388249 5.848448572 3.275972384
-12.872450338 18.393309619 33.223348056 0.960963814 -0.155739856 0.219836885 0.062971342 2.818051230 2.336466770 3.880811245 8.725171527 0.433453903 2.788060261 2.078034564 -1.013488793 3.802266798 2.666884586 5.929081102 7.759555357 0.846722353 -0.057195023 2.241742903 3.939882248 5.704465887 5.309824505 5.278498308 3.508612823
-19.814225642 18.109430148 33.955418025 0.577544242 0.570197756 -0.565224657 0.147777719 3.914908457 1.339165024 5.324946937 5.414597099 8.555528810 8.640647589 3.008813329 10.852179972 9.063364856 1.168995130 7.072131779 5.030842351 5.980294500 9.350656830 -0.169670151 8.718991199 4.839832627 1.645199750 5.616949647 1.898809583
-17.256086464 13.768328179 28.744296272 0.159994498 -0.471834504 -0.587220606 -0.637923131 -0.862986351 1.712593919 4.442266050 3.134821230 0.192923588 1.912826340 2.489734056 4.153079128 1.172721048 3.534773748 5.011969519 3.739530300 9.487636558 0.984287028 1.969125746 2.060529037 4.108463525 1.121613899 2.560604968 2.216631503
-9.291393572 16.975573000 19.853761635 0.310634606 -0.685750417 0.553109276 0.356822974 5.134382082 2.306142060 2.664178236 -1.021887866 1.715150765 6.761611627 1.468848266 1.976099710 6.901272090 6.313802925 3.458038025 3.820773411 8.739857087 2.964760944 7.315095032 6.364149036 3.031170339 3.654604076 6.365666269 4.383166567
-8.047821136 23.738810167 31.660793651 -0.617010082 0.427657386 -0.076021123 -0.656222911 6.271471297 2.522688173 6.708673803 3.213995507 0.220624939 8.173310367 3.374103044 1.953697828 2.675706514 5.212031780 0.400996793 4.632691070 2.490116475 5.156305580 2.317829207 5.835354694 0.534976676 6.377921651 2.844389939 2.236294097
-14.971172293 23.477422504 22.608084592 0.521400395 -0.841294052 -0.041123090 0.136655910 1.091780904 3.847658190 9.429368519 7.225429147 6.303987692 2.719954328 0.724950300 1.761864208 3.493095852 7.857944091 0.978964372 0.190807820 10.695770995 8.502240052 6.633052560 4.807222144 9.188448588 3.584701129 1.350701866 2.872256714
-18.417369778 14.452911244 25.294384904 -0.846309165 0.281915570 0.436381692 0.117709078 2.074198996 5.788977037 1.313394963 3.312113255 0.780345008 6.103942336 6.660444290 2.846645168 5.512599170 5.200906364 2.713173528 10.306097004 1.054544007 8.199993133 0.401077992 2.463110398 0.550527373 5.522914393 7.191134685 6.239277288
-18.200531757 16.079495410 35.395016781 0.437517643 -0.629958615 -0.631691687 0.112676834 4.101938595 4.885619261 8.799565208 4.429645357 0.993870236 2.964301034 6.345076885 1.811818671 3.290722631 2.714749410 4.923257273 6.191195056 6.089827243 3.500017480 -1.806519484 3.146537049 2.321571196 4.324839287 2.421538308 -0.042997550
-21.743095681 24.133908524 26.576432483 0.438244673 -0.282921636 0.847314549 0.099774792 7.734758977 4.724148058 7.638357205 3.191514026 7.303760081 6.764398046 1.823541596 7.781581054 1.565233431 4.100429668 7.064802435 2.473440885 3.934899560 3.425828109 2.973974249 -1.685878048 1.047957932 1.782733349 6.725809559 0.140096725
-18.167046889 13.641055548 30.624580749 -0.075459224 0.130409689 -0.703506089 0.694534666 4.339410408 7.357993524 7.488476261 4.595333020 2.870855218 4.765758043 14.976596112 4.161640138 2.980394559 3.032262775 2.808844212 5.652042251 3.557035372 4.417359818 3.464381253 6.218905534 3.587670883 6.220083238 2.784179144 3.532451262
-18.796513554 14.743084823 21.645095232 0.365890193 0.573781236 -0.030356444 0.732105147 4.623784697 4.018394656 1.632501246 -0.379032989 3.852280029 3.332799611 5.720355460 9.953491639 -1.120372142 3.868184726 -2.202663816 6.783601480 3.590304332 4.767535813 3.997981555 1.524500203 4.108288825 6.880109052 7.561776812 2.328573297
-17.600591623 9.712492724 27.268550261 -0.688424288 0.093980841 -0.434819195 0.572862871 0.949859871 6.697770911 1.603388291 2.622153203 1.934940311 3.143931733 5.789280860 2.536844683 -1.013443761 7.608453091 4.705176720 3.172086528 3.641769732 1.469551632 4.875623237 2.668640234 2.888362574 7.611077984 1.619282977 3.867455033
-8.031561810 16.787920733 30.355848201 -0.585041636 -0.012371051 -0.588478606 0.557912334 7.000206125 11.785126475 6.584565725 3.421324465 5.714378210 -3.373674242 4.603588530 5.077229163 8.185210650 7.767792546 4.953118851 2.598360390 4.550963896 3.202375334 4.975513571 7.347710840 8.647963535 6.440916872 0.169469685 4.133033393
-9.973579694 9.744849341 30.591664263 0.479996030 0.772852745 -0.300136221 0.286741512 6.151793070 3.495596752 6.924080119 2.957392905 7.503818853 4.611736826 7.648129087 5.494078761 3.669821848 6.788197234 3.692462945 3.395488690 7.515845076 -0.713340339 5.874581044 1.302288929 5.731786744 3.257017973 1.143698063 6.652757688
-19.422543374 23.068242129 33.894313668 -0.286347407 0.025902743 0.651823233 -0.701755429 2.671513279 5.699432353 3.682699389 -2.093442894 7.163991429 7.805317516 2.915518293 6.166562450 4.057341093 3.307168625 5.846106749 -0.717919288 4.729483010 5.747903672 -0.236760628 2.872866448 -0.251002573 3.950465261 4.890877447 3.252410183
-19.285629959 14.386840419 27.619292761 -0.275912970 -0.453505965 0.736599755 -0.419076573 0.798212602 5.542221405 8.576291159 -0.323317773 1.643461552 -0.988591467 4.826547786 1.554989061 5.878652638 3.446383425 2.114678000 5.472589718 3.920431565 3.718235735 2.186637334 6.639292880 8.021219855 5.601903264 9.190968779 2.632691738
-7.516266363 19.505352479 25.317215130 0.220239918 -0.557222689 -0.403574726 -0.691465612 5.348982238 6.374189581 2.660701699 9.462813586 2.891790898 1.517897177 -1.760033873 3.676523338 1.953834173 3.294737256 8.240672490 3.601062123 3.750184851 6.195237656 4.559692478 2.061106078 6.223369906 5.250433920 -0.185641862 8.594845131
-8.128937147 20.750268738 27.710747255 -0.099334316 0.200436740 -0.682315002 0.695991412 4.116720971 1.479095936 8.311224922 -1.366444285 7.523969053 -4.342751272 0.255860949 2.695949192 3.397157164 9.462825793 5.714576716 6.792091826 11.041834898 6.489390535 4.436481189 1.420244174 6.156241013 2.155553650 7.928339857 -0.037415267
-21.876971759 12.811178672 31.719846721 -0.946068656 0.162771080 0.105728920 -0.259385946 5.903680264 5.274681277 5.727521791 8.421502057 3.926486626 3.524834448 -0.044922763 8.939048341 6.675820851 6.940353395 5.213343079 8.157137197 2.006986253 7.957733077 5.268117934 3.142480473 3.713966641 3.254034844 2.796965299 -1.246292574
-6.661447988 17.379783670 30.191643880 0.042703039 -0.049948260 0.056846845 0.996217877 2.808378692 2.653584466 1.896246882 2.692648941 4.681829248 0.011572592 4.283839722 4.661182287 0.955533932 4.494083050 3.893516400 6.618990061 4.099160670 -0.435911984 4.667579373 -0.199680810 9.720995170 1.984530948 4.311139216 4.532849676
-11.817162751 18.049087354 20.453973074 -0.234366557 -0.210474879 -0.867430273 0.385145900 2.158726618 3.628750189 5.129904735 4.055941851 10.977109123 1.323307272 9.031753535 9.410511462 3.465858694 6.954161273 0.742937470 1.662550653 2.441956906 7.715480295 8.336967393 1.610906469 7.377844582 8.744345531 3.472338496 4.187607470
-15.067986158 18.324024635 32.931178775 -0.265443699 -0.685556763 0.336826275 -0.588302327 0.283400351 5.525172508 -1.840267487 6.143723030 3.098205452 3.756181463 9.176427771 2.496955111 8.439544009 4.729591767 8.158092362 -2.823815435 1.772102055 5.950750368 9.613407081 4.727127275 -0.384554674 9.230962246 0.759835058 3.196615727
-20.320992649 17.899187831 19.783450702 -0.466209390 0.324692367 0.094392004 0.817504630 -1.403966029 6.028896687 3.907501858 7.075916540 6.732891389 7.821449672 -3.124456887 4.692804164 4.103621232 3.178200771 7.231596202 1.015002219 1.800761203 0.356195162 6.618996276 1.438970792 2.382843355 7.275190993 0.843197312 1.304013132
-18.402956159 10.748185069 25.026923612 -0.169032409 -0.060554269 -0.532764808 0.826996303 3.636641098 3.621040332 4.835158087 3.725053194 4.665242189 -1.409941280 3.757378513 6.423688401 4.807859793 1.805679989 6.928365754 2.270801858 12.444527691 2.126838643 4.027493269 2.246255764 6.906649021 3.672818148 7.099952591 3.721540797
-20.685460145 15.086871827 24.516625790 -0.833898638 0.146131467 -0.159428329 0.507780725 8.787849820 8.595678620 6.750215117 6.235129138 2.827998709 1.341804266 4.111759024 6.304234486 6.080023078 3.153331273 5.683594664 5.255230626 6.416023490 0.953607887 11.201728829 5.714396705 -2.210113804 -2.953249220 0.249352642 1.897211690
-17.961540386 17.175240843 29.044203154 0.287593379 0.524489743 -0.759783270 0.254813540 7.127684242 0.930062851 0.629013502 0.852585765 4.170844268 4.806729273 0.660585205 4.661961441 2.119810355 4.142923025 9.327120828 2.593711578 -1.637520306 3.047383271 5.680701694 -0.312943605 1.547468755 4.624602345 1.802257311 3.586381452
-16.287923241 19.725921508 35.214191941 0.051390907 0.686634310 0.652130894 0.317202768 2.692264474 3.121275144 3.976269138 6.014678371 7.370523614 2.931530498 3.650811636 1.429388116 4.739346743 1.416230910 3.852542432 4.755598784 2.163703350 9.719616254 -2.652482458 4.646563594 5.908132612 -0.564706207 3.946656645 -1.164777634
-10.258915804 25.652543556 30.151744022 -0.612634542 -0.629606107 0.477759028 -0.004623625 3.247960214 4.009849676 8.105317529 6.458435440 4.494399268 6.301571871 2.703348097 -1.268783507 8.812960405 4.239432914 0.713014728 4.789298188 3.139914429 10.183725708 1.570255066 7.468093641 0.276736490 -0.072559840 5.915474922 5.824590521
-19.288041896 20.697862331 33.739830858 -0.867183015 0.085956779 0.460902416 0.167851165 1.059877443 6.738228525 6.456671814 2.802120764 7.869030466 4.343408141 0.386606390 2.522105862 4.375285113 5.140689113 5.894553177 6.762968140 3.171805315 3.614957110 9.139116379 3.979818265 8.719244382 4.645107721 3.651194707 5.221678088
-11.851731023 15.560808151 32.359339761 -0.601154674 0.100178752 0.328152754 0.721729205 4.010926049 3.489647081 5.920327806 -0.833376407 5.081496834 5.037314270 3.113602645 2.179658015 7.738335958 7.490817933 -1.104760133 4.082624722 -1.672532802 0.734798405 -0.632597665 1.675441818 2.269601799 3.079503038 3.661091753 3.004741692
-6.877543575 22.801756035 31.397949721 -0.323760593 -0.544707765 0.721942153 0.277978517 1.143075083 7.301565853 3.857981712 -0.775668843 8.189343215 4.450182108 6.601923823 4.945243297 8.480910298 8.451476511 11.417345229 4.536716622 0.302079150 5.707824536 2.309385772 3.549000301 9.310488463 8.480434643 2.870662070 -0.273193834
-15.752963037 24.921738350 34.387886509 0.623094612 0.160549646 0.085671106 0.760682179 11.738697474 3.829900056 8.896382125 2.623371358 5.835851606 -0.713368063 1.270642350 6.348606249 2.762897479 2.466341188 4.120107050 5.845607100 5.774625382 3.069665763 6.763779369 4.089480791 -0.564273224 6.301730103 2.113484374 3.785282045
-12.574710823 20.840377768 25.079027419 0.221342094 -0.402272549 0.109272886 0.881614377 5.847293381 1.949795401 3.942636528 6.717046128 9.058017524 4.160148975 4.145745158 4.049787388 6.976322863 1.518111356 3.905819442 1.904593483 -1.044484962 2.270752150 5.468849802 3.460827091 0.888684197 2.423342383 -0.288973187 3.291193074
-12.026142053 19.010434077 26.899202813 -0.490026760 0.250312718 -0.155339989 -0.820418677 5.087897338 7.542461501 -1.510899397 2.904154759 -0.024407709 9.299953542 0.469413405 0.443956424 3.084864754 -1.640688471 4.708117397 0.093907293 3.680191363 5.976705905 2.244332097 1.742760004 2.814411125 2.266727960 4.784297044 4.652560821
-12.559705145 18.637704176 36.535050350 0.679471279 0.437685401 0.159658692 0.566797470 -2.707182843 0.046874297 8.038305688 4.791036286 6.715242040 -0.766938795 2.146328991 3.720261655 -0.933648758 5.030197700 3.568786028 6.226663734 2.809807074 4.380643036 3.920355809 1.573323643 4.671111921 7.150742078 -0.228235941 5.355174037
-17.468087784 17.969437225 27.012623950 -0.561481770 0.059161080 -0.748624146 -0.347563055 6.220255363 5.031605765 6.527646836 4.240965043 3.937896638 7.111789936 5.595276900 6.140384693 4.638820462 1.458548385 9.527596110 5.576334194 3.026846367 9.471321259 6.170123668 4.015508850 0.884438276 5.448181972 2.014145716 1.690641205
-15.428536888 15.746511378 23.099164257 -0.079186998 -0.293713427 -0.351425718 -0.885416177 6.006682624 7.065620598 2.278099097 1.790185316 0.660375157 6.857777347 4.283830532 6.242863446 0.393647016 4.150820338 5.523090114 4.490351972 1.919824422 -0.000595065 0.395897653 5.631842889 -0.378311504 4.502428210 11.510948515 -0.955507803
-16.093987955 14.778579480 19.863658299 0.112144491 -0.244220045 -0.962546039 0.035851168 6.311481193 3.628197745 3.170887936 4.300104069 6.296668712 7.217766237 3.040473310 3.360890308 2.681885676 4.598206143 3.784740337 6.934149758 7.849821314 9.185920226 3.000367401 6.906466632 0.509787338 2.517362884 6.822159832 5.175026881
-10.563880713 24.209077744 23.815364220 0.644562102 0.581253084 0.425262577 -0.256585832 4.185335221 1.586611025 4.895030942 2.449304246 3.949780993 4.257865375 3.736536018 2.587023004 5.157523235 -0.552882162 8.594555927 6.780286530 8.131613818 2.924925594 1.414123918 9.282946951 -2.167842133 5.196937990 4.827177685 -1.317918995
-22.637419001 21.031122766 28.369862003 0.072442527 -0.465148725 0.345238717 0.811910692 -0.229539027 9.092054923 3.332074295 5.272407949 7.051816787 4.682728524 6.990081908 5.386279781 5.280402919 5.760612499 3.260022103 3.022054630 2.297093309 -5.584297547 2.685935657 -0.329947212 2.871384919 5.736787006 1.657965999 0.713779675
-14.646084430 9.104859920 29.695043791 -0.887574086 -0.202745412 -0.329151480 0.250531123 2.453217466 2.635601606 -0.308343205 4.963586119 4.221628101 2.789320676 -2.141754823 -2.216040720 3.410889744 4.412726082 -0.652160803 2.273763136 5.304376501 7.277553755 9.983281528 -6.108737077 8.156168969 0.911394870 0.560553401 6.407873879
-14.649856246 17.681938664 34.228680359 0.716023401 0.279767296 -0.573012807 0.284072301 1.526843306 6.860172621 8.677368408 3.043029426 -0.338797673 5.980702543 2.944598151 9.192115795 1.566515616 1.554666738 5.462438599 5.765405078 5.069431567 2.216788655 5.416963384 3.675861767 1.332480407 3.419458370 1.013573133 2.636969177
-19.182326669 15.849258290 31.576421225 -0.282896119 0.486473214 -0.342650828 -0.752265916 6.405462104 0.865688009 5.046066982 4.965893153 7.453148490 10.139066917 3.890620509 2.263545779 2.103172459 3.723671509 2.854068930 1.455401111 4.315292587 6.991093647 2.042897655 9.141938763 -0.859833203 8.510033373 3.107913303 5.298867288
-11.711243835 22.616545250 30.871189095 -0.477124074 0.282340855 -0.449878040 -0.700175698 3.672957250 2.748356950 3.903388639 3.260969299 6.101225907 3.264646639 1.564643350 5.885396645 6.294077248 3.575212016 11.247147948 3.048180899 3.044156674 1.143601522 6.727451115 3.489392830 1.722256563 0.546710028 1.876441691 1.314573349
-13.187319554 12.152608543 25.943417205 -0.183836751 0.179198373 -0.349426406 0.901106641 3.911960748 4.071269992 1.438106961 4.003928968 2.849156641 6.483519531 5.158816619 2.162321894 5.499575902 6.381278465 6.816132300 6.568875120 0.492889351 3.172966411 2.739962255 6.042017578 0.553793681 5.534174291 7.397994298 8.493814080
-20.652975773 10.680084307 26.507451806 -0.443891425 -0.017662905 -0.742068487 -0.501978870 3.319329021 -0.076496538 5.901752681 2.180904475 1.673079161 7.397646804 6.075417804 0.719318632 2.595838279 3.309889645 6.710961945 5.999702510 1.195060202 10.301387937 6.109005966 4.048476513 5.411971620 1.961032395 1.803600411 8.328696207
-17.751860659 20.960769953 20.725142919 -0.014982997 0.376769026 0.744631123 0.550767738 11.134105607 5.472656499 4.973187683 3.017765189 3.714511484 3.078091852 7.877024763 5.706889014 9.760609501 5.975331726 0.678926240 0.937131255 -1.279104931 3.422636744 6.144766202 5.056859891 3.674681805 1.776502309 6.412718964 9.842793177
-12.615847783 15.763917156 23.946948080 0.609920157 -0.421016183 0.651953995 -0.160308338 3.623866912 9.832517237 3.994892914 0.256183737 6.675417678 4.664878592 3.945232286 3.176030288 13.933530066 5.481990964 7.711113395 4.352790598 2.574844168 2.732458908 4.326721775 -1.130488670 2.188446218 4.114500392 8.411990014 3.429825788
-10.279984353 10.030260230 29.915483655 0.501468164 -0.113093001 -0.814200644 -0.269846189 3.986999967 8.580530402 2.295468607 1.343406214 0.939996296 -2.217560990 3.694728252 4.189669394 -1.707604948 4.868579023 1.634447151 4.694217423 3.268733258 2.718790288 3.575455404 -1.302348934 2.260417955 -1.218919566 6.183149934 6.100051200
-13.078351933 22.519214572 20.498093747 -0.566798184 -0.268017153 -0.766751551 -0.137835714 1.647223001 1.813059599 6.763037973 9.263868255 3.174071219 1.680152776 -0.991586723 3.813298918 4.007179209 6.101974626 4.540886457 0.106192539 3.356356898 6.775859942 1.198096308 -1.685401728 8.815401323 9.292585544 -0.225710874 3.180021201
-21.450426237 11.402506147 28.298226813 0.691423385 0.014308534 0.052966956 -0.720363429 4.658810635 6.759616176 0.078913473 1.605303721 3.486782345 -3.936634066 7.561038869 8.320285236 4.338011973 -2.006126691 4.218267675 4.318165622 0.645169179 2.362496222 8.278856183 4.462459932 7.278905554 7.040898979 5.324082208 0.514310686
-19.653654337 13.862480637 22.355754744 0.679817426 -0.335082670 -0.224707919 0.612433035 6.038542197 11.872069901 4.491245583 1.996566340 3.496630411 0.585558766 7.289594899 2.645728734 9.038082301 0.872073055 6.201277158 10.981978688 1.732921384 3.482341539 1.006933209 1.439073812 1.477947679 0.106019604 2.834756291 5.484026201
-10.424205135 24.261961599 22.030518417 0.315171502 -0.475597249 -0.170752819 0.803316660 5.187221878 2.836088992 11.422229943 4.498788048 -1.201395002 2.982530639 7.095111862 0.706113374 6.909544940 5.443921055 -0.205117356 3.592196544 6.893370047 7.894041428 4.060638922 2.080348294 6.738755114 7.603447487 7.972222802 7.380604149
-11.225624093 15.321529113 34.859909463 -0.508334575 -0.180481837 -0.590029587 -0.600739005 3.311939160 4.628972047 0.044589498 8.356539497 2.109230643 7.337537035 9.044450071 1.340693017 2.377904048 2.509295997 4.340143474 1.471090249 9.383033544 4.126977798 1.017266198 6.629418889 3.909235954 0.055959459 10.440588155 9.410667273
-9.411597463 25.880159347 27.670316665 -0.543638663 0.554075189 -0.493765742 -0.391986073 5.424867680 4.970042835 1.926519088 3.541327381 0.897901428 0.341467417 1.240785846 2.947977569 2.942688472 -0.003185004 6.636461091 6.311296634 2.870993741 5.542670828 -3.025717287 8.549825261 4.087702425 4.619653787 8.497817457 3.268990310
-8.435250345 12.254379639 31.866528475 0.949873883 0.311091376 -0.008835836 -0.029726926 1.808542205 3.740854241 0.805718302 7.589894758 4.746349620 1.881070979 5.139688047 3.166547150 5.805578107 0.075040583 6.481063442 1.320488327 1.180858889 5.854133304 1.669431265 0.094510919 -2.195376077 6.205428978 6.751373285 1.822745156
-10.009371868 10.874022539 22.878837342 0.833436409 -0.046989533 -0.365768626 -0.411569009 5.616982748 3.788429949 3.897872449 3.331827962 5.347355681 2.939897863 2.172309034 6.727902171 3.931202909 3.772260963 5.283590252 6.316999360 -0.428689519 5.388367520 8.948763931 3.232603620 1.503841335 1.943049518 4.833915885 3.177262631
-22.907768317 15.575475131 25.884467707 0.425866675 -0.379360550 -0.788743350 -0.229362326 6.065224725 1.553381144 4.332968754 1.865439104 2.750562891 4.265231880 2.236387551 -0.443308584 6.635067131 8.419259784 1.130200313 9.376393077 2.630027925 8.127631593 1.816994577 4.760950931 -1.279537120 9.263280780 -0.924335795 1.270701772
-17.967592624 16.984622732 24.267222756 -0.230763344 0.140589778 0.810006130 0.520454478 2.835962304 3.003309964 2.892527719 8.550672480 1.389109354 5.247299485 0.678574785 6.041198507 11.304477641 8.310426090 4.428637467 -0.006754651 5.670470105 3.624970712 3.034808499 1.951183970 8.574073630 10.226247155 5.761133604 11.405984957
-15.048971632 18.254021906 29.367890293 0.635690028 -0.443531685 -0.627306282 -0.075263950 0.555746014 3.279716490 1.047177417 8.281060710 4.617511864 7.170647758 0.209367665 4.738071571 2.416975208 8.176020500 11.057733776 7.308458664 4.432004922 6.061618786 3.426787229 0.824825958 2.518411847 1.032593558 10.519989471 5.629560827
-10.646437596 21.014791954 26.665292441 0.737229494 0.434729121 -0.165589023 0.489983205 5.609318540 4.009029426 8.542655273 6.866191594 5.328395402 1.583897568 4.815576233 8.458623583 2.265459474 4.229174637 4.519333756 2.052559947 2.007576366 5.053820831 10.729397333 5.282482212 -2.039513875 4.043779376 2.617534338 0.973391596
-8.726427235 16.792467253 35.705699672 -0.354203019 -0.417640444 -0.231016352 -0.804206519 6.747641507 0.793309944 5.498977924 -0.037855881 2.942651528 6.216432944 5.362039620 4.685600664 4.265027109 3.156797664 8.517888752 3.325662928 8.094918905 1.049534923 5.899102959 4.632466038 5.231387628 2.367340619 2.294250123 1.047053964
-22.209720805 15.111334099 22.624850349 0.393841272 0.764430901 -0.495043821 0.124362635 -4.420466868 3.209933570 2.280755404 -1.014050629 3.018251910 3.739951077 5.565277658 0.834894230 0.899076093 5.857023385 3.554482081 -2.672203342 5.720125231 2.240285332 2.175306178 -0.296965767 8.639712929 0.570868529 4.903666161 5.986050047
-11.697736716 11.342154394 22.358049072 0.131463533 -0.563488443 -0.474094256 0.663651076 5.164588719 0.732038423 1.176425832 6.192272970 4.368240498 -1.874979909 3.882963252 2.944490905 1.809737191 -0.037303920 2.379356188 6.374561842 7.026009168 5.108950487 2.205743626 5.154143316 8.211365952 2.399578286 5.449784655 4.182686822
-22.119668982 11.612960848 26.812876848 -0.601738627 -0.081156326 -0.746610197 0.271840926 -2.314532136 6.660421133 3.802441095 0.764996616 4.641043372 5.978321185 7.430088170 6.251511211 1.131843210 8.893685968 -0.033212652 2.860646870 6.913612782 4.008239950 5.892690106 5.703991277 -3.592689142 9.781163644 2.708118078 3.586847978
-19.926592423 15.163392736 29.496390202 -0.662999698 0.621038353 0.286871405 -0.304051905 4.308969493 4.917371349 4.976823052 8.792004484 5.544760551 4.869189169 0.699453584 6.649926537 5.906312866 11.583180320 4.716357895 3.036216892 2.940181023 2.880007525 3.923423437 -1.907330753 4.534656391 4.930666015 9.458440648 5.562117874
-17.154731743 16.188753482 20.321586541 -0.184639311 -0.610785480 0.748676472 -0.179813686 6.820695454 5.521962320 2.281997682 2.104687922 5.697254031 4.071530213 6.728857057 4.626468587 5.487701266 3.732337519 6.732344962 8.729655281 5.596687011 0.489061085 8.279505302 8.556636170 7.626914306 7.563928448 3.384038465 3.126412333
-12.980929174 18.414325945 30.920248578 -0.064468128 -0.750814533 0.603475831 -0.260649802 5.003625332 4.991706910 3.915637510 0.597300033 5.374873860 5.638960535 11.799505871 4.883108550 3.234565670 1.767648583 5.109401363 6.674949549 4.147611581 6.074785581 4.031913210 2.888799565 5.763661796 2.073546013 6.967479073 0.913480634
-14.274430240 11.829705334 32.113844410 -0.452924776 0.871334854 -0.146713664 -0.118784769 5.459318741 1.708093265 5.214116172 9.972191536 6.971560009 5.059863925 5.473909533 3.512052016 0.222491392 1.394245469 3.713198793 -0.940537635 0.365501421 6.592272613 3.073285724 3.465201746 3.985543904 6.319608537 8.696672968 1.086247197
-19.868868844 20.583574922 35.356516989 0.179254769 -0.414136109 -0.867380489 0.209785839 5.248937793 0.066666897 3.347801810 8.401438098 8.465770667 3.343187232 3.128353812 6.274353143 2.094930455 0.859343340 0.534949634 4.036190267 1.175368028 2.039216534 11.084372996 2.985741454 -2.012694736 1.801171476 7.658228517 5.384719576
-9.244672795 18.027401147 35.443638465 0.510795851 0.660098175 -0.294247439 -0.465592572 5.291902330 4.415758051 -0.867688887 8.442913282 3.768574091 1.468658962 2.508065436 10.337599595 4.228539538 4.340087580 -1.384352208 8.441084236 3.050483423 3.114469304 5.538085431 4.818801407 6.905789574 6.252267511 4.091879964 3.730235320
-18.382321708 9.726542110 29.591638608 0.410796704 0.890079215 -0.127293361 0.151001517 1.595075407 2.844129451 2.515989293 1.730237319 12.778535269 11.725620063 5.524822021 0.634963682 6.667893063 7.110097626 2.460725305 6.369536877 1.178504843 0.439825978 4.751160294 5.994244669 10.443755999 -0.951633125 4.252964720 6.045862056
-10.327951324 20.178604708 34.615102381 0.987678300 -0.086656943 -0.022842244 0.128298017 5.623787952 2.951674744 5.342275169 3.377554028 5.020899934 2.367292096 2.835710580 0.456455277 -1.059409225 7.735670880 6.082801321 -0.873261479 6.905870202 6.476339076 7.273857302 3.236318151 7.256534597 4.800750444 4.473766122 8.919598417
-23.189103894 14.374038590 27.200970739 0.988454066 -0.091528744 0.017954744 0.119409695 4.264631804 4.474699472 3.270444111 5.129030837 3.663938480 -0.040456853 4.983707546 3.387702469 2.243467107 0.566755601 0.752362280 3.178289980 5.615207199 5.183941776 4.849153228 2.372216110 2.626260559 10.167203803 -1.275450434 5.517336425
-18.955176669 22.174458106 29.529116766 0.466690554 0.261059060 -0.640796023 0.550843490 5.086087701 6.406314175 7.087991101 0.304970281 4.037277331 7.593684614 5.340745754 1.666218599 6.259299298 2.625027889 7.065593627 5.134790505 6.192126386 3.585340082 1.606832039 5.622735066 3.710350650 0.985705020 2.700859668 0.494665014
-7.507817401 23.620032100 25.782374125 -0.207834393 -0.546102022 -0.350032987 0.732157329 2.404414640 6.564037769 5.125762659 2.798639978 2.981647336 5.149046252 0.944982344 3.719978876 1.158062775 9.734113842 4.351748377 -0.234922472 3.936375868 5.647703904 7.615273572 1.029054870 3.168885644 6.651650341 1.315615612 1.396105351
-10.302655732 15.323462707 22.206274029 -0.448875676 0.098991777 -0.632344154 -0.623580088 3.934505371 5.840695965 4.854187397 3.842986000 6.637228997 8.612271963 5.732280646 0.881317938 4.678811468 0.091510620 9.108157353 5.856779934 4.334867372 1.545595934 -1.613472116 1.218492396 6.569762445 3.869469123 1.730818160 1.398390247
-6.578830753 19.452070043 33.218279575 -0.767486559 0.210407112 0.263230313 -0.545346708 6.465607727 2.567404346 -2.098092996 3.334553821 3.939647777 5.458404745 6.795229416 2.908162816 7.478538380 5.576767396 -1.489960447 1.589840296 4.963096925 5.195386754 10.391525534 4.557884242 4.302612893 7.670833556 11.067691921 3.635742073
-16.165866644 13.141082752 29.855548695 0.210847274 -0.166745721 -0.635577726 -0.723726638 6.498182004 5.488020362 0.601479941 4.426390832 1.966175441 1.761201717 -1.435295940 5.790070698 -0.126995707 4.989372050 2.801186556 4.296134778 3.614248474 2.155447453 4.052116685 2.813411597 8.431603144 0.217059041 6.046807208 4.861589849
-19.003730471 12.958901217 31.822177225 -0.519037357 -0.763329014 0.364799269 0.121862758 4.321579637 6.845164667 4.589572202 3.290434781 5.169537623 3.054043220 1.802637236 3.654348936 2.130424950 3.825670549 6.805644116 7.207467661 5.627586384 5.631283132 1.041937587 3.389238582 3.451883169 3.172483923 -1.997113118 3.575706734
-15.589697250 12.870297444 22.622361793 0.572514342 0.555342858 0.595704888 0.094643138 3.471487900 3.393118993 5.708713057 2.654891064 6.128085940 2.981916846 3.776903597 5.024759052 -0.431055043 6.041246886 3.759510388 3.656179084 1.600328626 7.927895414 3.454921226 2.214856051 8.524309630 3.394007699 6.523229082 -2.623995450
-11.942249669 20.072393241 23.894953118 -0.474671232 0.242768390 -0.379878564 0.755938494 2.410629801 -1.347103704 7.941322402 0.933964309 3.664938441 6.264356237 -1.243848507 6.477483163 5.454703214 2.345136156 5.141192380 9.444532239 5.885359422 1.668117953 6.946209716 7.167465498 7.000060288 11.557155226 7.409160830 6.492718279
-15.289188549 26.669418858 27.550236237 -0.108354999 -0.245825706 -0.962916994 -0.024895374 2.645971904 1.634984454 8.245141789 2.301236957 1.143896206 0.206828658 0.739846604 4.585343674 3.911080027 4.237281820 1.265617067 1.578947040 8.638343724 7.631866280 4.217331354 8.887512850 9.696446674 5.841067836 9.498834883 3.994026425
-10.349981403 11.557573674 26.250325823 0.506321320 0.731573734 0.154639094 0.429564132 5.827550277 5.808870339 6.535359565 3.725800043 4.741615191 8.923082701 -4.135671454 4.398870135 1.422179977 4.304567293 5.323999876 3.013807844 3.460352491 4.839043328 8.393112517 2.691301279 0.391194136 4.572045915 3.287148142 6.112745695
-16.590065862 24.930017044 28.802465657 0.312456462 0.370532053 0.519960126 0.703362229 4.519489028 2.077784856 2.189985075 5.280002789 3.053180320 6.483841524 5.422154625 4.016813343 4.646609980 -0.284450514 3.766899951 4.619137749 3.002387366 3.269576384 6.303652053 10.056497520 -0.480607801 4.143875925 4.629019296 9.444086211
-9.358579872 18.872916077 22.649386185 0.470453048 -0.400991713 0.356144074 -0.700743158 4.869670431 9.529341183 1.493359729 -1.100535426 1.364773181 1.171109978 2.068593466 1.476512677 5.176358724 2.466320178 4.666345932 4.079931338 5.696033926 3.950282895 3.903997995 4.565370858 5.306156433 1.957237597 2.541704705 3.742642043
-13.287545678 9.605586371 27.846387133 0.421498116 -0.458758893 -0.475773675 0.620901785 8.949919364 5.147304474 3.129513527 0.680651974 1.153456399 4.706939066 -3.032892916 -1.680719830 4.437491146 3.441943292 0.593278732 2.594722137 3.112011774 1.706333651 5.069261313 3.427072302 7.080236198 7.222346596 1.325096323 6.882054087
-15.826902680 11.088700247 23.363909579 0.733290278 -0.513327368 -0.436392262 0.091335506 -1.444196715 -1.172733818 6.203504545 2.269150997 4.930311381 9.408508248 4.020123575 0.295513021 7.275022730 7.288328495 2.270806549 2.387895411 0.977302479 5.967965531 5.632056636 5.638596805 5.318662657 -0.912043293 1.597577472 1.539143413
-11.664539853 16.302228451 29.341578576 -0.296808218 0.164745691 -0.167058802 0.925664678 9.044396660 1.261497093 8.551161290 6.176222588 7.908249298 0.434023235 0.326047367 6.179534288 -4.203903517 2.363735717 7.159775559 5.848938175 9.067789012 6.376333721 9.629976353 5.711154362 -0.076172450 2.842839504 -0.108445048 0.959110426
-12.668962817 17.502859791 26.974223229 -0.202619389 -0.336771188 0.199353743 -0.897657304 4.126855148 3.436124674 3.812625733 1.939181198 4.833937408 3.352994404 3.567453005 0.304396711 6.308261024 -0.645219470 3.227011062 5.869702903 3.066493871 5.729667608 6.681257852 4.800558636 0.282413452 5.096936466 2.260431033 2.943563273
-17.678577734 11.312014811 33.255340515 0.247157790 0.612624741 -0.060779787 -0.748271188 5.804670124 3.789241165 4.285287421 2.035300742 10.223591133 2.688599084 3.264748252 5.401911213 6.861805492 8.669946666 3.733015119 6.275981985 3.693946517 -1.347256584 4.974930406 5.843796674 3.574962339 4.073257029 3.943712455 6.073092676
-15.387893822 16.771723628 30.139314455 -0.210719417 -0.686881672 -0.413674588 0.559163868 2.714257285 4.224929660 2.369653665 3.110093779 5.268003048 7.242539440 -1.646826899 5.253963216 0.260851842 -1.944915792 3.490616262 4.581129561 6.738199717 7.272834404 1.105730543 2.586532839 3.435226541 5.230197902 6.712913580 0.619420342
-8.781505762 13.671593591 22.818250396 -0.462111801 -0.819525923 0.061899343 0.333164248 -0.723518165 6.567846085 5.751732507 1.222384601 1.975904711 5.852661995 5.062813701 4.565925980 3.795540898 3.686562279 3.704134660 7.116588523 0.093404955 2.704944501 0.982868120 6.278410508 3.486516796 3.609560386 4.420901855 1.127404845
-13.280934346 14.713675020 27.407593895 -0.667791106 0.139209072 0.335360249 -0.649776405 8.324636938 1.382599120 1.321363345 5.977405016 -1.866268417 7.130632359 0.574927925 6.641476605 1.458242173 6.001251620 7.245326035 5.298460163 0.795400853 3.354498049 8.978087420 1.285842008 3.344704443 2.066495722 4.887284462 11.448201240
-14.889677218 15.157336597 19.865964886 0.772520804 0.593795318 0.056073884 0.217886316 4.204268722 3.363162911 1.851050438 4.030330084 0.603312896 8.453905300 3.600998734 4.536063513 2.348637656 1.969645417 3.053568288 1.238314684 2.578744780 0.248813981 2.288381936 4.178729425 0.459767994 3.576593332 7.403602460 6.835014453
-9.754939378 19.302657232 24.209583673 0.254197648 0.525440384 0.809788218 -0.059489494 2.976788390 4.963923312 8.070664958 1.364748990 4.706439578 5.632103318 4.583801706 3.889091676 2.791501067 -0.403879810 0.091522583 7.193572430 4.490775063 -0.608498602 5.909540318 1.515124003 2.915595144 4.632932175 -3.105455779 7.774842528
-18.342351214 20.319832798 20.274557627 -0.188672432 -0.664955268 0.034370883 -0.721841982 6.618001323 2.174792358 8.761078857 6.368259220 -3.588624411 8.491363275 0.900490821 5.184938574 6.766155463 4.030008556 7.366585801 8.069239278 4.446537046 1.902099508 -1.008713578 3.949170389 3.358825293 1.900541161 7.591203045 6.773290425
-12.094091991 11.390804536 24.674115774 -0.871171176 0.212676319 0.130419844 0.422871411 5.427953315 -0.115935632 7.037101939 7.205297321 1.803478070 5.907913305 -0.259830171 -1.306262625 8.358867939 4.540562519 4.969461652 2.125068786 3.089941133 3.117812840 5.619330719 2.780263687 3.073831073 1.539052716 8.864048616 8.854453362
-19.595690053 12.783286741 24.255435331 0.059464740 -0.615443339 -0.646050778 0.447562100 4.954722842 3.229585485 4.039627425 0.701001693 3.491095493 4.507329423 0.606184799 5.148917629 6.557012321 5.266344959 4.343744134 7.329962686 2.189968842 4.077584242 1.178896125 4.417116968 3.160357560 7.521593750 4.262765779 1.461735636
-6.080698476 18.695610893 29.202890494 0.142139161 0.672190295 -0.392658912 0.611371937 -1.176461235 5.670037925 5.321963160 5.708161019 7.048795761 -5.537493196 0.270830341 -0.656169614 6.525085844 6.174788807 2.501780968 3.330702354 3.000967482 11.846270753 3.538672335 7.665759693 4.529984774 2.354472614 7.375489904 4.542662580
-10.632861817 14.278412998 35.374066996 -0.395803887 0.909811893 -0.052827381 0.113096728 7.744431697 6.899480868 0.979495697 5.833248938 5.069068575 -1.682985206 1.036154080 6.351712528 2.801426641 5.590893591 2.611404907 2.132550263 6.669487245 7.312851257 3.501475054 7.908890423 4.109182068 4.934819382 2.783029832 7.584840635
-11.810141902 24.652271179 25.641994831 -0.086694762 0.796975195 0.149596741 0.578736012 5.848379978 3.460760516 2.385799548 9.153276787 5.087320180 1.514661526 -2.052237962 9.500412266 3.707153373 6.602437199 2.321773184 -1.075758921 0.255544926 4.990067469 3.408991660 5.735635440 -0.403266156 2.099835276 1.598326163 5.107304117
-7.054445303 19.029086843 22.427804898 -0.431941008 -0.081244261 -0.893708729 -0.090061327 1.941066532 1.131331612 10.017369046 7.160990856 5.536742532 3.745144108 3.210711206 0.382863244 6.951001017 5.915270683 6.402513261 3.097303258 3.968368888 1.478151526 6.007772008 5.037201024 6.188285539 8.076746258 6.989811769 1.554540968
-12.071867584 14.296687321 33.689964806 0.599115268 0.393953549 -0.501510461 -0.484095811 8.449904276 5.512282287 1.161910374 -0.139846357 5.521769794 5.419062826 -0.230509564 4.083541009 5.644503741 1.435730789 4.006523664 8.678102284 1.539158256 6.824524330 5.245579345 4.006590168 2.824435150 3.880708303 1.893862510 3.163033086
-17.286597558 21.276067246 31.763301796 0.173904815 0.074612686 0.887360395 0.420454031 1.737585190 5.836079508 3.311615419 5.100064862 3.398603294 11.362890130 2.458039735 2.476477657 8.980398934 1.330054899 5.545610804 3.385192400 7.757194029 6.652505938 -0.054734102 1.081242305 4.116501707 5.142757857 3.375021514 2.568622458
-8.222865982 22.306731527 33.152233412 0.102838188 -0.416498618 0.238572489 0.871226937 3.022756908 4.681975914 -2.661222746 8.029204242 3.678389987 0.769774868 6.899051809 6.374229223 5.828758536 4.612572802 4.021985290 -0.705888320 -2.789281892 3.391046277 1.776963230 6.273544940 2.260858212 4.418265949 10.468619014 3.479152973
-7.280624041 18.009029625 27.768026149 0.845421496 -0.142327526 -0.460089085 0.230918609 0.937524629 6.131942659 8.153062480 4.474432860 5.799279373 10.879150007 6.854028765 5.140647050 3.096970794 1.395657619 -0.983474125 5.542223605 4.487828947 9.053844855 9.711435504 6.697411620 3.956453084 6.277422081 0.672122271 6.817848745
-12.299044857 15.803418858 26.549036328 -0.288695586 -0.547631009 -0.238124812 -0.748366027 9.159043299 1.979675691 6.605438600 -1.341780954 1.799303749 4.405895811 -0.091009876 7.156062693 3.821738941 5.445078921 8.908478018 1.619688761 10.057809702 5.246159019 10.302991457 5.189851281 1.049975373 3.890351553 3.684407276 5.685416765
-20.140513301 13.426638045 32.017666885 0.048592466 0.230023248 0.780656905 0.579053430 4.314270208 1.532886553 6.554865713 4.554875006 2.553256220 9.723342206 2.853094164 1.716523101 4.485329291 3.486446831 11.768195034 4.329440043 0.178052981 0.239815580 1.600936542 -1.624155671 4.684494768 1.849267753 3.701894193 0.128993474
-7.425378020 22.000937255 28.022252702 -0.171830561 -0.303857564 -0.707283232 -0.614731867 10.652383293 3.752231285 4.024711936 3.687402767 3.587392119 6.024766431 -0.064696075 3.722503415 -0.129021905 2.554984339 2.458124387 1.011720318 7.749414644 4.126057197 0.362056739 3.100444303 4.384640680 7.750033389 3.664062365 0.071479629
-18.504028354 18.947106440 27.018287208 0.824538861 0.542174048 0.046270917 -0.155054735 3.559481719 -0.883435776 7.532665788 7.301175032 6.455702378 7.919392384 0.680306127 5.871841718 0.801508209 -0.139896579 5.342674605 -0.487890936 3.605415083 0.420141461 4.331323883 5.598594262 2.917138585 1.198094681 8.393909772 2.101978757
-11.762567727 10.541832682 30.315060191 0.953146902 0.067959473 -0.273984083 -0.108743807 7.907142953 2.298501317 4.934717310 10.865551994 5.813052023 7.419547375 7.878552664 6.761212179 5.035268070 3.760583489 1.184949082 -0.170858839 -1.104743892 3.286063162 7.064715817 5.419720636 7.568626920 1.581805290 3.947499473 3.448195258
-15.820586803 12.238852151 31.051821896 0.681065289 -0.587458448 0.138304379 -0.414625786 -1.818091850 2.940648309 3.790282551 -6.937340647 4.774229952 2.396754427 7.160624029 4.968913153 3.086606973 3.843995954 4.725278483 10.287847140 7.595645175 7.881541773 7.861907359 4.811089759 1.883131866 3.888745050 1.190441499 6.529356896
-7.034397638 19.780939778 30.704940180 -0.702370693 0.158960444 0.476582080 -0.504258374 4.791276661 4.662114452 4.754286954 -2.860854982 6.404471718 7.094102151 7.394754068 6.181182353 6.303790162 7.351482386 3.253370382 3.125408137 0.942156416 4.181834824 -0.362760345 5.408826923 7.602419161 1.668409091 5.621807234 3.968175193
-20.395434461 12.558182147 24.103495151 0.293892395 0.455340498 -0.617700811 0.569857876 7.946052109 5.629669796 2.878142389 7.252975648 -0.439600823 3.545050332 1.317485131 6.572299062 8.970529454 0.660908959 5.504668875 3.021540942 1.561789490 10.213480517 6.503118355 8.857645687 5.012370632 3.057061286 2.880927580 2.298585769
-9.417695415 16.127781655 25.225318626 -0.019112674 -0.948067639 -0.111457196 -0.297287322 8.282397311 -2.337716947 9.650430828 1.340014493 3.168405569 4.298843765 -3.483005750 0.925312385 5.046893460 6.345886900 6.115119513 3.793400041 -0.832878741 10.707832193 3.162562900 7.686642792 1.584402393 5.571166984 -1.431661078 3.626284254
-21.182430328 20.268265061 26.475759213 -0.516816619 0.623645774 0.312780642 0.496119744 5.520876261 7.808279913 3.644247504 1.080643437 0.175600003 5.731035972 2.625247372 3.490862752 2.966637677 4.291811831 1.117033481 5.218000153 2.799588219 3.709074069 9.484764742 5.230895244 7.620449911 9.005764522 7.280115150 5.026270747
-10.365239540 11.265283771 27.708265199 -0.058094989 -0.387550088 0.541501317 0.743778344 2.464685646 3.701948079 5.460030557 3.100226200 5.285988784 4.832252744 5.547028023 4.951954205 7.725465292 2.334144284 5.620045286 1.849685050 8.145528641 2.351654239 7.341568813 0.005584090 9.322202222 6.865399820 5.501234624 -0.222682150
-16.024963837 12.618015105 32.513225650 0.595981533 -0.336999712 -0.618688170 0.385307870 3.992471388 2.781628292 6.423926312 6.840632491 -0.118279246 6.728385744 3.604885206 1.502564955 2.703315742 0.243582058 1.447417068 3.783883443 8.566692447 1.484018296 3.148157861 -0.993369058 2.822448655 1.253221621 4.479017734 4.513560261
-10.371552217 22.184898741 26.243385368 -0.615280539 -0.266166672 0.321009880 -0.668982674 9.784119228 0.413658058 10.740518686 7.985687333 3.556352072 6.740606558 3.728824194 2.032504337 7.506189085 5.411982911 7.799343567 0.152258250 8.432071991 7.695261008 0.927199421 3.867243221 3.635069492 3.428107939 7.425221944 4.035372545
-17.734613014 14.650994440 20.379594730 0.276691941 0.684184950 -0.310529573 -0.599085893 8.907743110 2.552944730 4.516487694 8.156070875 5.709812278 2.442076743 4.336280783 3.680330317 2.149624826 2.889529889 8.000771258 3.463018325 3.682130587 6.309288841 3.114073453 0.273704812 3.257253430 4.654252522 1.720805549 4.977000392
-11.624246554 16.482098570 24.266210397 -0.636331759 -0.254633647 -0.442836734 -0.578047771 9.637967523 8.588414386 6.281259653 4.542760560 3.053502834 5.400531339 -2.823267200 0.826522695 4.575413778 6.531613956 4.229421813 1.297294499 6.046426500 6.359745757 7.439633834 -3.826455400 -0.229557784 4.104785759 1.704736785 1.628776898
-16.991788676 14.992605315 27.987246358 0.590975910 0.606469354 0.068965583 -0.527433546 -1.797354518 4.884834160 8.211735997 7.510947957 -3.938803969 5.655422884 3.467210073 4.035473411 4.140203752 8.208639622 6.955031348 1.066355190 2.557075875 1.553334655 2.585645986 3.596830949 4.410315787 4.789562849 3.262881409 6.187538745
-14.622805071 17.591376078 27.453615711 -0.441521593 0.811085700 0.377497935 0.068512622 10.107757101 7.849707113 6.172520986 5.780519649 3.439142848 2.257745056 9.181815533 3.362493622 2.213127198 2.726360547 6.660466083 2.032794783 3.468047027 3.700163867 4.096893972 4.126236223 5.347876667 2.977467891 0.733912912 3.949537488
-16.761757861 10.352413248 29.486058210 0.253023463 0.058932354 0.812230159 0.522291369 3.506422479 3.785593400 0.246670286 4.629269720 3.872014973 6.422913686 2.858828816 7.071622194 4.724372878 0.625222889 7.445660503 5.349102590 1.543012820 2.418090616 3.780836043 1.768610969 6.655591599 0.730154002 1.514859707 9.469544348
-14.137191522 10.014271315 22.885474061 0.754288927 0.037963285 0.631788488 0.174500170 4.298467307 2.638167487 1.340376188 6.257688427 0.972619165 5.826656287 8.731675614 2.948703528 4.347898530 4.003154621 5.546948629 2.260553289 5.947037928 3.981876610 -0.345878445 7.088141040 4.273078337 5.616430471 2.511956724 1.213847223
-18.322095458 22.195510665 28.727440212 -0.811969902 -0.168773130 -0.310534601 0.464530699 7.778462389 4.877640229 2.599740040 -0.118186915 9.451009320 5.647575551 6.817803274 6.822567022 7.265372191 8.708404165 3.571075567 3.656225094 4.944460043 4.613331050 3.447427674 1.019189490 6.950915423 2.324691536 2.443128128 9.649908065
-14.176683434 13.792473112 20.083668224 0.258626226 -0.205836202 -0.291419045 0.897674146 5.065138694 4.080923342 1.206164523 2.449113870 5.427821430 1.645258510 -2.611440661 1.403540401 5.555601801 7.086775103 5.540006463 4.907216659 2.497558068 0.160097749 4.277263482 8.276998122 7.846635940 3.440769845 4.534862069 2.018047258
-19.386444992 13.477348123 32.381228964 0.562350254 -0.145480636 0.469384425 0.665038223 3.482959585 5.686636049 1.414740257 5.669051627 1.435613684 5.110700256 10.501459177 7.971860149 3.010833986 2.853500128 -0.466677667 7.448031622 2.236342246 5.022466063 3.998341182 2.589766751 2.352232233 3.761125950 9.206287351 -0.413640445
-12.094368836 17.768471782 35.181399736 -0.205311215 0.626654643 0.290968697 -0.693172764 3.531850051 -3.715244367 4.125568812 2.445246631 5.542615160 2.418940732 6.849535408 6.159589814 1.209317872 7.288340277 -3.485883143 2.212348632 0.350207942 6.905285698 4.879727395 3.976315308 4.227406199 5.156586513 -1.600977970 7.281181428
-13.445070887 12.881662043 32.814832776 -0.572204959 0.536473099 0.619239143 -0.036345328 5.563585396 8.820501708 5.876420307 2.020394110 4.093454171 1.121516861 4.280624863 7.382522458 3.547129138 5.809008250 4.396505627 3.113707481 -1.750729132 1.869965937 5.483247022 2.618397368 3.331007126 1.284983771 6.141251872 5.420929677
-14.195865480 16.911344428 31.730337869 -0.518941778 -0.233556572 -0.770396239 -0.287472423 4.634908400 9.600100513 6.715019107 4.421824634 1.145286361 1.362497125 4.779724265 4.686008995 6.897139257 3.211803826 -0.393433203 9.066755345 7.388026199 8.334454807 2.150783858 0.982275297 5.705491796 2.426967742 0.926170533 4.127464650
-18.394014018 14.759094941 34.925886854 -0.255835121 0.166407008 -0.647804847 0.698001417 6.828193720 2.415158074 4.607859921 3.508274766 7.974795383 9.676275672 -1.141310652 -0.355907922 4.762128181 6.021141000 1.072448669 -0.597954092 3.015188464 3.822082459 9.713593303 2.238279841 4.860910424 3.438343010 7.311998048 2.862385020
-13.449800763 24.166674455 33.664524315 0.408821737 0.126203488 -0.103525589 0.897897500 4.131461043 0.433413689 3.765564728 1.491133234 3.258786213 5.621039957 -1.185176806 6.944616427 4.514584553 7.188599464 1.068655310 -0.220844620 7.796556101 7.096425752 1.904693721 5.048651819 -2.027223123 2.210217425 5.824382243 6.342202380
-14.464157669 17.929377414 35.793391342 0.516190175 0.587416238 -0.608936504 -0.132989478 6.491681476 6.137392342 7.527754813 6.231335384 6.883096062 2.513304781 1.598791278 7.101953666 7.057138810 1.385085846 3.727477774 11.393392559 3.039792285 5.763504830 3.751956494 -1.033283985 5.261389875 4.205692974 5.778913464 3.920066530
-11.307373221 9.990065935 25.634278556 -0.626979648 0.774371285 0.069569034 -0.049048784 -1.054167745 4.129069727 2.287728019 6.943451686 7.170776344 7.235676908 2.743029517 5.012182176 5.894263835 3.460409348 0.579023620 11.708569481 6.144371295 1.478966346 7.178864946 4.850206598 3.014460168 1.503443422 4.040423606 0.207967870
-19.061300135 17.413265353 35.510596467 0.170796734 -0.793243600 0.572086205 -0.119626257 -0.183476686 2.627009922 3.201330919 3.165638836 4.551807446 6.876538058 2.105352549 6.172053386 8.240204337 0.597436446 3.371313225 7.484786389 7.164302292 4.124708823 5.700748661 1.015573005 4.451048342 2.839367074 7.270032308 8.892590451
-11.004278004 23.360452336 24.264519033 0.341963692 -0.279076693 -0.601364767 -0.665986073 5.888592087 2.265089550 1.138811285 4.686200195 1.777313631 5.585271545 0.963101152 5.445358084 1.800363437 5.021137001 5.637281501 0.909793472 6.765483602 10.003466681 5.511973542 5.039259634 7.665503742 3.418317458 8.590577882 3.139938695
-13.952333029 20.151814928 35.614863362 0.522519185 0.216370139 0.597222507 0.568755608 4.671112086 5.007770083 1.357252495 2.011947178 7.679429791 4.932247230 5.080021629 1.736930489 4.630071482 2.115499593 0.607299972 -1.308763392 3.434408652 7.843310362 4.903588278 5.712093710 7.717195887 5.929136614 4.334233672 3.006365916
-17.928110233 15.787562609 24.391779031 -0.176464416 -0.709724764 0.365949060 0.575527893 -1.466184595 2.765755734 1.122347810 4.941117216 3.885521874 6.700255029 0.732645112 2.508192025 -1.143282281 2.116740589 2.499478072 10.059847169 2.840643569 6.297559258 4.329686897 3.460885412 3.697816142 2.199564240 5.698099071 4.104353127
-21.638420623 18.554581635 22.929040496 -0.716946088 -0.125308539 -0.220066087 -0.649505192 3.735414485 6.560171733 5.067610460 1.628888015 5.238097986 0.338457480 2.352668802 4.795162364 5.279291943 2.422268917 0.498413271 6.211049364 10.629774524 0.681374549 -3.542145187 5.980262746 2.466603097 1.224953249 3.034008083 3.918782026
-5.130106900 20.295493664 27.469160473 0.298187847 -0.285917897 0.749508629 -0.517273409 8.871812062 -3.950569820 8.099257191 4.047705787 1.263252230 2.003527904 3.728204701 3.019236696 4.009318201 5.840223603 7.788145781 5.919178069 8.867681323 3.451645350 3.559947337 1.806016470 5.198872123 4.208282959 7.158939129 1.670968497
-19.720705448 23.091827727 26.398266526 0.858745314 -0.477311427 0.186312861 -0.004219573 9.516470581 -2.338399305 2.268743717 1.474817334 0.542388772 1.796733850 8.402437271 6.946057618 1.548324493 7.540961231 2.208681172 3.703477496 5.451021917 2.294240971 2.342064836 2.256803832 -0.413734367 -1.574110755 5.504946778 0.199140320
-11.316402737 14.733987893 27.776259359 -0.022302360 0.852089365 0.475450564 0.217699516 11.045093142 8.006683921 5.688718156 4.690042100 2.738290094 6.847497339 7.569947483 3.346689832 -0.193506588 8.982767646 8.058826977 10.807170349 2.557973971 3.344630595 1.782034201 8.682638741 2.961572584 7.661118076 5.684388571 3.732139486
-13.544441067 19.697285894 28.263952298 -0.419046803 0.005804222 -0.763806378 -0.490882781 9.015255145 5.227952006 12.691943263 1.948713357 0.751887363 -1.093699902 5.407755230 2.809590993 3.044946614 7.577226104 3.215163685 1.854441119 0.292714162 3.559741156 1.938765303 4.930323621 1.963019445 0.179312102 9.327803533 -0.443192737
-9.774780838 22.325553735 33.618889442 -0.783038396 -0.100615809 -0.612818225 0.034367903 8.464234726 10.748941145 5.863711459 3.260575795 2.049696866 1.566346528 8.896132317 8.130195281 2.950226604 3.024467804 8.341737599 1.277722311 0.193663992 3.843558048 8.164416801 -0.632604486 7.165692419 8.015137149 7.937427406 1.754452554
-8.656015727 22.903605169 26.638471746 -0.644625227 0.290461498 -0.706184305 0.037338481 3.482731462 3.812426332 -1.473399344 2.067576868 3.388489570 4.008025161 1.717120407 9.077753097 3.621584483 2.719556439 7.662714465 4.298339210 2.891093457 7.678741781 7.954668313 1.145202718 1.668917151 8.854873450 6.439029516 9.227884287
-11.597341564 11.274730067 26.937828826 0.880430949 0.044948640 0.309331350 0.356560065 0.703269374 1.323367379 1.127064842 6.530093559 4.962785138 11.311229223 11.331803753 3.035374066 0.873191204 3.428044120 5.316653145 3.209729793 1.747923886 3.407722809 6.059215895 6.876341105 4.764394343 4.046244261 3.580439390 0.891180528
-20.998142810 20.249474504 27.504414085 -0.567100327 0.690198760 -0.441615146 0.083659744 4.741920667 9.199839768 0.045517557 8.198439428 0.628206991 10.602756533 4.221024345 1.920598063 3.958931209 0.085980350 2.905129818 3.965366870 2.470703559 8.267655320 5.261435908 8.998592790 9.356598110 7.141157035 5.666468981 2.712554539
-17.513241891 20.578498709 19.777957128 -0.606668866 -0.704749735 -0.365785570 0.038491753 3.338600681 3.860285469 -1.671214520 8.113779642 10.176706577 4.715299335 8.263381903 4.768624798 2.616071205 7.178971505 4.512150790 6.627972268 2.637503028 4.963239627 6.076211786 5.572134653 7.514673720 3.419984006 9.801736964 2.484838830
-16.475508780 22.264020763 25.382497360 0.278879091 0.047333873 -0.104481435 0.953451408 5.655325312 3.858006779 4.844367245 7.354190225 0.747943185 2.804397144 7.302021056 7.760847305 2.883220361 6.193373008 2.389287443 5.130777820 2.486164315 -5.025579906 2.218363422 4.692523028 3.780884477 7.916926276 5.241840368 5.301566101
-8.936809867 22.078768120 30.748393365 -0.306803543 -0.587369352 0.725815490 -0.184555425 7.508327561 1.699320151 6.094864919 1.506683033 2.802645679 3.853511781 9.165410841 3.074655927 4.100121650 4.262755763 3.757474140 1.501254089 6.330758860 2.156007693 4.294232147 7.585470809 2.612431209 3.475947473 -1.359209727 2.054875582
-14.791137670 9.404300887 23.073339432 0.053111211 0.229389229 -0.971813614 0.011750798 8.142186425 0.303667789 7.985957113 0.265627185 7.791424550 5.172011895 8.908873310 5.535036518 12.363529621 4.467891729 4.467921534 4.794239826 -0.897682414 5.780230546 -1.384811224 8.017882719 1.841933957 0.661130406 -0.307573189 4.246789516
-20.766462107 16.640827027 26.106649133 -0.820249517 0.091675237 -0.564259916 0.019928043 2.453723982 3.731256004 1.110385580 6.857403138 7.103245167 3.698414860 1.374261070 3.447097685 2.788766587 5.010637504 5.691516787 0.667027631 6.523926060 10.665519795 5.054654248 3.136208838 6.195634969 3.596097413 3.325004045 3.593600696
-11.140455293 24.124240962 22.563161763 -0.967547843 -0.024702206 -0.247478179 0.044671283 -3.220135052 -0.219332440 3.683286876 6.071138684 3.278682157 -1.069397684 1.269888457 4.829999524 5.805780885 4.119557960 10.301284824 4.532894011 4.820035744 1.753184909 5.404347392 -0.110238236 2.912348952 -1.620952108 3.489635953 5.729840248
-12.243975380 14.085144947 35.330944401 -0.912602797 0.023382885 0.247092372 -0.324891881 1.602588342 5.427115897 7.150983937 4.427326893 1.746795029 5.969560390 3.891372811 2.302609553 1.568457564 2.308973653 3.965500966 0.514572703 9.711986615 1.625996718 1.605818942 -3.160219265 4.032904849 1.621218389 6.735585326 4.856170077
-21.607053837 20.148500636 31.561581340 0.443706639 0.136098105 0.222730137 -0.857317334 4.350706705 1.762426330 8.900615519 2.651116537 3.104094140 2.589471199 5.616111246 2.223629836 3.952323522 6.249217366 8.779724553 3.492131321 1.235572469 4.210361686 4.423661853 5.069849438 9.408364910 -0.667355946 5.009859088 6.458401483
-20.441686601 15.778456103 30.783781806 -0.077683513 0.738414277 -0.602622633 -0.292498870 4.541482486 0.178206598 7.623750042 -1.853192705 3.268897704 1.217352716 1.910570068 1.661400856 6.213428112 4.621459131 5.800945789 0.831429331 4.198139741 -1.676910024 1.312026201 1.817149411 8.355110070 7.238485080 7.277430936 3.839981640
-16.071722983 22.141529395 33.769230279 0.385798688 -0.235192655 -0.826381016 0.336062799 7.207861763 6.038142611 -0.233429056 9.154765491 -1.812203227 1.576484213 6.021700136 -2.938020156 2.627448328 2.011236031 5.718078333 3.750240149 9.575270274 0.824296197 4.326913666 5.260697578 -0.990681698 3.836398549 9.050857928 -3.236036007
-16.354238780 10.689489170 33.612243042 0.673913699 -0.664804445 -0.257080114 -0.194384132 6.271753304 1.578512697 3.465118015 3.649405779 6.092875032 0.878904585 0.045924147 5.812009854 -1.391540263 7.462849630 2.470039898 4.186699218 6.416198157 10.391351881 -2.268934779 9.010049862 -5.055884835 4.156161744 0.701870735 9.147163228
-11.653653626 16.923299019 20.890275772 0.568752229 -0.481654680 -0.593168049 -0.304436098 2.798584916 -0.169798441 4.756446288 4.997168771 0.643930893 4.033276566 3.078174085 5.233352893 5.855896066 0.745698852 0.182366959 4.959852786 5.712037801 5.895321962 0.487969659 3.284894098 8.735920484 0.612654802 3.874921945 0.756550537
-15.206960701 22.868168978 28.209127981 -0.169532063 -0.527124425 0.515350933 0.654073494 3.360717428 1.300379779 4.204789956 2.587940101 1.241970667 1.726747693 3.961653631 3.721415756 2.586395132 1.801246471 -1.073412097 -3.349345543 1.983852019 5.952223690 6.215234849 1.583831964 2.565097705 6.314813616 4.083084504 2.610520758
-15.060263068 15.193700695 19.906567720 -0.151236994 0.879512499 -0.286336771 -0.348706738 2.480862140 7.467621109 5.496521191 6.331327624 1.089829822 4.334819003 9.181848661 8.380038235 10.080114006 3.372812009 4.206627295 6.001910424 2.769785651 3.190711880 3.618336531 -1.445813691 1.495794691 6.570456300 3.136508462 8.481214315
-10.803181932 21.488973481 28.207150539 -0.943129202 0.265357075 0.091129753 -0.178292733 5.898817246 1.499172994 -0.844711685 6.392681598 -1.388048976 4.261674053 4.731979943 1.734422905 6.477268315 1.447215733 4.059691190 0.022807436 8.817434971 1.297031165 0.617422495 0.826618040 5.036639563 4.016769596 -0.572324819 11.228558490
-16.902000769 22.950514732 19.911982359 -0.789911734 0.179122102 0.267832152 -0.521747700 4.818371616 7.143760484 4.955076427 6.665095077 3.619948148 5.412329850 1.757108858 1.884112481 6.001021680 2.702359555 5.670639546 7.832874395 1.520894677 4.807993746 3.519831903 1.422751974 2.764275382 4.445064224 2.776837834 2.182736020
-20.839005776 20.736488879 27.057227469 0.532783760 0.373900279 0.700670446 0.292234449 7.937767131 1.877288310 -0.756589301 4.296739806 1.517587631 0.337108657 -3.699205658 5.797900743 0.882212427 3.547306920 4.932226140 8.192988453 3.128686217 3.702398050 7.288916112 -0.213991217 6.362847751 2.676677048 4.900229089 6.889735955
-20.763967608 22.763423965 22.053881696 -0.914787448 -0.355880323 -0.136061677 0.134165351 10.384751754 0.409742450 8.718439037 4.236455799 1.449187616 1.855578914 4.414220732 0.016893001 -0.162596197 1.893341760 -0.638372251 7.803849997 -0.857041404 -1.169259935 1.763164233 6.225826882 1.416150808 6.177120384 -0.336541397 -0.363688424
-9.350022410 23.829368543 33.069506860 0.530745556 -0.028535605 -0.528940214 0.661601938 6.156085352 5.740433304 5.163409138 2.790566493 5.774358545 9.277729099 7.253491907 11.052069371 6.759596934 6.534682368 2.973845852 8.355980618 6.006671379 8.032054255 2.505844474 5.889719332 6.298616171 -0.820709532 -2.641023884 8.766869604
-21.026084827 14.034930727 29.722370934 0.599701327 -0.100034742 0.187493116 0.771490570 2.545110154 11.192162844 -0.772899917 8.787627117 -0.064088530 1.194086674 4.351596428 0.460521596 1.840612595 6.425461111 2.972867100 2.159138726 7.497037947 5.606154912 5.294409632 4.947005427 9.397016252 -2.105984240 3.913294911 3.226353585
-9.985054355 11.209575570 26.740225906 0.654084289 -0.363812066 0.663053103 0.013232756 4.787173180 6.555252868 5.157638502 3.757727057 -1.430624688 0.517739084 6.006551454 4.106259187 8.753119918 -2.772174856 5.665416934 8.090094047 6.497789052 5.274903294 1.264778469 6.865833380 1.885291619 4.462445679 -0.332826304 7.069090475
-11.682358581 15.241411793 36.013368380 -0.914552748 0.328262781 0.206148080 0.115497999 8.461919810 5.608723755 -0.892210478 -2.145728604 6.040067085 8.480842819 0.733261780 1.416715127 3.595433685 3.647809740 4.034015839 4.156110766 4.471617775 5.125480361 6.680675843 0.043229778 7.977398060 4.355388723 8.193007271 -1.532722493
-13.949874419 22.260665944 26.886678419 0.108039466 -0.510340227 -0.851604106 0.051485664 1.565326237 0.293609669 3.372549816 7.525473061 6.729710670 4.460447918 2.467391090 2.671945618 0.379699364 2.228272267 5.592357213 5.558403211 2.151093526 9.270938665 1.045543054 -1.196376785 0.248611541 -0.053870785 4.716229624 2.784244632
-11.917024504 10.552811681 21.708499309 0.986360185 -0.097102823 0.084307993 -0.102746242 2.841429306 2.939958894 7.292122807 1.499733194 5.270282394 2.228756037 5.831551301 6.769351954 4.089093065 7.539315423 7.368152351 4.797430537 4.619009321 0.050238290 0.494796371 1.671271159 2.460106110 4.894423087 3.783303277 1.579618060
-14.036938590 20.632724064 27.897914179 -0.023081178 0.627611451 -0.061017488 -0.775788626 2.974903975 4.422353211 5.013099120 5.855055580 13.513079335 4.155541250 3.685858664 -0.325325990 4.549367551 2.802408278 7.515942045 5.895582166 2.784945071 3.229017068 7.039931846 6.053372264 1.907178510 7.745114740 4.601459775 -0.279398564
-15.311584399 16.346466373 21.320092707 -0.793507834 -0.374622268 -0.171588991 0.447840030 4.475944248 0.934772906 5.204364241 2.388892986 3.570406170 2.418319842 1.036495316 -2.455543885 -1.861715246 8.223478140 3.901036755 5.017052408 2.870973243 6.179796180 0.894685882 5.779952905 1.760306306 5.930685882 7.688136572 3.215321368
-17.177139820 24.014576210 28.920449084 -0.151381089 -0.231144107 0.055674162 0.959456385 7.201713476 6.764381328 -2.625602796 6.614961633 5.588066052 2.789921338 5.615929532 6.706442337 2.762414616 1.071211805 3.870541964 1.928781269 3.340019827 5.131310074 5.132381673 4.094077583 4.007689689 5.948619671 4.136778067 8.483698374
-6.616864532 22.284744654 26.419784883 0.086733135 0.453861344 -0.382889141 0.799926965 1.789259150 5.620340178 5.544389061 6.292009694 2.792969458 3.210045337 8.963093047 4.496063217 1.696344215 3.160240054 0.813459313 8.082533895 8.510392057 5.004386877 9.686703334 5.661050382 5.348041664 1.829773356 4.656162305 -0.308481934
-15.758646721 15.996862849 26.050329753 -0.428998061 0.218405010 -0.145763112 -0.864299156 2.761528912 4.603715405 1.508150760 1.791909909 2.905483857 1.001616649 0.565698382 1.981055158 -1.686426344 4.890557818 4.848918922 2.934270976 3.253115802 0.166467224 4.873327706 6.577220651 5.338454158 2.321572376 4.928904175 1.398394742
-11.704738673 22.617963573 20.781165677 0.002823727 -0.664970603 0.575953028 0.475483159 7.980854363 11.197255726 5.198098729 -1.213965531 5.001821258 -0.099813151 3.392586643 3.902841129 4.131447669 6.959035184 3.903996283 8.881599918 -0.120405559 3.510792063 3.854418044 4.631419141 4.787200922 8.075018200 9.868990286 7.510252384
-18.369827991 20.052387663 26.784027404 -0.069450042 0.601362451 -0.065001355 0.793293589 5.280767708 5.692447081 8.068614513 6.310346081 -0.081206678 2.657448676 0.419443979 1.465997532 8.625292102 0.135404092 5.010555225 5.246148546 0.844318642 -0.190457090 2.890702532 8.276425251 1.178768775 1.014435071 5.204629665 4.125123868
-18.414151446 16.214322430 22.101717887 0.194206301 -0.101998077 -0.160002232 -0.962434201 4.046203769 9.154744063 2.763810950 2.716886597 0.466910437 6.903090816 1.299573733 5.268439498 3.965593380 -0.692842550 0.233101173 6.785938598 5.423555364 6.813048742 1.207126218 5.306740906 5.880484575 6.265054141 2.682595621 3.660489836
-11.565456400 24.922756842 31.082496440 0.311110781 0.942921083 -0.040653722 0.111611773 0.789757966 4.326732608 1.980681223 4.620477852 -0.933063386 0.418998341 7.129466626 2.341438099 3.521254249 7.228327663 2.032705433 3.770747987 6.846522772 1.191118937 9.959572180 1.634012949 2.542027983 5.844618250 4.873706262 4.555648469
-16.345103460 11.623693722 22.149630710 -0.469923193 -0.432193077 -0.749214252 -0.176236606 0.971954737 2.691484432 4.052865486 1.922035389 1.309366017 4.200984362 4.685100824 6.051595008 -0.394258107 1.598819761 7.648364385 2.763253274 4.934795385 0.347736050 7.799806920 -0.508207122 3.457267698 -0.445868557 2.047082401 3.997997712
-15.565587918 11.581022498 23.915473091 -0.206116502 0.394780134 -0.455904898 -0.770594159 5.694648339 1.083825536 11.847645700 4.572888462 5.720487853 5.122931996 2.844522424 5.848979193 0.491342423 2.519981068 6.560118679 3.732512921 1.170438546 7.606910442 1.087823390 7.007080221 4.946781411 5.545827386 3.509224089 7.484217456
