-33.904540275 23.017914870 -4.520609404 -0.057408827 -0.320376900 -0.673728426 -0.663440183 7.465785627 5.531661714 3.527486587 2.516505070 5.685018053 4.883017272 4.532580830 -0.944080821 3.633318319 3.642264085 8.283017031 -2.636930937 6.982616322 7.999010791 4.198443506 -1.681968601 2.477003651 6.280182005 5.716306734 4.491328228
-39.805862992 15.964489653 -20.707905781 0.711120226 0.331498626 -0.272673037 0.556835793 3.549990246 2.378969593 10.544998804 5.168566552 1.304854379 10.270044860 5.066657548 13.464558681 11.059426650 2.416155655 3.055165960 5.988666420 8.625255484 3.018861670 0.681807565 5.433721322 10.755967810 3.267468338 4.099699285 1.530068281
-36.118702161 20.487470549 -6.891724868 -0.358601653 -0.516902605 -0.690364628 -0.357229944 0.267855045 3.681760702 6.262696338 5.419155090 5.473155011 3.074409384 7.702178330 6.396270648 3.363862025 5.372700879 2.331789290 10.295929228 7.931382969 4.177095933 0.831231513 6.746345730 -0.698148042 -1.814573483 0.813914972 3.531788035
-40.885879081 17.918960337 -18.163931584 -0.258015128 -0.631370465 -0.120689456 -0.721272199 2.940890350 7.832915257 6.050770700 10.656483917 3.705162958 4.572272492 2.991971920 4.443334074 3.455372518 7.453029827 -0.409937409 5.877496190 5.736696272 0.313674072 5.418310347 1.801546034 -1.076041361 5.512053089 2.284861978 4.035632277
-44.033651406 25.453041002 -10.139107412 -0.302145943 -0.206321816 -0.891677080 0.266554162 -1.518066242 4.525384895 0.096081279 4.042766498 1.165565007 4.882337204 -0.959609982 2.473776515 6.469708857 3.360410749 6.633852361 4.278333381 4.417301264 2.898587491 6.544064128 8.269074028 7.023234418 1.415886150 2.618818421 3.788794691
-28.318348868 22.203586732 -11.716435282 0.058161514 0.742262534 0.431904089 -0.509040692 1.677362212 3.007154092 5.795484506 4.394649546 6.546770573 7.641960262 3.535072854 7.391518900 -1.020502623 5.179765748 3.778745518 -2.324553028 5.123245158 4.309898592 7.497298195 4.973635793 6.187072675 -0.567583690 1.567033820 5.999177014
-30.655109064 17.703495798 -16.975134321 0.402169828 0.115172891 0.153340556 -0.895254885 6.656664827 4.486242080 6.346210590 6.966095011 0.781413606 2.860404544 3.169284021 3.651466922 10.369208808 3.944239204 5.105965967 4.968595488 4.799643181 -4.510167366 9.423950988 3.619540448 8.114630061 4.650620813 5.600378186 1.997934592
-34.357155404 12.158511239 -13.037809311 0.059549809 -0.624468743 0.696866068 -0.347664052 8.144909799 2.516876268 10.994688155 1.706414700 8.124447474 4.669474378 1.582946909 3.877403388 -0.722565160 -0.672416060 -1.654850949 3.262185134 8.466110331 -0.188845111 2.289694137 2.860802378 5.231633503 5.131267514 3.996149785 2.417046731
-44.116135716 22.807605361 -18.631910423 0.454729010 0.221070138 0.603473037 -0.616579123 3.640485593 2.645143422 -1.732072688 1.700512261 5.087540314 8.918320977 1.230682050 10.831710034 7.846607464 4.266937688 3.609183107 0.815648735 0.196297318 7.042688902 2.765145052 4.916478838 7.540416824 4.077940353 1.397681826 4.662722431
-39.966378687 16.986188482 -16.446931603 0.289106615 -0.675692513 -0.447529085 0.509484751 5.051897369 5.090025643 9.645836894 6.119842119 2.825163406 2.368248338 7.876235405 2.957891615 1.072448554 6.056082091 6.536888513 9.487027029 2.521783905 5.931597759 2.521637383 2.310177283 10.429706769 7.199592301 10.486721429 6.859147186
-36.799800382 16.547517883 -19.208868753 0.733747627 0.014045755 0.054581869 0.677080465 2.163936765 3.816183158 2.594331469 7.759543560 7.654250842 3.912608505 3.385915013 -0.689944961 -0.098784902 -4.669402703 1.523044679 3.910295511 3.205496863 5.381536982 7.407504401 2.563569378 5.483995381 7.428150158 2.393087592 5.661099341
-36.038282999 18.668525774 -3.577094319 -0.566794617 0.701059597 0.417702542 0.113065864 5.484071584 5.143532447 2.055930716 2.048904027 5.048499135 2.209097318 0.795688132 3.307173879 4.111461683 9.050666638 0.092134494 4.224546168 7.345553081 3.867680740 7.533052331 0.513776419 1.150974963 -1.463955756 6.275047076 3.459156909
-44.327388608 19.380667039 -8.094484389 -0.647077730 0.398000901 -0.530192859 -0.376538480 5.525978613 0.969170727 0.942831841 1.928818922 5.947394662 -0.733077177 7.133057292 6.297073299 2.423530053 8.445129392 -0.229983352 -1.181626773 0.758222582 4.616409535 4.679656262 1.289894870 4.929945953 9.398294113 5.913790080 0.622783855
-34.311654604 27.544610114 -10.528824680 -0.860580436 0.341437820 0.357960384 0.121185360 5.112825328 3.217727878 4.982398132 5.756848471 2.532774944 3.887710658 1.680906295 4.908293167 2.559558024 4.382445608 4.169013614 6.296017772 2.787841827 2.178769328 5.767268683 3.988095505 5.944829276 6.509676700 7.849220375 5.156791845
-36.388804151 23.294801737 -6.417690518 0.325209310 -0.872043778 0.151769698 -0.332782983 -0.365335640 3.369793096 -0.827642642 10.021735258 4.580561888 11.354753511 1.856410717 11.603168744 3.685175455 7.008741678 7.686070698 5.776609474 6.837854058 2.710293262 3.840098174 5.714629014 7.257144467 8.082293521 5.876615162 3.179970239
-38.838518002 24.225755162 -5.070448037 0.947269503 0.124919149 0.209298542 0.208013977 8.415767091 5.468481206 4.726465491 -2.933001079 0.560045010 1.516489146 6.088626934 1.320720133 3.257239918 0.500223001 5.377326441 2.361360099 8.214146255 0.886527922 8.627284949 4.787876113 3.814065751 4.146486875 3.340362582 0.138935291
-34.540028853 14.144786151 -4.800440849 -0.490271661 -0.039161926 -0.824693755 -0.279249445 7.338265142 2.022681308 6.108754427 6.821316395 -1.508830638 6.116390605 4.329668347 3.121111528 -1.871074379 6.428772947 2.234733166 0.834964766 6.128367230 5.397344728 2.965230255 2.503337405 3.199417716 6.121369613 4.586565898 3.552958991
-38.783004277 16.080517898 -11.016023724 0.676453889 0.057823621 -0.355010831 0.642677115 6.030159328 7.030064640 -0.865413987 4.971817432 5.013915346 7.241212477 8.984594414 5.880476507 4.770806607 0.915496043 1.562068695 6.889396764 -2.679375054 2.572541184 7.631498058 5.213353700 -0.280768686 -1.342624976 8.720273694 6.274494039
-38.073636254 17.096379375 -9.495059985 -0.058542024 -0.134825089 0.929736248 -0.337617441 2.098105585 4.526605566 5.254663995 4.541106029 4.117008856 8.169979572 3.492138764 1.904858136 3.825967508 2.510253775 3.693514278 5.170499670 9.184646625 6.215439211 3.274759678 -2.580392656 0.281642343 1.085309189 5.996862378 4.260682029
-39.084946675 19.347524549 -18.081819329 0.315069043 0.671982922 -0.669409694 0.032574707 3.727974960 1.593016163 1.313982423 1.507952600 6.839646707 7.493817536 9.312103601 -0.449071443 3.139095901 9.386211000 3.803589351 4.169047101 4.958500494 9.721106766 7.028603702 0.895653348 1.228500685 0.498520482 8.492620240 3.557057852
-40.963834534 22.026072282 -16.596641623 -0.141130883 -0.988827905 0.041396182 0.024244659 5.536766530 3.252978447 0.875279667 1.666040177 0.877864584 6.763369303 -0.982676435 2.167320095 2.785653497 1.546482607 2.604427557 3.794215249 5.275788909 5.246986074 4.633571943 2.772829562 -3.176546951 0.698530833 2.735389892 2.162759088
-37.673546341 15.300249505 -10.909573162 -0.598919416 -0.135138391 -0.270927483 -0.741371329 6.898170615 3.258570134 2.086127557 -0.008734493 6.257373221 3.389214199 4.831718202 3.234017046 8.479270071 2.097925018 0.501747731 7.412740715 3.209005685 6.106634911 5.711127698 1.041513516 5.487637381 7.954020025 -0.141846867 2.231348699
-33.489288846 27.537893007 -12.115424759 -0.369205069 0.162479190 -0.626905877 -0.666541185 -0.566549444 5.400488733 5.692190811 2.327057990 3.025127269 3.134528062 -0.557608385 3.559473860 4.944997559 4.258132406 7.663792412 6.351719042 8.086868238 2.763645111 6.986746646 3.385765620 2.817272057 4.601509726 1.090389788 1.148819236
-36.282454154 16.994053011 -5.224246117 0.562612246 -0.719958003 0.404285427 0.041002776 2.562493766 6.548172635 1.025606980 2.130392418 2.065185969 3.842610493 10.060074989 8.933592303 5.948647611 8.240987724 9.489458397 0.868135846 -1.037198727 14.567420355 11.752545977 0.175747073 4.641138570 3.567159664 5.181859568 0.764264075
-33.329811864 26.496845503 -12.298736830 0.469621442 -0.799480967 0.171228399 0.333116676 4.662451258 2.162996119 2.457886235 -3.387651896 4.744638499 -0.437442050 4.593582465 8.275840613 6.599445232 2.131610770 -1.028321260 4.232614101 4.387039268 2.927564259 2.584544788 3.674762375 4.854411189 1.184953554 9.430785116 0.563383051
-37.776445912 17.784611550 -16.765059650 -0.150437731 -0.334071779 -0.907321022 -0.206235540 -4.240757844 3.824459654 1.030798881 4.130448063 5.426910735 0.612458089 6.285365611 9.655085360 4.327855636 6.090814246 0.755599810 6.022640937 7.764326720 3.932443167 1.925533216 2.492708778 3.110882509 4.703318233 4.019240964 8.232800886
-44.561111432 24.393138861 -12.667517051 -0.426193067 0.189430336 0.772724652 0.430548755 0.017615205 5.368558551 7.140748508 4.866078676 -0.062948260 5.547423148 4.908045092 3.920161516 0.833303602 6.568345601 2.531156395 4.207631492 6.221245095 4.969540523 4.383457932 9.124073909 2.236192134 -2.558361290 4.900133540 1.079356622
-29.297113943 14.016184865 -12.486693032 0.153576479 0.802650792 -0.356508976 0.452843594 3.461862448 3.610270515 9.040203857 5.852327196 0.497631137 10.220299963 -0.653071419 3.450449035 5.293412405 1.769025793 5.788793452 6.855993748 3.965191621 3.393358922 7.575633053 5.568967135 -1.838847590 -1.720871942 6.201242144 2.978166687
-29.594267291 18.441172252 -8.349980375 0.382808903 -0.070267489 0.309247512 0.867689922 2.805051856 2.020259944 3.485352260 2.592369934 11.266232827 7.805631319 5.379948064 0.412556461 0.131031739 5.864398817 2.604203256 3.778928395 6.919397402 -0.911433504 2.871120342 3.248533111 -0.056130251 1.866499786 1.695902261 7.147019217
-38.779948154 20.189328392 -16.095974281 -0.750656423 0.335253266 0.129157835 -0.554471312 4.401132030 0.434926470 2.292017300 3.083265116 5.654574571 1.887091885 3.954359412 -1.710534341 4.897851535 -0.558737473 7.885232800 6.156430442 1.386805949 5.840177268 0.196779575 5.521883943 4.265784427 3.583793311 11.009302049 3.659683918
-35.255596059 11.759562260 -14.813176520 0.026131069 0.697940381 0.679637347 0.224253134 7.198101121 6.857621993 2.286224241 5.071598965 -1.959564643 4.486965635 8.451135271 2.771736077 4.058868370 7.965312980 3.016780827 8.448954286 4.226663326 4.754884436 9.139920831 9.052291529 1.298198051 6.086527315 4.333835130 6.137154887
-37.396675859 14.069032955 -18.454456591 -0.115269254 -0.463693007 0.878450440 -0.005159314 5.827301027 4.844970134 1.701630332 4.254810244 2.455682736 6.186876367 7.195743716 3.624223171 3.619568410 2.286772701 3.601901399 6.200735531 7.865082749 2.453650699 2.584412488 2.961011168 4.826412409 -0.307090330 5.441164883 4.053903858
-42.921789608 17.066382469 -6.228666480 0.956369303 -0.072900691 -0.282880618 0.004669288 5.018078212 5.744927237 7.167535910 4.786378203 6.114027788 -0.885277324 5.671747499 5.731678132 2.143574705 3.306393040 6.369262286 -0.769828042 4.309977489 1.082640926 3.749062179 3.720184968 4.687144106 3.637967592 4.162126345 5.177188074
-34.800675893 19.369099835 -12.697485072 -0.576955895 0.543961550 -0.607170101 -0.050716809 0.081591242 4.443468793 -1.602348014 8.629324148 -0.749430242 0.837620288 -1.770717355 -0.838499408 0.348637904 0.858405269 5.533667156 4.903023575 0.304739601 2.189573303 4.124987497 3.202976787 2.428109719 4.719969230 4.404465928 7.503404129
-41.712763809 16.040690715 -19.655297086 -0.624713487 -0.139136231 -0.110032716 -0.760438669 1.605818600 9.207653012 8.613974799 -2.496951442 2.627508052 5.554763061 6.416306373 4.122936567 -0.256737407 3.111426443 4.115655972 6.436792974 9.982880743 6.865964562 7.231279978 -0.120180397 5.914801265 7.114207243 3.084677651 0.950113278
-33.287274420 24.300098391 -6.788224883 0.381295713 0.185905087 0.876878277 -0.226135721 -0.271508404 3.648357177 2.646700008 6.014753757 0.337608167 4.550373228 5.298177346 -1.227391699 2.266717248 5.159236665 6.000777352 1.391471904 3.828358859 8.126955899 6.493279219 5.106522993 2.371125528 3.696192508 4.802925749 0.714705143
-39.224526510 19.696759124 -7.733997262 -0.333962005 0.657595989 -0.288676129 -0.610494052 5.925127383 8.171196524 5.612223442 4.944708738 6.464290708 -0.159485157 9.470127118 3.392927843 2.276425286 3.437940801 4.856902714 8.930439186 -1.175302649 1.373178393 -0.379558397 9.848007629 1.850763187 0.266995844 3.054951120 -0.921823080
-42.154661120 24.523416425 -13.606773427 -0.262602834 -0.390976783 0.584222369 -0.660954711 3.413820832 9.316858063 -0.230385392 7.753496833 5.920861503 4.346070132 1.150705481 4.280428175 5.091593569 5.275357495 3.233208968 -4.695112465 5.677653314 4.447332178 0.709678916 4.434986333 4.278988750 4.770021263 5.615668890 5.682713010
-38.231979779 18.168559192 -15.959646274 0.239273250 -0.928477140 0.163244106 0.232443271 5.746174488 3.396024022 -0.916768478 -4.841922425 -1.170191214 6.746774211 1.913333119 5.161818459 4.550029213 0.518880014 3.639570968 6.259396496 0.313682175 7.918308432 4.859350182 3.037599985 9.808140114 1.934555920 0.981615336 4.733269391
-35.726769093 15.026195180 -5.163698849 -0.387932078 -0.509802338 0.638102340 -0.427124904 8.926645358 8.423942049 8.487978921 4.584283281 2.028620182 3.063514397 2.695331091 3.565887758 4.851429916 4.443004763 6.285110784 4.363145100 6.322421031 -1.800196048 3.704544007 5.264634031 2.349580445 -0.076311753 6.263420499 4.977598706
-32.030452310 23.697187178 -6.025968329 0.502659658 0.834563290 0.125375472 -0.187398974 3.282826452 3.404587222 10.861526553 1.169125815 4.586269454 4.335223491 5.533263587 5.998303314 5.181140504 8.355873249 8.379284927 2.320626809 10.062944728 5.742129657 5.431038814 1.216262091 1.939931444 3.946763694 3.721106271 3.706948570
-44.666984769 19.626295293 -9.582313114 0.856139466 -0.196086914 0.175566454 0.444692655 5.149571909 0.737955791 2.019189563 1.495035259 2.657653472 -0.626371911 4.039921179 1.425677248 12.708795989 7.643994333 3.516520688 -1.826839386 5.696526583 2.864995196 4.529545124 8.678418283 1.883663128 3.824032954 7.863403560 1.604894101
-31.169945529 15.621482937 -7.545702230 -0.538620317 -0.367784749 -0.296565166 -0.697618545 -1.451291953 3.957594474 -1.305304820 9.145322686 6.994445234 7.740234263 6.604012627 -0.383355511 1.712589966 6.391234039 2.241835088 2.464003518 0.159119104 4.326535311 0.857798026 2.133136762 6.914054450 12.425181248 3.326289931 -0.642525953
-40.930681952 24.468163243 -8.177122098 0.417406068 0.748185123 0.169286532 0.487168622 7.488991094 -2.160590076 3.304833872 5.308102339 5.072438115 4.959989202 3.433922577 6.018713121 5.338659983 4.862891580 5.064424027 5.292323862 6.980068948 7.797002011 5.087842122 4.731315127 1.336366342 1.672418346 1.198654563 4.532390809
-42.805693187 21.347473928 -7.473153337 0.297067299 0.947258988 0.107257107 -0.054289428 5.345740458 7.464364787 6.934810991 6.110678055 4.780294014 5.905619662 5.430882962 -0.404221249 0.894063009 -2.775991165 3.209857614 5.557046522 -1.258109433 4.352246849 2.223726521 1.246736457 3.155782421 3.203866882 5.523233093 7.391816820
-31.201434870 20.753758179 -19.283604155 0.464938932 -0.490592625 0.703562308 0.219432777 8.885565441 2.386922996 8.706336517 5.818197147 5.713111461 7.462571147 -0.061638991 1.543860357 3.696344628 -1.318914594 0.919157270 6.498153972 2.410706961 -4.149528668 0.880701235 -1.214748181 2.902120639 1.701354436 3.019398836 0.270515492
-33.576541756 15.326019246 -14.513267004 0.557909497 -0.763160459 0.305955617 0.112757557 4.657122430 0.951053533 4.768370731 4.909646943 6.345966047 1.694120437 4.824385209 1.726197049 3.500346938 0.243338863 9.052254183 5.629502214 4.332061923 0.692343735 0.622175611 -0.058291164 4.002322928 3.631911180 1.615428407 5.348774073
-41.003035545 19.978281953 -14.180561328 -0.623436757 -0.682312583 0.336003874 -0.181321663 -0.099546797 -1.960132844 8.861463639 5.706278315 8.186846097 3.053309505 6.377191209 0.640575372 2.102105358 4.948006129 -1.143043995 5.826283751 3.135843086 7.077428322 1.946519878 6.253838568 1.530402049 -0.613753211 0.139879979 7.699859274
-40.158680181 24.355110170 -19.470896326 0.065429204 0.514731506 0.816191852 0.254167969 1.401675257 9.106949839 3.854303872 1.087874736 2.724988195 3.377403395 4.031763596 -2.830258768 0.056515472 5.299941371 7.936850774 7.673822439 2.684959050 -3.868952108 10.034277021 3.016093648 5.060786083 4.172580727 4.826931000 6.053053750
-37.325337447 17.770341597 -8.885082809 0.678517500 -0.732193598 0.053518746 -0.025343273 2.985243204 0.682744636 4.180090477 4.375962503 7.930206196 1.190091132 10.087810680 2.774932870 6.372993976 4.310978061 0.432071687 1.229772696 0.813165041 3.515615335 6.959848382 1.657276346 5.135194426 5.456110750 5.912859308 8.788888134
-27.442387059 16.450810950 -13.124821125 0.524107399 0.137410704 0.560738812 -0.626100405 6.476326999 2.526243081 3.351031936 0.647058572 6.927360374 9.785440337 2.906911874 4.421246029 4.190437225 -0.319413686 3.075628396 7.288424264 6.012953363 0.051374016 1.506725222 2.014231877 3.748297505 0.492491901 3.883970623 3.897653188
-28.034766261 17.508742511 -16.635572697 -0.234224574 -0.738267426 0.304180149 0.554593990 3.218630432 3.930919424 5.111868125 -0.296904551 10.449658991 4.553444804 -3.457384809 3.288903269 1.875298061 8.215352353 4.882033921 4.992469538 -0.889569223 4.626856245 14.163257847 2.953292216 1.124328230 4.889221036 0.382072680 9.496416255
-41.202016921 21.210899942 -6.388080419 0.392688971 -0.641366852 0.533120075 0.387591175 -0.026535567 4.220380406 -2.313904775 -0.496918874 3.301166931 0.297759687 2.645066092 7.768465686 5.340161636 7.920213046 2.331204627 6.674626501 8.318072676 8.571067752 7.240359207 5.836580074 -0.539348882 6.312957267 2.468258337 4.157407187
-44.290289109 26.113946330 -12.640811778 0.691522739 -0.280476088 0.660804283 0.080418687 6.100684578 3.492636760 3.782517643 5.949069580 -0.190216643 0.709033477 1.236118667 4.292249240 6.494677753 2.275678701 5.089289708 6.772644933 6.777354810 -2.219866324 0.797158850 7.502580469 6.601510874 2.795997005 6.080174833 4.120536967
-37.343860651 21.344387157 -7.530339597 -0.832777304 -0.543648223 0.013703102 0.103637813 5.417266461 7.050372848 6.555927270 -0.525111126 6.051584680 0.210150959 2.752339424 3.304264361 6.614424455 5.303749880 4.793563867 1.939913119 6.517590512 2.155612283 3.641391350 -2.286814125 4.198516587 7.417443144 6.378747207 4.574153854
-27.531326380 16.737152617 -11.436756527 -0.619900832 -0.419227479 -0.075174649 0.659029628 6.762193412 6.041384949 0.470241537 5.461265742 6.758558556 7.813036370 5.512670614 3.704725996 1.518919007 2.090540968 6.725904162 3.064950753 5.571180189 1.715085664 0.542845059 2.264684665 4.679431503 3.870633806 2.716746866 6.502147409
-42.145483516 26.816233463 -16.475360898 0.611476845 0.717119198 0.091630261 0.321620925 2.414858999 5.914078748 2.780453392 6.537707825 3.825170200 3.237573342 0.301094509 -0.225971767 6.185723566 6.287609037 6.235250584 6.394390046 3.867743417 5.160366258 2.183927940 -1.065100946 6.978272018 3.263520457 4.649518940 5.190871442
-35.993052974 24.493775100 -8.137079643 -0.941748790 -0.128687670 0.306887538 -0.048669690 5.321699668 1.663031480 6.259165523 9.565624131 1.234256600 10.045709586 1.399614280 6.260147642 8.142443087 -1.200743195 1.652099931 12.281327998 4.316955320 11.196790514 -2.796421219 5.903736659 1.496413941 6.503798224 4.041401588 3.208050467
-29.256456701 20.980440879 -8.708082838 0.622084484 -0.029237389 -0.775188180 0.106015827 2.892836469 4.368953055 4.758688509 -0.807301844 -1.911622109 3.573387438 4.644223838 10.185624481 0.406016257 6.773537685 2.270669528 4.325313080 5.991217698 4.640329574 3.964748975 3.547716945 6.633337467 6.459510060 1.638406619 7.449469418
-31.732413475 23.929194621 -12.959504706 -0.532047410 0.634415714 -0.089523832 -0.553559156 1.020852772 7.413541047 3.007851831 0.803486153 0.154839091 3.149850738 2.999741362 5.473610907 4.619890668 4.565979253 1.567605712 3.485539417 6.599827495 3.453351435 9.523003493 2.737599268 3.889547781 3.520463282 5.388652283 3.269347826
-44.133459576 23.551551982 -12.463128833 0.135413201 -0.667386782 0.162528546 -0.714032646 7.450809661 5.785185019 1.915124041 3.459556578 1.954217882 1.981296359 1.124445221 2.063978583 1.442872055 5.381545022 5.178700147 3.025605311 4.225940082 2.427992760 -3.396689861 5.936669356 8.551440486 3.460490177 2.125147938 5.889783701
-30.017637429 24.378555261 -8.112069154 0.790104940 0.073435692 -0.266123336 0.547283979 5.690117094 5.882849556 0.059574738 4.154573651 2.049399725 7.346302516 2.829723351 -0.187918867 0.994892867 6.448901117 5.654851694 3.110855983 8.004234405 1.839334994 7.488495869 -1.159865045 4.517755892 0.659486752 4.352193313 3.367608125
-38.860605208 20.497131140 -10.126952783 0.347827666 0.496141140 -0.600666279 0.521593620 4.902935026 2.930680185 3.557447529 6.612775817 4.713133566 6.903510649 3.339579368 6.301623764 4.123398124 9.194313750 7.309932749 4.892548656 2.402922807 6.024667772 0.643330073 5.035436092 9.305572267 1.071202025 0.502353237 3.144393745
-30.014115959 24.964577928 -15.984979524 -0.794830444 -0.475922383 0.146164299 -0.346955975 3.362069199 4.633908436 -0.942455222 4.373365184 -0.674730129 4.750471309 -2.047714764 1.441294390 4.816790333 4.434731341 -1.844789539 2.701601854 3.987298229 4.721459683 5.733608476 0.967688909 4.709574362 4.454833240 1.613612864 4.735238485
-31.868595075 20.403973274 -6.291089213 0.728592555 0.374051463 0.506664349 0.269313256 6.501982431 2.145662870 2.658381593 6.532224524 2.508174651 3.564247522 2.381452821 5.049914301 4.204954304 2.066826763 7.159491083 0.256431102 2.231180091 1.994190953 7.515446739 1.472219899 0.180558036 1.988603980 6.891918385 5.093065072
-40.218385735 15.821986092 -4.644589293 -0.017166572 -0.322542751 0.696683034 0.640549946 2.783230894 5.719098624 2.479687073 3.665508628 7.926211388 6.469351602 6.387669398 1.680264192 3.481038690 8.563764527 3.723078795 5.257097882 1.298284391 5.252939773 5.588405067 2.141318028 8.964371550 2.989741389 4.041544400 4.236591234
-40.465654264 13.618361104 -14.336754623 -0.699137261 0.330356385 0.618630645 -0.139168509 1.501625906 8.443963447 3.216641396 10.886587883 1.731303275 5.781045078 5.010631789 2.601286688 0.920459410 2.117007795 7.233428446 4.453293732 4.962185807 5.271870059 1.827268701 9.259935526 1.582796169 2.122060199 6.527027403 8.667320355
-33.718983468 25.638300528 -8.563731422 0.619712102 -0.657915155 -0.348906021 0.247727974 1.643925143 4.780889985 5.789045240 -0.365290988 6.907455974 5.323019985 3.209729408 4.147328778 1.336013613 0.681156998 4.955211119 5.755382951 1.951095677 6.221220320 5.557824057 6.154195780 4.820960983 1.952963224 3.428992258 3.882284233
-33.879247284 28.683733505 -10.639261187 0.225199647 -0.533901512 0.013829815 -0.814888355 7.937016366 3.465694384 3.888943754 1.759269177 7.206859096 5.339433658 5.554641407 3.595841658 3.791608034 -2.362652136 2.627442246 8.949860780 5.604452862 1.558143250 5.811340496 8.739386091 -1.027104552 2.189473109 8.126528231 1.536252588
-33.455974625 24.666785627 -12.622593377 -0.449823760 0.866049662 0.049442177 0.212537148 4.587231264 5.681794226 1.305744723 -4.125031623 6.001198423 4.603441898 5.067511309 3.032658064 6.205481328 1.880645050 -0.111493602 6.277113456 5.764548698 3.959544479 0.257501228 -0.202658868 -0.105732275 4.342189458 5.521649138 8.127536078
-41.281060419 25.330499702 -18.583947437 -0.431718503 0.749722511 0.250002511 0.434780444 3.762457820 3.207089261 4.171994507 3.711187949 5.350959252 4.093557744 2.926858460 7.311339686 6.402897605 5.213889010 -0.145875820 -1.634493031 5.993789788 5.942207648 3.958942488 5.270861715 -1.237283968 8.183455733 4.461445960 -0.448526698
-36.597177362 13.600939291 -7.119061163 -0.892066565 0.225444858 -0.388450497 -0.049980706 5.726905810 0.207854824 6.493053141 2.540593198 9.494058169 -0.878542115 11.867127494 3.381959507 4.559476230 3.714306530 11.597938788 4.884040167 0.233457461 5.976074126 5.608414633 0.990717117 1.729843084 5.126364580 4.198413080 3.885290041
-30.498889649 13.068906088 -10.453785553 -0.545046700 -0.324973949 0.699742554 0.328140802 0.977273831 1.560267562 4.149663325 5.328278986 -1.143047807 1.275039771 7.569178284 0.230343699 4.927117994 5.898776997 5.596231371 2.210663792 4.033957581 0.991225751 3.965903708 7.633482893 8.088468192 7.499567840 2.690753358 6.448806351
-45.467281732 21.994322847 -9.322877156 0.250971009 0.514067572 -0.792676556 -0.210741457 1.820342941 4.985037442 7.340830644 4.412540778 1.773324342 -4.094207172 2.527828943 1.802087460 1.298473353 -0.697706735 6.031599917 1.585115278 6.052412274 1.042161452 3.218755341 -1.510391860 3.710982038 2.069384850 1.222882655 7.571618925
-35.049602785 21.816923856 -16.787400757 -0.364496868 -0.599645479 0.540989864 -0.463570168 0.524400576 0.358914108 1.101730699 6.322501379 3.772551368 2.019143634 1.978805625 4.608529370 1.831332387 10.366520307 -0.151406215 6.434677272 -1.136217934 7.661106158 4.107353439 2.512251603 1.887447460 5.692603249 8.748614974 3.198351091
-36.901147049 22.531510503 -4.929818992 -0.804547311 -0.169495447 0.560734936 -0.097730494 1.788033857 4.431483379 3.758893748 8.664319317 4.762928610 3.657828562 7.984563711 6.768477069 1.144440426 8.062162836 1.838748158 6.806827061 4.905938686 3.521189971 1.408834296 6.098894255 2.335635550 6.010691477 2.562893213 6.052133227
-31.768101953 18.566425367 -8.612942105 0.484354222 0.618227357 -0.164672385 -0.596723494 8.322677756 0.845379789 9.928413465 9.938837854 10.542606275 6.943141314 4.006177917 7.315697473 -1.923463299 7.081868244 2.923310891 2.436229102 0.400760741 4.109509882 8.347154003 7.890654831 1.340289129 5.107000232 1.621578537 2.846390075
-42.419105644 20.308166986 -20.196406033 0.110681282 0.934060988 -0.200569804 -0.273955249 7.204527088 2.266500135 6.179334807 4.653749345 4.028909162 2.145106376 5.991444173 3.148232214 2.723325377 3.566925757 1.936951730 4.985424385 5.486788787 6.109255267 1.653729111 9.136569989 3.693518728 3.869729417 5.047041834 2.303587059
-39.275121784 26.127881035 -18.920724832 -0.601720794 0.327842133 -0.313236773 -0.657521365 5.895803852 3.654281855 2.669719139 -1.322835581 -2.439360089 8.657336665 9.496712991 7.148181409 7.730135127 4.907100993 6.248188435 0.617826958 5.239674626 4.326830400 0.418413069 11.375368415 2.931073455 2.287251727 -0.350945341 3.448080770
-38.639164549 17.639496211 -12.487094374 -0.062006671 -0.072195708 -0.966869790 -0.236866550 2.514939531 -1.992359232 7.043237925 1.272931675 2.933673314 5.698193072 1.085208111 4.270537328 1.760905438 4.706185249 -0.417007471 11.482862698 2.363765772 -1.512316705 4.275473797 2.861752403 9.154687149 7.630496327 8.142821822 0.084334649
-34.462582402 25.767997250 -8.593943701 -0.745943612 -0.388977424 -0.338350292 0.421644129 -2.056646882 1.675467762 9.538173485 -0.462612421 -0.696509999 8.386241597 0.512437049 5.216810046 2.944592648 2.477806716 5.715464669 -1.261081748 1.495846415 7.183852700 3.835467702 4.909221191 1.119654255 0.539937655 -2.746627080 3.324651580
-42.474371427 18.792856340 -6.674908721 0.518111314 0.101997350 0.722341318 0.446520130 1.720545933 6.529293135 5.256963930 5.075179869 6.633338418 2.205480393 4.542751421 -1.589519437 4.756948767 0.961777589 3.591169098 3.902532546 3.279283360 5.049888865 4.209847867 3.083594740 4.900898380 4.592597959 -3.728233307 5.598409367
-38.984209585 25.665400705 -10.913472620 0.068762239 -0.140326658 0.117318051 -0.980722519 2.964210057 3.213070280 3.645706679 4.356276560 7.382181838 6.739635120 -1.256366938 7.121624160 5.643025840 7.094280485 4.080138162 2.644114957 6.560082723 6.568213693 -0.508063674 2.873045361 5.515283248 0.546775475 8.312668147 3.589961642
-39.281282173 19.848576516 -6.655628065 -0.288127194 0.614630703 -0.671970528 0.296086861 6.193001298 3.589340686 -1.910905302 2.435402801 3.032817428 6.442352350 4.985157716 -1.107093353 8.881288909 5.647247497 6.867610021 1.161615788 -0.502463097 6.272581468 2.846385228 5.057911403 1.008653732 6.453682650 11.988530432 -2.842174682
-42.797519155 25.336079931 -16.978402211 -0.190611602 -0.695501366 0.634211519 -0.278784534 7.842763495 2.496001213 0.477318584 2.069257376 4.208162552 1.044198148 2.912217239 2.539325134 8.428625360 6.051202747 4.217153900 -0.565663477 4.086450452 7.649661037 0.799128933 8.853070019 11.143708066 5.456646403 -0.045527486 5.330037273
-36.093065071 22.066065042 -11.300642563 0.122929656 -0.108710896 -0.943534694 -0.287771647 -1.596990049 -1.524480481 6.321824332 2.640012033 0.849755204 3.219428228 9.401045209 2.647353256 7.037836350 3.554508517 6.923137256 3.667121215 3.564512501 -3.658163685 5.130660815 1.550507075 2.308450425 1.228931450 3.874735989 1.208862911
-36.762593943 14.660833519 -7.770595464 -0.488872656 -0.557867216 0.489927621 -0.457994129 4.963482571 3.749666252 5.242704971 2.958861476 8.968248929 1.151725587 1.901390947 2.345346222 5.513710497 4.518328370 5.344392251 7.272795801 1.063295113 3.866729332 9.275830244 5.388786540 8.802445033 6.588020219 -2.657842473 7.224627563
-39.654175944 12.016766583 -13.965121965 0.574837244 -0.335034301 -0.673965362 -0.321068297 6.042680573 5.188833695 0.931380073 6.033098937 0.548816935 6.624897823 1.255400947 3.150745420 6.821074424 4.675548002 11.091572104 7.582838879 -0.113321641 7.004450988 3.095222795 2.071207111 3.105784465 1.267209900 4.630428691 6.787931214
-34.734786774 24.836562502 -17.656598656 0.741250522 -0.427280873 0.515937945 0.042270031 0.039908638 3.390999913 2.169426662 3.590320586 7.751598346 4.961516344 7.371343486 1.220490220 3.472967734 2.515782619 0.033286826 1.941339301 1.562720952 6.085381738 3.036192479 3.849285812 4.485500433 6.867442888 4.854771259 -0.340142681
-31.503341083 25.524152064 -15.439944433 -0.307223149 0.012876401 0.949943541 -0.055275701 -0.400524354 1.084102120 2.288393743 0.919645309 4.060655673 7.105704873 2.253787720 4.383259709 1.187024255 0.796501705 5.434026891 8.949851536 8.458231660 6.010318411 -1.443995703 3.174885664 3.804631707 -0.818121933 -1.359144211 9.262085239
-35.774931657 14.021201130 -16.815943308 -0.752850045 -0.083912588 0.540624401 -0.365924508 -0.134646714 7.963130084 -0.016740661 2.973803969 2.536863678 -0.614446452 0.385437236 1.530165341 1.429431958 6.494023520 0.821140414 4.946351240 4.969009489 6.574749317 11.312396902 5.366454792 3.028165809 7.338490403 0.804173742 6.449751184
-29.999780700 21.294249133 -18.220242537 -0.749770541 0.252162868 0.491081129 0.364825094 -2.175758163 4.881786884 -0.788446121 3.007106176 8.049053938 5.655978936 0.344789390 7.312607115 6.071796666 -1.183939325 7.430890471 1.674931748 1.900555598 -0.676154205 0.476460827 2.354348396 2.109884118 4.654475396 5.199055647 0.512574808
-31.554956243 18.823397413 -8.505502059 0.472596565 0.070958321 0.653870102 -0.586575906 2.848678613 1.085155551 -2.444813955 2.193677579 2.045578932 6.548100390 -2.061662455 3.281753632 5.435530150 3.440762054 4.147569443 7.369791863 -4.932159580 5.065555196 2.870930447 1.057769225 1.199832921 5.824579679 0.686450945 4.758597412
-30.290746420 26.353343890 -14.943820460 -0.175128792 0.828377407 0.394972965 0.356534899 8.048885710 5.071409355 6.165669063 1.395275857 4.882250746 5.435611322 -0.347424750 5.476653883 -1.022901059 -0.001707166 0.035896305 3.506612199 5.902241462 2.368737082 5.015663371 4.791802826 2.234827732 5.997454119 4.775223812 3.658825205
-40.723822118 24.370968304 -8.123068497 0.123550248 -0.620768260 0.692541732 0.346075212 0.739798063 10.862294500 7.830947075 2.361196019 6.885539857 3.539057342 0.614772545 3.667230037 5.543810749 6.567082963 1.704038634 1.754405043 3.885559729 2.499263009 -0.384501822 2.882181560 5.796298253 6.016209748 5.057128574 2.721511320
-38.049385391 12.979714119 -10.394047023 0.199739208 -0.751370615 0.391620787 0.492117473 3.251592053 5.665700498 2.212339120 7.675331503 -0.110698248 1.468171503 2.322790214 0.156448400 6.778674262 5.388871503 7.795628096 2.631957087 4.009750136 3.336975328 2.099005293 2.083199718 8.826594886 0.733099103 6.895913360 0.191786792
-33.970878504 10.864844294 -15.945117637 -0.623331976 0.595688771 0.387763293 0.325962826 8.149587884 0.822306457 3.772032536 3.371048947 -1.984807676 5.284005673 4.227813858 -1.269357873 0.800096933 2.742359445 5.103011573 1.577437551 2.670483142 5.729011837 -3.501824907 -1.895085465 2.326808762 -1.820310378 3.305131782 2.697496880
-38.628947905 12.838104728 -15.760260674 -0.239304490 0.460040009 0.800113079 -0.301522159 5.653508402 6.575343430 14.275081557 10.319150304 5.399693504 0.816383856 2.532822472 8.000404129 -0.703307681 2.149675923 4.193199154 4.098848975 7.503895425 4.594164038 6.081162213 1.508208582 5.161719239 5.233205087 1.679120995 11.089000987
-44.506470376 19.176787075 -9.747064659 -0.184331913 0.194772695 -0.505643653 0.820006000 2.430815392 2.203671389 4.203731329 6.170246729 7.773698106 -7.985791274 4.681854103 9.206254772 10.194685435 -0.166362159 8.548814075 -0.350220106 -0.518763373 6.433214514 -1.597662585 2.324469380 5.347023121 2.863537958 2.233273657 4.691476229
-43.173812472 16.405669544 -16.112710052 -0.913692545 -0.242466303 -0.201495903 0.256467204 2.076437502 -0.268403473 1.269866680 8.729514334 2.948539327 0.312302992 0.160041178 4.182443978 2.449864618 4.298331243 0.863832558 -0.847691091 9.145553055 3.054089862 5.090569666 8.844124849 7.675254644 1.629636290 1.953653371 6.852691753
-33.356819049 23.386483981 -17.203314150 -0.482908311 -0.127004540 0.423220960 0.756011527 3.155426409 4.321158914 8.434480123 3.024168600 4.092745567 4.842119778 0.839731008 6.336405226 4.187403880 -4.291360374 7.732000713 3.425614876 3.540952212 1.000098861 8.028142117 5.818275061 6.188690637 8.178462958 4.427961621 -2.489942346
-41.394164049 17.424656435 -18.399707475 0.646160136 -0.175814787 0.733861923 0.114074174 4.673111427 3.490667589 4.809042241 1.768948319 -3.381427970 6.483268417 0.748213502 1.143984476 3.471457644 2.037625155 4.921192434 4.756052972 6.109725024 0.668081618 6.561236552 4.148319547 2.702871282 2.234883322 2.164010560 6.297599887
-35.320815642 26.014948168 -15.182402424 -0.184274466 0.869620668 0.458041953 0.000620301 9.706641196 3.382608276 0.486921133 7.794972879 6.548066015 4.119448964 6.803915796 0.963081670 5.108502788 8.654988914 2.940256141 2.412304481 7.847120872 3.475957334 4.614207957 -0.360766055 1.411354469 3.003743194 1.526657061 4.826681741
-40.078148720 26.184253918 -7.672910404 -0.749290779 0.452817345 -0.445912638 0.186230232 6.105521428 1.150735920 3.380695215 1.671021809 4.261134111 1.781464730 3.328441823 6.266710375 8.904354322 1.781484504 1.518019977 0.123789901 3.966890555 7.354556619 10.071369874 1.185043052 6.298441684 3.649915380 0.351924648 5.664057838
-37.009137879 27.962235487 -7.001404503 -0.587079381 -0.779343251 -0.215299238 -0.040101573 -1.348219036 7.180875326 4.872192259 7.274040140 0.636046418 4.220826339 3.790346937 3.344434640 3.002367112 3.379385361 4.734171625 3.659248563 3.640716502 6.531910658 -1.950097330 5.868611052 -1.903887546 8.288715351 -0.288367218 2.486120695
-37.922730435 16.094305034 -6.858919021 0.227564620 0.728114124 -0.354943211 -0.540443784 6.007640820 4.640115665 6.190014947 4.183547740 4.042122572 9.645418465 0.292041660 0.789778424 3.157010819 5.616639449 2.152629061 10.671566719 8.216626027 2.801208821 0.451110048 3.821918998 4.072482936 7.824382885 -0.608306311 4.606162435
-41.569923983 24.175550679 -12.381580991 0.609219762 -0.303681934 0.714850119 -0.160055839 2.685536166 2.575757629 5.796025197 6.959265322 4.326729385 0.730368525 5.367887696 2.633046214 1.711094902 6.605006265 2.835672320 7.345567084 8.730646948 9.729355207 -0.711302729 3.773836416 0.998708902 9.082376612 2.483530619 -1.965059814
-36.454768112 14.179999291 -8.919086653 -0.131613527 -0.120857944 -0.354590023 -0.917789274 5.058151888 3.666487514 3.710148048 4.601939795 6.735470413 2.787748516 9.285273563 5.158923123 7.531479924 -4.424429492 -4.540598891 3.426913408 7.939814959 3.556851255 5.468811709 5.748217067 4.143259171 5.185412806 7.512123201 4.336299557
-41.517370113 13.728949187 -17.802859617 0.110939659 -0.357172198 0.760559987 0.530724899 3.730926058 2.887403656 5.104002796 7.129582824 2.754805668 8.321758285 7.258101771 3.014061890 6.208284951 3.340834068 -0.137959941 1.977841758 9.660034414 4.725924435 6.903381370 3.375491618 3.900887995 4.885155181 9.889596076 2.840503079
-39.969156568 27.087702532 -16.305846580 -0.310067389 0.000304713 -0.950414031 -0.023901710 8.473432689 -0.853448623 8.274478343 8.264535677 3.111751596 0.712701089 0.662026020 3.214885621 3.713489416 -0.232524893 3.370091735 2.838973943 2.150153930 3.052089847 3.946035987 2.793741762 1.637290178 2.001477400 3.965967447 6.161216271
-34.269533018 18.604689575 -18.513129973 0.206846110 0.808109154 0.170287516 0.524572630 0.035949378 2.452107076 -1.122133836 4.606470216 -0.203299926 6.539766154 3.800120155 1.289279145 4.041031363 2.692639439 4.643837361 4.836430928 8.837464641 9.198771956 -1.135231677 2.844801555 4.672289503 -2.224439513 3.121156308 3.114994911
-42.481660089 15.004769105 -7.703572366 -0.079193305 -0.398482380 0.688557549 0.600690199 4.654556484 -1.859909330 2.095494927 -3.501921394 2.459008545 1.888329740 4.097936582 5.134179133 2.868965907 5.667688490 -2.898177554 6.856017438 3.748592218 4.151630467 3.550042209 2.990246347 2.313255690 3.189974698 8.212877524 8.380673382
-42.465594145 17.392358127 -15.299335475 0.234994740 0.233847020 0.840201392 -0.429132455 1.473500164 6.487929894 4.902888488 5.339846799 8.033601246 5.247393126 -3.070325891 3.101278063 4.289557159 1.808430925 9.634981850 -1.431668776 -3.055169878 5.319117129 5.545743395 6.531346059 1.792357867 5.400153738 3.312666791 5.017334147
-32.095068248 18.436370846 -8.699649321 0.375132030 0.882179839 0.125084834 0.255711704 4.162478327 9.336270613 5.395132370 6.977634614 4.920317681 6.757732368 -5.187492152 -3.667814578 6.696192649 5.965582353 0.358191302 3.927898200 2.335112899 10.344100737 2.311091456 4.542320617 5.733048567 2.487755070 0.010143047 7.298161257
-39.547572989 14.853309045 -5.542546427 -0.266046353 -0.768526673 -0.566280491 0.133837575 4.150320107 4.821048675 8.999372770 -0.270796759 -0.835359592 4.400456206 3.172404824 4.931259863 2.476241510 2.293518680 6.712265409 3.860267952 2.668088120 6.041359792 3.140794911 -1.635534078 1.277543238 3.931833483 0.963385317 3.058911515
-32.782684604 23.922321813 -6.603901276 -0.432591744 -0.007069749 0.600254295 -0.672688028 -1.867701127 1.163814985 3.816322689 0.847699883 0.530924127 8.525891813 2.509527561 5.417876624 4.166251231 5.320044548 4.413079395 6.585200770 9.127254650 6.093971092 2.469413423 2.934902161 0.447890352 5.220912346 4.836572897 3.897161880
-35.177605929 17.740675794 -8.103748281 -0.165054233 0.128309498 0.865461307 0.455269700 3.165610046 0.916958396 -1.050397976 5.179530453 2.641780866 8.417973263 7.719935136 6.111551397 2.150798864 3.511218662 9.100946141 2.583390867 6.679977076 5.444274348 3.119309176 3.627874489 1.787925217 7.349770675 5.281183733 3.786639817
-38.872290962 16.851098610 -16.720144940 0.354882825 -0.926801654 -0.122867111 0.000739416 7.331257873 1.135217902 6.692503826 2.014594210 5.600050569 1.512168503 -0.537246825 8.013978796 3.771250530 6.433796610 4.154408315 -0.227159169 2.837614696 -1.251205732 5.149609672 0.992254577 4.700819515 6.279852878 1.770719483 4.755776695
-39.592456418 11.218841857 -8.169672695 0.202686192 -0.655636456 0.025617466 0.726913262 9.716964342 3.398899063 10.252655792 6.660607943 6.053078069 5.543100759 3.013009834 3.584573597 5.354987991 3.801458612 2.387335158 1.650799413 2.454813497 6.642573554 3.291727515 4.804709142 7.801566535 7.324420187 3.174068347 0.217403545
-45.489386431 15.750468288 -10.482810323 0.307394863 -0.414624991 0.730140300 -0.447760714 6.516998324 -0.408564284 -4.055207760 2.707812989 3.831432444 1.784437527 8.376085953 0.169388509 2.004585691 4.550323721 7.101450352 2.142701495 4.376211719 4.942342292 1.891192243 12.633625583 9.251534040 5.435354222 1.189489520 6.937482512
-28.548279252 22.034414000 -14.128226067 -0.036122880 0.251816460 0.962963846 -0.089354566 3.162860834 2.475563292 1.865581273 5.034142140 4.045948602 3.550487579 -0.252986401 0.934203366 7.588450669 8.673991978 0.791858023 8.434592671 0.715609758 4.102562860 3.948742704 0.518783850 1.251660963 0.019278547 5.799021157 2.780393076
-35.508847786 18.763675050 -9.710751273 -0.764931300 0.449776633 -0.435198234 -0.152261564 2.505068351 8.157216824 4.370183584 1.038644299 9.501635112 2.690840615 2.720210385 4.878542096 0.832688187 6.632101297 -1.916691660 1.883774594 7.702315683 9.105353431 8.852467004 7.052437607 3.910079832 -3.440665919 1.038064139 3.512506164
-28.209538213 18.763098421 -11.049361267 -0.390024484 -0.898624833 0.080678465 0.183970913 -0.163821674 2.908964121 1.912537930 1.026059414 6.441606740 4.504630589 4.895762703 5.176599922 4.296618106 6.299327230 3.495379376 2.448267069 0.585825008 4.932379549 2.059975144 5.244724477 -1.994251805 -0.688097323 4.841939668 3.867924894
-37.285901241 14.148561445 -7.553915693 -0.976703518 0.104092597 -0.186316307 -0.022387573 1.200598831 0.175624738 -0.505835896 3.946358469 7.767467124 6.459267196 1.478659240 3.379647912 6.053778688 2.023764263 1.506160171 1.893935806 -1.605172884 5.278308670 -4.946857367 -0.326618109 6.074543035 -0.711184452 7.192875752 1.034097325
-34.102529461 20.300208926 -9.966388737 0.514084862 0.124794217 0.166531027 -0.832112117 0.013774338 3.416128983 1.536988702 3.096071523 1.975606400 1.360817447 5.742956711 1.168307290 4.777623827 10.360204177 1.252242298 6.009714969 7.000077218 0.041341847 -0.292713191 0.020346221 7.078783751 4.735179225 5.128110614 2.877295173
-35.995989649 15.007905900 -7.640622190 -0.167409209 -0.413819294 -0.590447169 -0.672383736 3.130092753 0.000412045 7.466141699 3.498329157 5.215838521 -1.152967588 2.927035047 -2.123600696 3.108125037 5.798136449 5.906189740 -4.197782307 6.378403316 4.895482364 7.531019818 2.003319357 9.710508238 -1.221059142 1.050439019 4.182397951
-27.516999549 21.050225329 -10.317030688 -0.618484082 -0.616542710 0.107181108 -0.475252288 8.903206656 9.134874127 3.707025370 3.634904747 4.743343861 6.656133142 3.387808987 4.650321093 10.042799933 1.915314062 5.920640327 2.862571917 4.644652204 1.751983842 7.218463292 3.443899941 0.024642700 8.164301455 4.285534641 5.413201638
-38.873851621 23.095826171 -5.023639570 -0.699625597 -0.257416972 0.637924175 -0.193166439 0.057805938 1.916817579 0.950513889 -1.045195305 1.319507478 3.241334377 5.705174426 6.483535554 8.856658564 5.629102209 2.351201204 5.028302516 1.718802222 0.111720660 -0.307229389 4.545896473 4.611633478 1.913961585 2.991501832 5.043129140
-41.362095713 13.632278835 -7.572576506 -0.586064121 0.442935214 -0.449605625 -0.508125992 2.329926414 2.067050116 1.563029623 9.291336248 -0.233727340 3.528633993 4.237861884 5.428827061 3.525186344 3.217065978 4.277056038 -1.347317488 5.535054205 5.384910912 3.435918218 9.139034677 8.190105662 7.828782460 1.366193577 4.672359920
-37.018918318 20.128861124 -22.134093679 -0.559400259 0.455824092 0.247616368 -0.646515183 4.903164200 2.664777339 6.243549400 6.221965750 6.053382336 4.746955424 5.421006158 1.185399909 9.163553938 1.766867108 -5.440402662 9.888477307 7.692738693 3.525493516 5.558929687 1.261433640 1.146940377 3.079672444 0.916407631 10.015958004
-36.629518247 16.063800151 -10.701033484 0.744288359 -0.646686323 -0.148398306 0.076220601 6.094228139 7.138913964 5.713447617 2.980046805 -2.922779167 4.115811810 5.124008396 5.267182611 4.034292041 8.367222661 2.881170468 3.694440952 4.784341723 4.429394616 0.730052190 4.825764502 1.824217530 2.919990659 -0.556232414 4.661607478
-35.331067610 18.441672698 -3.140966666 0.667683460 -0.369193791 -0.017400172 0.646213569 5.596869326 2.131149268 2.846505184 6.757576608 5.002490612 4.347897966 6.964189412 7.082201224 4.130459122 5.575690775 6.463559954 7.719105822 5.017552251 0.285969860 1.974898339 4.401268612 4.684853793 6.114355905 7.663833615 4.850600306
-30.956268026 20.311380995 -13.304745262 -0.458751709 0.093136815 0.535578695 -0.702871158 3.259145519 8.636816063 5.790588193 3.341605587 4.494758407 10.225307743 -2.215444978 4.605261450 6.591852257 4.203686347 2.072609500 -7.054167340 2.150822126 8.539965594 6.183417359 5.461415374 5.174085629 4.763234061 7.686427499 9.722154924
-32.926245435 17.948719002 -3.788305552 0.077789044 0.428039409 0.185579524 -0.881073986 4.524419747 5.250438766 4.579749122 7.065500511 2.460613053 13.128173360 4.935371312 5.430971976 5.980569387 2.818772875 3.597183568 4.032071739 3.634505348 3.818334886 4.275603951 1.718405391 5.410849000 4.795202454 1.632509994 -0.539769386
-30.451368919 20.306001390 -15.952625653 -0.411315253 0.390962681 0.075001978 -0.819965029 4.838876691 3.255619986 2.254068556 4.246388094 0.838755606 7.779096262 1.448557911 3.043960909 2.111734614 3.297923652 2.283820255 3.184338076 9.967933711 3.542029481 2.621750727 1.127260483 5.796973172 4.627019630 7.420166782 6.345257956
-30.105097066 16.547812776 -10.257241319 -0.941057178 0.250608764 -0.226097485 -0.022058140 -0.389780276 1.061430411 2.995366202 3.044952613 5.262596791 2.649908681 9.127775355 2.688207752 4.866983610 7.358643878 3.775744636 0.671742954 1.496576088 4.877424560 11.492842805 1.815427004 7.613046606 6.099215942 8.620238553 11.094183390
-31.996739556 18.788900145 -15.860509349 -0.587169036 0.262266291 0.690170888 0.331832881 2.456958142 3.196618516 5.295747841 2.633342062 4.794605950 3.946311613 8.447865200 6.925190358 9.922150693 0.901936365 4.791514386 7.710651177 2.726615897 3.349668335 4.559875959 8.445164566 4.107303742 -0.596804709 5.754010674 2.788157799
-34.134798728 21.225533943 -16.634948499 -0.143366515 -0.128164917 -0.164892374 -0.967383224 3.252990378 -0.799901568 -0.250643155 5.807756433 2.208080316 0.854821071 6.661164200 -3.149825836 1.919344525 2.454775339 4.202093363 3.164484964 2.049248347 3.365162966 0.752100112 3.415885348 5.650385097 3.081127871 2.254681638 3.782721768
-37.161090089 21.902679284 -7.906794668 0.706527766 -0.624256579 -0.149023602 0.298184851 4.197658473 0.641976882 3.253752589 6.493718972 3.483178795 4.593342666 4.813211803 7.246936553 -0.126797579 2.828070520 1.342477369 6.142657541 9.425483333 2.717896773 -3.957488467 4.283791915 10.047373693 3.057003845 4.934792590 4.154028224
-31.680878693 19.355026876 -6.189135834 -0.689121459 0.502104715 -0.444285278 -0.274978293 0.429383543 10.021241882 3.840516519 5.711952336 5.345547348 3.662257010 6.871046030 3.381952023 -1.503880236 9.937992052 8.925539596 5.793539685 2.410350324 8.614842385 -0.485610894 5.432223019 7.321993554 7.675399678 4.748637002 2.650090346
-34.017992797 21.366451722 -14.916202066 -0.550977676 -0.135841726 0.058699796 0.821294685 8.627712347 5.615989579 4.026095133 3.389963196 7.324581636 2.106441868 -0.616270144 1.847430148 1.761104321 2.513614265 6.799498666 5.987060136 0.486857552 8.008927852 4.891889603 3.590317636 6.691795036 8.943905712 3.853019825 6.243290158
-42.809133229 22.717357315 -8.459347448 0.692951748 -0.693512050 -0.196430217 -0.016555378 1.070150597 6.481898323 4.766436750 1.473812709 9.104726137 3.083957158 1.984135785 5.822286182 4.316558047 5.409423137 3.109709223 10.989105575 3.509909375 10.027736757 6.221773013 4.862972598 7.576526615 0.329762403 -1.703989262 4.981542290
-42.016966550 21.561482812 -8.161454490 -0.353927229 0.742257359 0.422282518 0.381401369 8.492267122 3.984999777 2.688515593 5.246717557 4.054538837 4.009417208 3.826080199 4.568446113 6.024539575 -2.305599648 8.386377160 4.721020463 7.137558205 1.657429258 3.066816475 -0.667217323 6.953071248 5.799999201 5.188503869 -0.587898997
-30.213141635 25.423055383 -8.036284014 -0.460146943 0.719544584 -0.483051354 -0.192825758 2.266481340 1.696678990 3.578320250 1.197538878 4.066438908 9.351539263 4.055618063 4.768580899 6.192454335 4.963621159 7.049207339 6.226162267 6.000633263 3.589301898 1.336760915 8.882740351 4.754628871 -0.311960749 6.761163882 3.854793862
-37.854912570 25.727675759 -19.758581379 0.311667487 -0.006942253 0.708103590 0.633564904 11.035657128 -0.352869134 4.124808338 2.594936957 0.853872849 1.526753577 2.577965550 2.253610216 0.211878352 6.031227168 3.196514945 9.998768987 5.471643916 4.451655120 3.001491495 12.400591359 6.336772814 6.394503676 8.976497796 5.318953743
-37.656502385 13.410431112 -6.071208295 0.096987980 -0.366605556 0.834498557 -0.399757246 3.674675178 1.366676639 1.759231260 4.209408532 -1.324482804 -2.271615288 4.485898495 5.265047013 1.887938119 0.586861690 1.472625081 4.645020364 -4.045570397 1.419771135 3.798366162 5.026903432 4.748444629 5.447159888 4.136233288 5.974645115
-29.924756042 20.921998480 -19.083326819 -0.036982395 0.251409044 -0.579968855 0.773990906 3.768928954 17.844778781 3.661186091 5.210990362 3.224878525 5.011330239 5.761753575 9.169221831 3.659288193 0.873991080 2.155547640 0.498320608 4.395375106 3.318285369 2.873857653 2.206526407 4.364380994 4.786364670 -0.181898745 2.324887462
-36.909456960 18.185494910 -19.255861387 -0.548079205 -0.691371301 -0.381830049 0.275355630 3.037242678 11.235157012 1.955163226 -0.578401537 3.188734705 -0.986660451 4.806747990 4.462820053 -1.827435270 1.778473805 6.481708047 4.713779724 2.025293541 2.255705457 5.232600154 2.422452274 1.693379623 0.824979847 0.646373986 8.700447603
-38.745253561 17.246770125 -4.179601879 0.749592333 0.072382035 0.657897257 -0.006585963 7.519280612 5.473548921 5.246179168 -1.895200917 2.764989035 7.831308811 0.588701542 8.487566586 -0.831132517 -3.531545957 3.250484865 2.274242161 9.966489472 1.432958879 6.606924355 7.248577383 4.054861825 -0.790613319 7.008857271 1.415912380
-42.230595008 19.670605067 -14.145439077 -0.145920364 0.534057347 -0.711065726 0.433446111 5.169944986 4.110107770 3.045063783 5.762712338 0.730869222 0.908567431 5.355897293 1.996173739 -0.220821675 4.415213845 4.283377414 5.895787336 4.560067346 1.264807123 -1.630484224 2.387540579 7.674604786 1.375974866 6.308233758 7.073503662
-35.291071787 19.245502181 -10.244084142 0.549916975 0.786521439 -0.094329927 0.264721006 3.835432914 5.304821588 6.443471033 2.150917362 1.692225782 3.794153225 8.077671314 1.874214816 3.018697554 1.537940605 2.700397084 1.082007653 -0.846602025 3.265546056 6.781989527 4.760232941 2.847594013 9.541877211 6.658553017 1.113068370
-43.748030316 22.630214439 -13.889974136 0.678761496 0.240467147 0.023267212 0.693481809 3.349495679 6.421044385 1.053524149 5.877475794 8.640555850 2.305309940 3.899646372 2.945561244 8.052792898 -2.016945413 4.648523599 -2.142864513 1.857165918 -2.005796873 6.870721182 8.255973080 5.446341880 4.384905054 1.231800078 4.685762424
-43.302912846 21.804834313 -11.284151032 -0.253515675 0.652219108 0.714336285 -0.007981816 2.845855847 4.810984463 2.477415152 3.947705443 9.203425979 4.687652004 6.334481545 4.146305063 5.512907078 5.181988455 4.193768498 3.538107408 4.944214671 0.288494917 4.758102855 7.163116836 1.905740745 1.032283193 1.846769447 1.738785199
-35.179698770 23.392702390 -7.742906224 -0.000554082 0.417004796 0.767835147 -0.486349544 6.775009505 7.247626668 -1.076578539 3.886360832 -1.636824763 2.640315651 -0.531076373 4.559860294 8.260622109 3.501098340 8.418282372 2.834712822 1.009632127 8.728419495 5.320927379 5.414099261 5.702183016 2.345590439 0.034771092 6.033247603
-42.356909119 25.095180318 -16.507565812 0.767700164 0.541207492 0.233828358 -0.251107959 6.246663607 3.249460115 0.303710806 11.149157211 3.560350240 3.784600890 2.074938650 1.319648526 6.608157987 7.409991858 -0.530901901 2.132266192 1.631930027 -0.709858509 -2.900945114 -1.557567653 7.816939093 2.359448986 4.628133766 3.493976822
-43.182109316 16.969964576 -15.431459495 0.965414699 0.091106853 -0.079339199 0.231039591 10.075095739 6.071882172 4.888552161 -0.782244956 3.751814745 2.569746520 3.761152827 0.072109910 3.808039887 0.917387983 5.781049356 2.052551455 5.254898102 5.386880818 6.540677584 2.802787438 6.145807859 1.016644843 4.623420791 4.802279272
-42.098038492 21.785723781 -16.442156064 0.165858798 -0.641859769 0.033032111 0.747941024 8.004651403 1.625141259 7.850962852 1.611242099 13.949340371 2.332562501 0.607950080 5.229626970 8.231084837 4.662042824 7.524099523 4.497366732 9.220812812 2.176764615 2.961257244 0.553140636 9.253950508 5.159893679 5.579181449 4.396595626
-40.807007830 23.965576682 -17.118184767 -0.651402217 -0.114328881 0.726245140 -0.187542141 2.290614413 2.897346003 7.676101245 4.999397481 0.944186963 7.846754349 4.891231409 4.373590255 4.728947914 6.266513896 2.706703683 2.944571666 1.131098472 6.466904891 10.310554438 6.131354010 1.625677145 1.411214006 4.711683828 9.050338721
-43.929674453 21.774161514 -14.565074724 -0.842094389 -0.240460740 0.474969002 0.086371987 4.400052673 1.607754927 3.215814841 -2.451379015 5.879971944 6.987982345 7.049514405 0.770556318 6.084717534 1.618001640 0.561974400 4.088995783 0.439837591 2.671262126 4.890516633 6.871426495 1.392871995 1.693131427 4.185454000 5.284158848
-40.953069243 20.233807698 -19.626950344 0.118931094 0.104225220 0.539972123 -0.826693779 8.126645160 4.982987544 6.386195508 7.227592147 10.251025492 2.658368146 5.986893562 0.932324643 1.147849099 -0.248831938 1.043457285 2.868091865 5.840552828 9.685728688 9.040242020 2.926109677 3.122858515 6.119140495 4.714221228 0.424622670
-36.954358568 14.425102557 -4.461419540 0.251660433 0.457657420 0.301223123 0.797797808 4.549298755 6.652821852 4.114793053 7.124683958 4.177755169 7.528527954 6.375911771 2.235823571 6.884698065 7.133517246 4.139020423 2.864949836 7.783659336 0.699241415 3.607687984 3.860600311 4.355696583 -2.784404432 0.182548860 -3.206892718
-36.177340380 19.351630121 -4.974801635 -0.878872598 -0.172279291 -0.307698890 0.321285224 1.690718163 3.082705730 2.917197580 5.690324418 4.731909679 5.268810195 5.660115712 0.048591069 6.131926805 0.833234415 4.033037732 6.529089019 5.743411371 3.020716778 8.967991459 4.401920563 6.081999208 6.187789310 7.688440064 2.589008930
-32.588825991 27.543306532 -12.377383338 -0.291132953 -0.401263884 -0.836210891 0.234478667 7.018558949 1.992970822 0.339875488 4.485770359 4.994501114 -0.547405802 0.315330931 6.009649286 9.497530030 6.847638256 1.639531351 2.377735161 3.747950150 3.788281307 4.234406565 6.223000865 11.061479527 3.631818476 -2.050526362 3.183048542
-42.996260760 13.833093794 -9.002801027 0.406422102 0.142417287 -0.359310299 0.827909718 4.370529191 -0.237602067 9.149119875 5.170483968 1.743501566 7.798990081 4.768090620 6.075999442 5.458977120 7.067903850 1.346723073 3.696028788 2.520129501 7.089782235 6.619116862 -0.066385006 0.485910788 2.088006261 0.988077392 6.299176361
-45.395132183 23.518195227 -14.166396152 0.311010693 -0.692763781 0.236767351 -0.606046132 4.069448545 3.898250994 4.102258026 0.409134034 9.536264538 1.797316823 5.600146241 7.049797861 5.505089900 0.480616287 2.126321867 7.064447150 2.670670401 1.943012606 -0.478815406 3.366641334 0.101984244 7.803983836 -3.128761987 2.875146485
-35.887001260 10.227486608 -15.584856338 -0.151803283 0.275882498 0.186619863 -0.930600686 3.795314542 3.815870196 4.087812758 8.860230257 3.426297982 2.968550978 1.746339758 10.463511270 5.576876111 3.136198177 2.427378237 4.629963162 0.590160516 5.307899559 6.311860813 5.421979007 1.246135050 -3.108936598 4.715016323 -2.155533775
-33.421604002 14.935264913 -15.307777430 -0.708894448 0.640185326 -0.169548473 0.242661749 2.985160434 5.493777981 5.728257719 4.053707177 5.877721719 3.303323080 2.446833557 7.586903819 5.242535139 4.931449741 4.942965364 6.510753388 1.282526067 4.115941428 1.333200546 2.490368214 4.371889691 7.897360034 -0.302485702 3.988449563
-34.003798741 12.573311286 -13.927250658 -0.318469507 0.347025707 -0.802315050 -0.366661822 8.953379592 9.915336685 -1.690839355 6.222551638 -1.405602985 9.555101204 2.653130662 2.722274297 4.552955685 1.653402430 1.048149464 4.190757624 3.858269105 8.728611957 5.398978531 3.292423639 1.335131316 6.646356015 4.079805230 7.925716801
-42.041555416 14.811937172 -18.129785287 -0.649156492 0.675255102 0.004813746 -0.350147432 5.865742767 4.076118840 5.368580890 2.437807403 5.686049917 6.827475089 6.848436489 6.120268759 7.160913156 10.432444482 1.987078174 6.886505839 0.807089436 0.819710078 5.179920667 3.788672435 7.733857372 2.489246035 3.857358203 8.858830124
-37.146308856 24.760265337 -14.410502428 -0.408490397 0.876570260 -0.238056032 -0.089941649 2.290288678 1.156670097 4.530197368 5.338681011 2.842508395 1.232581753 8.973581304 5.720378678 1.110737696 4.464751802 5.769047932 4.869796558 2.767526069 3.349575803 6.033292185 4.977146695 4.018994764 5.620452855 2.927181708 5.219580615
-35.311723949 23.817005879 -6.893823426 -0.948770487 0.134807478 0.285764561 0.000349644 7.198860474 -1.063216624 1.345600164 0.960265985 0.665073734 -0.115089990 8.454876864 1.676272622 8.603395251 1.606727992 5.348410980 0.952263113 8.144590316 2.612198195 1.707018327 2.466616798 2.873955943 9.796337764 3.777281793 -0.703047557
-37.091880004 22.408060823 -21.746646840 0.273370889 -0.847827282 -0.178051616 -0.418036935 5.627532824 4.428027766 0.741092824 7.563345358 -1.542367822 5.717769091 4.514115198 2.983374095 6.520642690 0.915914177 0.577379802 7.352908432 5.508050123 0.516794635 7.902416797 6.568642086 3.249927905 4.244945880 2.520878758 4.590270464
-34.388069856 15.265453557 -9.674450362 -0.470927583 -0.781371757 -0.330914985 0.241206679 3.259280783 4.987172248 6.613210629 5.820834195 5.322181269 1.297882689 8.720982058 1.808678736 1.002421979 5.757560754 1.671529797 8.771190456 6.321871730 5.096106072 0.918222077 5.912631921 -0.764843473 3.330309702 4.836492945 3.034578593
-33.381471088 14.803563883 -10.581640731 -0.856022295 -0.459411326 -0.026507131 -0.235508888 7.318625004 4.458075474 6.803884311 9.959686125 3.770660497 2.440190860 8.731278748 6.412494835 0.913360704 -1.270849363 2.426870319 9.219576180 1.155681247 6.278366035 4.252974007 6.789246516 7.147284498 3.738821651 7.993621004 1.297177845
-38.558031613 19.917186562 -18.850643816 -0.489610690 0.041387662 -0.533304428 0.688589007 -2.486817754 2.790410227 0.623959136 8.696462848 3.910032141 3.021730161 3.421067586 0.609629136 2.594380500 -2.349219296 6.543429737 3.194340447 7.281829408 3.463387865 4.486497805 4.809958040 1.031558968 8.748870403 -3.224455615 0.926071081
-38.494286951 26.934457789 -18.389771272 -0.093396018 -0.312632758 0.109677739 0.938886966 0.379750275 5.028701766 5.486808217 6.150399865 5.853440165 7.267829038 7.257828196 0.426934041 5.403422854 4.370445848 1.549879495 3.208233293 1.759052013 -4.608527468 8.132232064 8.268321618 5.562329284 2.802729283 6.105487014 2.310195085
-35.563798811 13.487326579 -18.980842259 0.868074132 -0.476343070 0.135690224 0.033656268 -1.362403331 3.243037092 8.414964395 1.242021694 7.614649648 8.559935323 1.491931300 6.621847296 2.699480756 5.200695008 5.193401724 7.261037492 8.181955151 4.689618991 8.805539414 -0.842916916 3.311223894 5.862649780 6.243699382 5.958750761
-33.690301347 19.143144620 -10.602994110 -0.371889659 -0.465344303 -0.295411877 0.746916718 3.089756977 3.566900791 4.875078505 6.874716286 6.045259665 6.363062920 6.048268454 4.834196315 3.601344958 1.554978217 1.857771834 2.189382644 -1.195416171 2.642550125 3.189190360 -1.764475262 4.011200573 3.350348005 4.395497886 0.006351805
-29.483879341 23.981055398 -15.038467300 -0.532660772 -0.486877416 -0.504238088 0.474306689 0.486442552 2.365965241 2.794630416 2.458539491 2.549372608 -0.243772638 3.864020294 0.010155329 8.101054109 4.182759244 -0.170710979 3.731086419 1.456759639 2.569178810 3.006417184 -5.158394239 3.925404415 5.390015596 4.300275926 9.104197117
-42.620780558 26.968015255 -10.858198375 -0.347255402 0.745325786 -0.317352349 -0.472430572 2.196653390 7.053540170 4.743958035 7.267254197 -1.564802387 6.562746879 -0.586758543 1.454407215 2.670908606 6.118918280 3.551377887 2.757283940 -0.324892235 3.264624128 -0.365308460 0.601891306 0.407826373 3.860082057 0.411306531 1.181767997
-34.627887070 27.438520027 -16.028170532 -0.024004871 0.538492350 -0.483556675 0.689654041 4.044978406 6.471971618 6.060730224 0.033833513 2.742825839 6.115966995 1.146316106 7.326709092 7.393439257 4.758101902 4.708266444 7.241280875 1.570798669 3.749549508 -0.992930894 7.883934727 10.024291452 6.805099746 3.329587129 2.679446950
-38.497909628 20.649410517 -20.634584524 -0.900995154 -0.172224399 0.332770864 0.218655072 0.337815004 -4.486092094 4.931082755 3.279497215 6.958171842 3.029175733 7.099553881 4.554330701 -1.452657269 0.850915584 5.444728351 3.059625517 1.786436563 3.418824825 5.447526360 -0.468318942 0.646712894 2.097579460 5.809547909 5.834485038
-39.251966256 14.156078532 -9.276094444 -0.166514460 0.734406228 0.425519162 0.501850445 7.877897889 2.228030815 7.261859011 3.395191314 2.594509381 2.301227972 1.137731400 -4.614090856 4.063993694 9.708284890 5.061291362 3.593692299 5.189346703 2.622277614 0.635132580 5.115951328 3.006886846 3.703454752 -0.254366283 8.787924822
-30.032589978 25.990804899 -10.128148762 0.391599460 -0.419837942 -0.136446251 -0.807321737 8.821048950 1.142410802 5.422687126 10.325990766 8.144805695 6.176609785 4.432133176 2.155476154 2.250836007 3.886333884 5.609403385 2.558401046 1.106840348 2.780709524 3.259160479 -0.511960003 3.561552345 6.870727045 4.697900830 2.102016838
-38.499338705 24.368581694 -17.097638581 -0.322146963 -0.373841646 -0.216221128 0.842444171 -0.743069397 3.448740692 -3.242358942 3.594499781 2.097039025 9.115429111 6.338383547 5.593775028 2.232019292 4.193692309 9.301009144 1.666857339 6.480540191 9.084210111 4.354693655 3.146885667 1.976285235 4.535520336 2.270562625 0.546131757
-37.735631942 14.489885936 -15.573094732 -0.988309235 0.144374447 -0.048890852 0.003249621 7.541670957 0.186688296 4.720441698 1.673397208 3.513091371 -0.386289699 1.719049464 3.351378126 0.979083785 3.672625303 4.719464951 10.580793443 7.535370886 2.353074520 -1.877862949 -0.861897330 4.133312402 3.078399730 0.617640193 8.276549445
-37.463834579 16.888016134 -4.298383603 -0.690158096 0.672336527 0.226181057 -0.143134644 1.000191851 0.290292513 4.783050521 5.997490015 3.714318202 7.112923952 7.347738899 6.969891754 1.445444853 4.692821856 5.602273013 2.622285896 2.855477764 7.815857047 5.884853928 8.481516583 2.141159176 4.390376991 4.878746235 4.793133584
-38.038267897 14.208077424 -5.837452978 -0.909939014 0.177551729 0.374787302 0.004566442 5.000931684 3.125815281 1.902361827 8.107363773 6.656361403 1.414252972 3.531995769 5.737156015 4.928227632 11.353221098 4.505165867 2.913239006 -1.855861355 -3.899149421 5.736828053 6.078990342 1.710331460 2.358379730 2.931008270 3.086344917
-30.927752684 16.167486388 -6.609157223 0.915743111 -0.194332324 -0.339811482 -0.090430410 6.807220208 2.980455459 3.562087641 2.179126330 -0.530024556 5.236171275 7.748993255 0.822910201 2.245351915 7.245506991 6.615481019 1.399106251 1.548494225 5.690196748 4.960937785 4.736636312 1.471219613 0.219479951 3.570987233 7.907665217
-37.595403141 22.167945069 -14.695694857 -0.742521427 0.564863611 0.038056120 -0.357970339 6.944031654 3.545660475 3.454538744 7.322459776 6.694969707 0.386508405 -0.184297205 5.944262268 4.523521085 11.072697270 0.563959568 4.240740274 5.248147515 3.038920772 8.821962396 5.611676208 6.900989583 5.375604444 6.214500627 4.975810522
-41.108776970 20.929736510 -9.017702168 -0.523588993 -0.016081744 0.616592035 0.587716093 -0.143122922 4.711557972 3.444076353 5.658782467 3.734966253 5.265991914 12.198428473 4.057513740 4.099620637 -0.689279370 3.070661819 6.503269481 7.742541059 -0.189213267 6.707190680 1.749117217 0.929309051 1.168068349 4.950313556 0.582370249
-39.555620163 14.587037491 -16.493173253 0.970193790 0.032151916 -0.060982517 -0.232317450 5.678953814 1.009826020 3.484426839 6.432108666 10.506907340 4.499919967 5.881477069 8.252746910 2.152136763 -0.703225853 3.534270403 3.218438553 6.022485238 3.796947028 8.267769587 1.188413739 3.850451889 4.675155071 0.213530178 6.968045356
-33.938103525 11.147239774 -16.780594093 -0.392187540 -0.264730720 0.511146660 -0.717520502 8.312595289 4.814219256 4.778310630 2.876191654 2.331193909 3.340653167 0.181478929 0.176707818 -3.201521474 4.159129000 9.599673337 4.257046282 2.001892445 3.416951464 0.600458504 7.291516302 10.707611047 1.885019983 7.719303556 3.784188613
-33.334189924 16.079732507 -14.034392839 -0.725304706 -0.418728010 0.313237437 0.447752438 7.288562805 6.062181455 3.536823874 -0.471131320 3.868220031 7.469954727 5.328749846 6.551402749 -0.701803957 2.391627876 5.343018846 6.652465985 9.681714242 5.608993324 4.532240308 8.283665699 2.460909495 1.614815977 4.166950834 3.942548577
-44.852101063 19.122942082 -10.161488841 -0.452521706 -0.240453025 -0.289614647 0.808411903 1.914485008 -2.865259858 5.691501345 1.741933985 5.866658543 -2.009777213 6.085424366 6.689260426 8.198463671 4.221376324 1.270656000 -1.468818645 6.218584141 8.499836706 3.574920065 6.255776299 1.506768566 5.486070366 5.788129152 4.642358654
-41.713981730 14.866959649 -14.899362945 -0.869616201 -0.110549862 -0.215263031 -0.430358245 0.187471333 2.243893982 9.398999389 1.861646117 10.645587461 5.212049543 3.416765384 5.774175407 0.120898591 3.817120673 0.466026238 6.422463862 2.392216193 10.017807067 1.507625944 8.290261046 -0.403793229 -0.314220671 9.938994310 8.250313803
-42.504787377 27.077356481 -9.910869594 -0.123742108 0.043239627 0.390163716 0.911367379 4.337392376 5.729326755 -3.069541062 6.514619128 6.319929263 3.880404104 7.426076451 8.069102052 3.949425183 10.322278281 8.366092869 5.430738567 -3.818303075 5.245860763 9.990825053 6.775320741 -0.185605503 1.649319128 1.107520488 3.632751837
-33.704757719 12.473354348 -12.163235273 0.829498945 -0.252208494 0.439915796 -0.234086456 0.752900595 -0.013296666 -0.871962862 6.793700439 -3.130088337 3.678790272 2.851183542 7.429149188 4.935762998 3.125297963 7.683921197 1.162456882 2.598672815 5.554651132 4.012632732 5.982793986 2.561537698 3.157809918 2.905492517 2.902617092
-44.652530502 20.572333289 -12.662972940 -0.297514603 -0.363642883 -0.595035622 -0.652059448 8.315065892 2.284340082 8.736762454 6.666583280 4.582518113 7.509616564 4.952444638 5.641637540 1.975057119 5.254660778 4.712677337 6.981337941 3.274922933 -2.358925491 0.858214334 3.402901098 0.169616812 7.950149970 9.194139402 2.637229384
-41.531428756 19.173006267 -19.169986283 -0.615294848 0.432675994 0.457685462 0.474054589 -1.813945243 2.614592649 7.764921992 7.664499155 0.980396663 7.341831891 8.564239536 2.883712099 3.457412639 0.157768265 9.757130235 2.633097438 6.739903077 3.768290024 3.519391383 -0.312143213 4.225249743 8.905615026 3.548225751 5.128259179
