-6.009006489 22.730297533 34.848178363 0.084128412 -0.613723413 -0.137431293 0.772902725 4.640689652 3.399341801 2.131335217 3.338701984 4.122251485 1.891509765 -3.076673926 1.017835912 4.752725634 6.635897791 4.686742889 17.242902961 3.716437452 5.796982657 4.860930720 7.084800156 2.312690313 5.129302170 3.680285570 2.263606273
-4.580584785 32.942735701 28.532060945 -0.441278587 -0.246319542 -0.785728318 0.356694411 8.760731162 1.376137023 1.753115476 6.873036905 1.297165072 5.374131622 7.073073509 0.703238648 -2.808130756 3.877691591 1.814215768 3.260740191 7.439967815 8.375451806 3.106698099 3.578780167 -2.212022132 3.726109722 1.261507058 -2.591044689
-7.123354132 18.194444974 27.777206119 0.198422950 0.521000338 -0.235876193 0.795958166 3.891938620 7.495151795 5.797917207 5.065406107 6.437751080 3.710086203 4.697606318 8.694549275 9.695654904 3.322457607 4.143810746 4.830019483 4.705162675 5.201607168 6.296701544 6.143696236 0.668603503 3.551600983 6.523849346 8.761376533
-7.620498770 25.785724238 20.780272143 -0.063595392 -0.857271060 -0.117244450 -0.497288342 2.125505100 6.288726613 1.617898922 0.298334514 0.036242610 -1.247198708 12.401440495 1.928417524 5.135553220 1.369361760 5.226209931 7.128930082 3.055626745 6.741237992 10.532520374 7.094466568 1.266121466 -2.871996608 4.779298775 5.962381869
-1.112550137 22.479669907 21.247586543 0.803233523 -0.294832301 -0.496829391 0.145087487 3.630010015 2.753407511 1.237664254 4.175906089 7.110045791 7.783275932 4.531193170 2.482251221 4.722223834 4.963720053 4.193511381 4.285761981 14.252562179 5.325405149 7.616735653 2.594652001 3.633517104 4.256501244 5.834921540 6.880335079
-1.945609077 23.373691318 28.760643780 -0.672297667 0.356319107 0.478648976 -0.438118362 -0.299473332 2.425826897 3.223393348 3.309984260 1.794871943 4.378763652 2.104147274 0.763660175 1.087728249 4.303277202 7.734630546 4.119746485 7.872049874 0.776678853 0.695225750 2.604086346 1.849876515 10.453352353 3.035188259 6.554628622
1.076970178 18.437753239 22.912509595 -0.407519949 0.122016970 0.904923399 0.012369002 10.159365679 2.960296732 -1.820715166 3.277785473 3.831085677 5.251288156 3.168190900 6.141425905 3.904062766 7.358557265 4.496523398 3.984533445 1.564643107 6.750869020 1.130448147 4.024548485 2.032528208 2.246013184 3.998376462 7.040595597
-11.932039064 23.905941019 27.237797157 0.781012028 -0.584757658 -0.181240876 -0.123411661 9.799198319 3.972099474 2.643782226 3.383104652 10.097661994 3.340846614 0.644069955 0.198106021 0.020190653 8.459311012 4.297356889 10.499900220 5.667154290 2.356756317 8.414690228 6.343957512 6.499912718 7.583836140 1.335174609 6.964079946
-9.635755160 21.823216517 25.545665211 0.276731855 -0.798476837 0.231193544 0.482082738 7.428503563 5.131413399 5.018205528 -0.316027759 10.721836973 3.794749067 -0.988871595 -0.158173403 6.627454361 8.973500807 7.178629337 4.569147774 3.790490560 3.740659508 9.659574244 8.602913115 1.226200571 2.562853525 6.384455933 0.277499208
-6.443120666 29.678929316 25.186973241 0.202274676 0.951781258 -0.148768157 0.176253875 0.603827096 -0.643568042 3.501142088 0.070555804 5.191498390 6.283790345 6.854543732 2.410067223 4.008682890 5.625667289 6.280795032 4.283999564 1.295486530 4.962643126 3.653691631 0.669558708 4.550489308 4.425931630 0.958614946 2.878025666
-9.304061044 28.767257415 29.153714084 -0.607977269 0.543655888 0.493012484 0.302887118 1.400118993 8.780381278 5.451734070 0.684177299 8.535367184 5.174116959 1.336978747 6.517794150 6.062147619 2.996280635 8.669283789 2.941747401 2.742075729 2.412594387 7.698799022 -1.215219902 2.838642224 4.915972360 1.260680888 7.109749090
1.131059938 19.611521410 30.048725172 0.195946528 0.250798215 0.946103601 -0.059943217 4.154950410 5.294173668 4.142511867 3.246850346 5.038960274 2.047922047 5.317186266 2.977099855 -1.425846051 4.357273256 -2.083710545 7.173933932 -0.144118266 2.615160440 3.487348824 2.310860305 5.831399445 -0.211327408 8.695888562 4.051019696
-6.053620140 18.412925512 29.063188888 0.281101407 -0.809512595 0.492413820 0.152315423 5.310355643 8.747881389 3.542681451 5.309081426 0.903201166 3.513236431 5.959089397 2.539789947 2.276197746 9.449065375 5.661903103 1.019554235 11.042923252 4.641185607 5.758960399 1.822763643 4.474905802 3.775126399 5.803324791 6.664319546
2.282014406 20.539576993 30.997049466 0.316097386 0.096408496 0.829533233 0.450180475 -0.387638227 6.758779050 1.711673160 6.622828125 -0.089934459 4.475553164 8.321492614 3.855951684 5.574456427 7.219242036 2.805374494 5.909978640 4.418814679 2.499254860 5.199438851 -0.928335195 3.283739231 1.642955562 3.199080083 5.748580205
-2.983337232 27.379973986 23.724529129 0.631931548 -0.292423989 -0.358704229 -0.621676769 -2.857445152 -0.589427073 8.094497135 5.960158387 7.235092052 0.145918525 2.493996772 1.386329080 7.808360619 2.767760269 4.968019910 0.930528837 8.025512954 4.267763574 6.658564122 3.970257089 2.185437141 2.128502857 0.070235394 4.288270074
-8.708855139 24.090259604 19.343243275 0.397908133 -0.730282479 -0.315735102 0.456801888 4.043325544 2.719325410 -1.580216792 0.956924951 5.320050192 11.441787399 2.175775939 5.972949781 6.526429896 3.962603466 1.918700268 3.223310838 2.518212983 5.421260452 4.065706271 4.003942541 -0.942555462 6.178535535 12.389811161 2.010896447
-5.139263057 18.521260577 22.225543221 0.880295285 -0.168141756 -0.401812735 -0.188029483 3.333644995 -0.522781947 6.601610694 6.588425843 2.029240188 3.735790751 3.627681349 -0.947115182 2.017685377 1.019976478 6.324446475 3.873015203 3.322887684 5.868093048 3.465630979 2.913161547 4.914079172 3.059613050 5.152306424 8.952888236
0.662524625 24.545399082 18.253707766 -0.495641904 0.009149162 0.748944234 0.439702093 1.288341339 5.626616889 5.447057985 5.435082603 10.062212557 3.856793346 2.233646164 6.513635098 0.781762179 1.619358793 3.483788350 5.749013865 6.137989533 8.783434317 -0.650380641 1.125099331 5.863945925 8.061739395 6.044225359 1.800695986
2.450931969 22.765704985 28.955512059 -0.100433533 -0.186660171 -0.970090112 -0.118305796 7.270923208 0.441635203 6.879921835 10.207860409 6.884805195 4.396764084 -0.410884845 5.937924589 1.581283751 9.456490241 0.149258564 3.735613782 8.125726489 4.589168715 1.879461471 4.196350372 1.419031490 4.460313980 0.788414022 7.531165603
1.496876483 27.827618022 20.029476019 -0.922158608 -0.114448688 0.331118335 0.163968435 6.308888998 4.990636057 4.364645734 3.733414971 -3.058323911 7.508651784 2.814245782 1.871035999 3.352607384 7.793045590 0.247076452 0.668648770 1.282217016 0.261207107 5.334233823 2.995331932 -1.836024493 -2.655754746 8.545988414 -0.098185476
0.374622462 32.277040082 23.803989520 0.366992203 0.102407082 -0.436479936 0.815055077 8.449013562 4.851060196 7.546594186 2.349152530 5.680662445 0.246549231 3.900413097 1.944406351 4.900860377 1.673783996 9.690049984 4.840788382 5.007203010 2.798883347 2.116927862 7.012699814 1.798685101 -1.775268937 4.777312503 12.548831397
-4.693296821 32.896341290 30.635667245 -0.006750878 -0.193121756 -0.233044772 -0.953073212 2.099303068 3.009897522 7.963353713 3.576384527 3.278827772 3.788226817 6.231813692 2.419977269 4.721811344 9.095643645 1.831413788 8.067782195 7.183197487 1.171160025 4.788640003 6.020022707 1.526756657 4.896354726 1.992903301 6.223629441
-7.602231824 20.158399576 25.351246909 0.323832576 -0.199609518 0.816469073 -0.434357866 4.830748775 -0.710587388 6.168715157 6.239724831 0.246788127 6.886435862 -0.939874733 6.845362119 7.905012240 0.857723651 -4.627795886 10.540272682 -0.102311523 5.148354993 7.679176521 0.138222422 7.741956591 3.435926669 -0.923356918 6.254643713
2.788202485 27.659493581 27.815740435 0.071015413 -0.114582056 0.618807981 -0.773889170 4.282827517 7.999513289 9.552896504 0.325936118 2.940454857 0.165729777 3.361892395 0.602615097 5.890957612 0.336617044 -0.126169504 0.870146240 8.429803982 4.569587891 4.031603274 4.923536695 0.195642632 4.383383300 2.109366919 10.254176947
-0.753427577 26.882957744 16.628584412 -0.662709053 0.022740591 0.741787416 -0.100254708 -1.074456479 2.744419301 4.452046389 8.230470988 4.198667414 0.144942315 4.139693832 7.405392239 5.079620829 7.081661480 7.750185037 7.094817484 5.046032773 -2.246271436 0.689065790 0.676943606 5.190239393 -0.786564708 2.541090402 0.404088259
-7.184649218 20.350419785 18.120568472 0.056758996 0.107002754 0.316119997 -0.940955352 2.710455913 3.465182016 1.492081746 0.630505341 8.750308072 2.563832153 2.581480691 7.553501947 7.193206302 0.464173429 3.119966294 8.150439919 6.471060403 8.015418878 6.555731949 11.645330311 2.992552422 1.207684790 2.924592944 7.174989594
-5.943789638 16.006620132 21.644099431 -0.573331787 -0.622530280 -0.352720085 0.399168203 8.955551678 3.542627444 2.408136562 0.589384489 1.755010031 1.887441684 2.946040951 0.761085470 4.268217868 8.375807436 4.883805652 3.570742220 2.894283364 1.403389643 4.120669479 5.988016001 4.079210585 1.331075319 12.010340244 -3.223316213
-0.465947100 18.696312890 30.218789504 -0.199195210 -0.248936435 -0.625041501 -0.712513187 -1.562844074 7.194091790 1.723232172 7.069028796 6.006179439 6.433350450 5.832968681 4.491189657 7.135935569 1.485477907 1.488335177 4.983636138 1.277271216 0.685771354 4.439786105 2.078679396 5.426828807 6.970499364 2.044043428 2.626511144
-2.717103193 17.032169019 26.540003868 0.871515845 -0.401972472 -0.276034901 0.051797649 3.380271862 5.037928435 5.723727482 2.934941639 1.696088433 -1.718698195 7.102650361 3.708496881 3.508260661 5.136591766 8.778604879 5.507283479 5.409073726 3.048374174 7.709713535 12.684090101 3.099307147 2.286202029 8.043590134 7.199365115
-4.031479852 33.085110269 24.140254399 -0.501945448 -0.465894147 0.674491423 -0.275780224 6.694688049 -2.601788878 1.450175802 2.643141734 6.755130346 3.970024692 6.692295674 3.091750264 -0.435440216 7.621203695 6.094924568 6.524492577 2.358664619 3.359482456 10.298943352 -0.272396832 7.572504346 5.419342315 3.516972061 2.399591496
-4.934643798 20.971854433 29.722651713 0.424391136 -0.856336994 -0.083554131 0.282130863 5.687450094 6.772852807 6.420627971 10.120015364 1.770343583 4.197309967 1.941837073 -2.685526498 5.796432275 5.355587867 5.266072605 3.834512335 5.203623394 -0.872301389 2.760474936 7.062214940 1.045331724 3.039174250 4.055024985 8.413075784
-3.429270852 15.781061673 23.392901336 -0.084309875 0.603554782 0.203336693 0.766333909 7.160606133 10.496302881 7.944365592 -0.889324030 5.549208365 5.608834717 0.609457786 6.166394504 3.436752693 2.889287251 -2.957525278 1.527129064 -0.955656189 8.540887889 4.276290316 9.635395656 5.251323694 1.192299562 7.576539638 9.152351765
-11.260149110 24.262090494 26.831485320 0.137961413 0.287563983 0.919941234 -0.227995023 6.406164462 6.595941007 1.511894004 5.628299524 4.097547626 2.682307058 -4.083881632 6.408283520 4.952980552 -3.706958299 4.157262484 10.132604548 8.738967362 6.411461201 -0.103312731 6.163266655 5.238427471 4.903195375 2.580652177 1.865875660
-0.765103331 32.996177367 24.542711648 -0.258825353 -0.140944588 -0.915084557 0.275253181 4.125552734 8.701608835 5.051455420 9.315334038 8.191990075 7.464510939 5.744802095 6.386158448 3.615801730 6.328742216 0.931839755 3.353526421 7.119650510 3.930934612 0.553455215 -2.072158529 1.881310486 3.153515714 3.133596818 4.475142619
-9.635671959 24.495807639 24.801537330 0.011820865 0.285262914 0.017449218 0.958217544 4.146650937 0.579882509 7.027740119 6.961774306 7.488907487 4.431869180 4.450085793 7.880994332 9.221990323 6.763042221 2.059399461 1.705223704 -0.636530431 5.160858959 8.495158856 7.475619719 2.442858818 1.157567597 0.844762352 0.967719851
-12.642489039 26.609900456 21.482629704 -0.007702110 -0.757494206 0.342731072 -0.555588533 6.802169175 2.554613089 0.569711838 6.690676775 9.023315999 4.356269327 7.316314352 6.877357259 -0.456752586 4.524492210 6.060129178 2.581734190 2.440107099 6.322483175 10.175331846 1.907105799 6.916347905 5.933902166 5.040786265 3.666349647
0.345943970 30.674776534 24.715817122 -0.199556803 -0.841885620 -0.485750797 -0.124305465 0.868750779 3.616117121 5.854739768 6.098650929 3.376587913 2.608145741 5.731887951 1.711563954 4.731786324 5.218714121 5.327427963 3.209365906 -0.746581969 2.466832206 3.993959852 4.620317609 3.427798750 10.351317933 3.842277453 5.121343400
-2.554121350 23.067808172 16.699561361 0.239521976 -0.507323153 -0.074304101 0.824458212 4.925037088 -1.295218353 1.119449849 4.964730200 5.495305667 3.527683718 3.768752158 4.709201879 5.617090716 3.327904169 7.406908311 1.923782218 1.798972721 -1.423891183 3.108005109 1.379976988 1.779782662 6.230795719 4.270529047 6.458598149
-8.115908820 29.404954825 31.336880184 0.133764300 -0.247624628 0.335544812 -0.898998796 6.111721177 4.527397866 8.624023705 10.837833238 5.236109879 -1.566726365 5.658097712 5.505972528 7.158511808 0.005296624 6.552421490 4.102060907 1.268101957 9.886767407 -0.987837061 4.459381980 4.389248380 5.455051256 3.428980485 4.487932090
-4.078750948 25.252019300 23.533551288 -0.666436098 0.422118684 -0.163432176 0.592426086 5.333235560 2.744119441 6.732152941 1.701905289 7.317694170 3.196958072 3.968476702 3.249505135 0.444800224 7.873862013 5.759810449 4.940222771 6.452214215 5.353166390 4.780360329 4.354117854 3.574764501 3.671783834 0.014994828 2.417517635
-0.610656614 22.112210878 21.917695211 -0.394711485 -0.690204082 -0.461684052 -0.393279805 6.777880356 3.048174843 0.512403201 9.312259668 1.391803321 2.730754531 1.707317542 0.931382040 -0.317188047 5.768798715 5.624141548 1.998591833 -0.872668640 2.236291833 5.996317475 6.462373731 3.124378091 5.330680452 0.241533999 2.617056470
-10.376746984 28.592964832 27.829006702 -0.213441117 -0.436029677 0.578404463 0.655567912 -6.194807509 6.535080428 8.909780492 1.412976135 2.631852339 4.083255117 1.635159276 2.666915145 1.083234545 6.521898035 5.459573709 1.305078369 4.825892236 0.005407746 0.015539806 2.668624425 5.480521215 5.290655155 4.473514231 2.815064104
-0.437113342 17.897451550 29.439908455 0.057042805 -0.659111921 0.268763545 -0.700059819 4.702020567 0.712396580 6.106250923 2.331001352 4.176519717 6.232652394 3.619386308 4.620276749 10.383122663 5.526724641 -0.748050126 0.813137797 6.438245672 4.543726084 3.958537525 4.454024081 6.779611421 2.046998806 0.199873894 11.144670851
0.929308228 24.004958776 29.384665525 -0.413959635 -0.805618796 -0.382541627 0.182421708 -2.152199941 6.902973805 5.912692493 0.100027861 -3.733568355 6.614717011 5.899971576 4.556166321 3.504393925 4.982058647 2.568879510 2.475915555 6.195192800 1.092299462 1.601100788 3.828823444 -0.386087616 3.810521863 -0.138998637 2.568535613
-7.580975264 18.410911650 20.185382226 -0.046154720 0.438354310 0.305255929 0.844117325 5.169632924 -0.446475818 -1.612814793 3.762520924 2.245742411 5.041337382 4.823118475 3.948850593 5.837384485 -3.605334381 -2.777597470 2.941985144 3.572236957 1.936178543 3.144015358 1.409175931 4.888776712 0.950517453 1.941589653 9.981000494
-7.696919686 32.257153429 27.061042176 0.634314373 -0.565197474 -0.011829382 -0.527311253 5.609613984 2.336104696 1.493254245 5.207158503 3.729252306 3.404454465 9.254226550 -0.891619434 6.705074939 7.156389995 2.233405588 5.188730824 2.216212732 6.798730527 5.817357748 5.402302745 1.250552156 9.605964815 2.506211033 0.890461958
-1.491639836 24.809376140 21.266959550 -0.593996099 -0.113255554 -0.103572188 0.789692735 1.581092684 2.625674968 9.660415287 3.586072021 1.460680975 5.597106921 7.082801246 5.113474130 7.135355421 4.958887657 3.415102445 2.784899743 5.298433415 -4.067098309 5.089062737 0.241920856 5.204024990 12.728872868 5.498416889 1.250870426
-2.451815979 22.594776421 24.452557881 0.237523248 0.209844076 0.740650499 0.592439878 5.216427226 2.584517623 -2.304849941 8.176067299 11.484369427 0.756956932 2.609111570 6.129760548 0.211314729 5.852790430 2.265034934 2.405600208 1.697006658 6.828415377 3.485310000 7.526446203 3.198627501 1.924612699 5.826434621 1.049807830
-10.749978929 23.060787850 25.950220365 -0.646383281 0.006390443 0.154471617 -0.747185610 1.096755477 2.712825104 1.211865161 3.309276248 3.091280201 6.481181351 7.019037514 10.881588732 7.169807936 5.633406602 13.462715530 -2.649355705 3.252946236 1.528907207 9.431375717 -0.169863173 3.310910503 6.596821065 4.301609048 1.879159558
-4.185126786 27.790223342 28.395252709 -0.336269280 -0.574985082 -0.080291519 0.741531118 -2.016050724 1.640564056 3.782291581 7.706254685 3.507741559 6.749088648 1.436873569 5.902461231 8.789977812 2.450153569 3.297795980 1.779410672 8.523374429 -1.387275058 0.133346283 3.305900318 -2.197170113 0.430369136 5.338643441 1.024702696
-9.700894016 19.990852817 28.398581617 -0.378408479 0.171071423 -0.062625833 -0.907534901 1.876116821 2.629820248 4.038194728 2.536420097 7.969922265 10.447829003 6.721780907 2.068962068 2.648279240 3.860930976 3.083400744 5.808513277 0.968709569 4.504310187 2.014290607 5.424230478 2.937547049 -4.247233000 6.867502881 5.786994274
0.223357351 23.126500919 33.059510210 0.599419313 0.012848347 -0.069755121 0.797286417 3.951074411 0.845781647 1.358840771 3.698754976 7.332298846 1.264548553 10.388047796 3.774897735 5.807808020 6.046663523 0.678190202 0.941741023 5.968854049 4.016720303 4.993891155 4.519267478 7.256668091 2.504999691 5.214182973 3.067652425
1.401317924 28.171077545 26.556966013 -0.470947496 0.436582726 0.761843095 -0.084847385 4.316111866 9.401594892 4.443627245 0.389821583 0.311401232 2.801749047 6.053793859 6.002539867 2.844593191 0.353760491 3.705806525 3.287096149 5.207071872 11.565695355 4.644983442 2.877199335 1.707031187 8.795977271 2.466785439 8.408658792
-3.007770681 29.914083511 28.661309533 -0.144277015 0.411646081 0.894661798 0.096498257 10.034878699 0.186544608 2.730772374 0.173880724 -1.845763203 1.828950642 8.260085357 6.937123583 6.779454127 4.088822274 2.271747631 4.573943413 1.481283071 6.149825527 4.177927465 1.792616111 -1.258021018 5.342038572 5.235192333 0.144663448
-10.424760429 16.785512921 27.086622914 -0.545791991 -0.213646463 0.709663616 -0.390952483 4.151366416 -0.220571728 3.943246121 0.045358480 4.777585909 4.418892998 1.608368699 1.840372091 3.943419454 0.672404738 6.341679506 3.640325225 4.196372533 3.039774810 5.372811453 2.653123391 3.172404909 0.718962400 6.913565920 5.130052508
-10.039565392 20.249204361 30.171889725 0.425293665 0.550324942 -0.034156115 -0.717705452 0.365709203 -0.319360467 4.702684880 -0.303800687 5.487975254 5.449781770 4.125479507 8.734912543 4.227520246 11.353466526 -1.160699498 8.128594697 7.671389144 5.655843118 1.196184111 -0.253845308 1.939703269 -1.640833732 0.599460361 7.228420517
-6.403192412 16.568835986 29.097399843 0.647551778 0.506620385 -0.472909579 -0.316810685 0.383730248 3.134643898 5.253311052 8.412582270 0.647464357 4.577706805 0.222051000 3.028190290 1.040168176 2.913178154 6.317132766 6.740819689 6.890394477 4.634452383 2.660518530 8.163845471 3.133727418 2.595242445 2.287475817 5.656190744
-12.363930579 27.499943287 28.456345810 0.370701458 -0.040074240 -0.927508214 -0.026514107 6.025776734 3.798582317 3.602478797 2.332920694 1.142663932 8.982670539 6.626098005 5.796575530 2.558770482 0.068607760 3.586994569 2.929063264 3.619026761 7.089237296 8.886670873 3.210153138 9.438596446 -3.145068240 3.005239374 2.877311028
-9.487204221 28.487089866 25.940734749 -0.149176227 -0.366997037 0.655257618 -0.643192881 2.402887802 3.635553399 5.435816967 3.993397457 -4.434833856 -1.047357916 0.476212562 4.517203750 3.952324140 5.356342847 1.779378758 -0.962646137 4.873037831 1.835719205 1.231950126 1.735224024 6.960629922 4.417506255 2.699880145 4.174098797
-2.513300198 28.607808828 29.464414651 0.456140561 0.059610272 -0.501158093 0.732954958 1.340827555 1.075339566 2.776978050 6.823314641 3.757125205 6.614276205 8.734159353 -2.900458235 9.470907656 3.667322285 6.982993652 -0.640044229 1.421675685 4.404140951 2.873500460 6.807776023 1.084934337 0.276338739 1.497448837 5.500827771
0.794631583 25.731434722 24.403880545 -0.658545464 -0.014437126 0.178597041 0.730898446 1.527724018 2.456041173 5.008491456 7.268598062 6.015085006 1.741690405 6.510875428 8.483510043 6.462286943 1.222894774 6.633831304 8.046444070 4.939181393 7.416975428 5.252343624 2.170982719 4.514017614 1.426890641 -0.731729146 5.685421584
-5.906946466 27.038897811 18.500571622 0.234489151 0.669693357 -0.152310254 0.687987814 6.521824799 -1.167071478 1.341083086 -2.649441052 8.788701766 1.774611912 7.677329746 2.170584621 1.450434492 1.598583353 2.945800978 -0.106107845 5.409789448 1.921955281 1.120266327 0.238562455 1.076484481 3.261570768 5.171199333 11.169115021
-10.187665716 26.927396706 23.280981667 -0.915536891 -0.362350984 -0.115048133 -0.131369302 2.182443773 -2.261064899 6.122622022 -0.671890094 4.556399719 -1.763007190 6.060389414 2.253133577 -2.098037896 5.400052644 4.311119657 2.471219893 2.421865430 0.750363651 -1.501963557 4.479908748 3.053651971 5.206673181 1.522392274 1.345199470
-1.037427460 18.938288504 32.216332551 -0.603687482 0.412662480 -0.396042928 0.555356732 1.989023266 2.675655350 2.323466414 2.626034041 2.250214654 -0.908581140 4.255381019 0.484050264 3.151256511 2.824698033 2.347866703 7.922072525 -3.219070665 4.219160660 4.398492951 6.128964273 3.357463252 3.109577173 1.543781445 5.660523122
-9.037279842 27.662793316 32.601273198 -0.154992005 -0.595739067 -0.704373694 0.353454583 1.109046955 2.543867049 4.030972500 3.420562175 6.786005848 4.841542588 1.216699983 6.390836032 5.405010572 -0.025272284 7.800623847 4.427681787 5.570732089 4.465863963 7.339537054 9.194461182 3.442504107 8.336683647 6.945419946 1.744870415
-0.017785110 26.088213877 17.437008410 -0.629589517 0.328476227 0.647742458 0.275953106 4.813544368 1.768429387 5.420977826 7.225953019 0.869526036 3.271399610 3.884096324 4.700867848 4.490036775 6.448962364 -2.742863142 0.543521464 3.001947736 2.677178529 2.448699496 3.984544930 4.760154010 1.076988770 2.985985924 2.678221097
-11.627959186 23.013663900 19.704232881 0.573619398 0.215453493 -0.743330855 0.268327818 7.985816125 10.123572082 -0.114289113 3.169814094 2.680707250 6.680968708 5.427779498 5.174712531 2.731416264 9.508005816 2.243709673 3.252141839 -2.253702860 10.482725008 8.352254018 4.358205283 8.429156179 4.290925127 7.190685800 5.882387839
-2.012070538 31.468495594 23.206273143 0.447444143 -0.573716579 0.652785122 -0.210984860 5.693794570 2.550278101 7.598632886 2.774751393 8.214529481 0.666874114 2.086255451 2.305669434 6.115584882 7.287657130 7.102874481 7.743267586 6.829025324 4.876073879 8.309037654 10.887550683 0.919568778 4.539937192 3.793167856 0.995056890
-8.354031235 22.369815159 19.734237446 0.253339264 -0.572740852 -0.258572532 0.735477654 5.618361069 3.097769131 -4.273808963 -0.262177656 2.656323684 6.441921686 8.458530949 4.915014515 1.271379168 6.602108927 1.924908002 11.333003617 0.101151073 5.062343789 0.502232034 1.276536157 2.868063382 7.773246953 5.268905741 5.161764590
-10.523660747 23.364250812 20.561263219 0.049507053 0.966217934 0.241024455 -0.076675728 1.642651989 2.861790798 1.999264404 4.501762717 6.768197329 4.248657377 11.898652682 6.447469564 -0.383785536 8.559995263 -0.857545952 2.736003203 5.438488455 -1.256042044 6.745800261 0.207871313 6.254284804 3.779139778 8.808082596 6.472009275
-0.276210102 23.452591317 31.475243207 0.238872283 0.391987850 -0.771898890 -0.439838222 6.095910379 1.795663968 4.631197250 2.705764637 0.168849375 5.392808894 0.712268488 1.017352270 7.185737104 3.216159206 4.247720639 3.854106389 7.707000790 6.738140373 7.119158461 1.899117480 5.639571457 4.491563070 3.230011772 2.545458064
-2.361519481 19.792362922 25.537153457 -0.593007933 0.359854769 0.708626672 -0.129206715 8.546167943 -0.081307291 -0.254291238 8.592297133 4.609773169 6.822333313 1.799596780 2.730928869 4.218017719 2.251766779 1.045073067 6.881508708 5.915905767 3.192186850 2.864142672 1.666514685 9.241152577 6.672391747 0.911023083 -0.566844148
0.786369630 32.413479146 25.985663491 0.472769077 -0.874314392 0.107978138 -0.020111340 3.254840743 2.301088293 5.066537342 1.380379256 3.815729767 3.440371615 3.659440571 8.234837389 3.658772777 4.540157131 4.891482084 1.083356344 1.031578345 2.009874285 5.453745661 1.542934029 1.299638021 9.762629963 6.130015277 1.229873361
0.646751372 16.140596370 25.268701044 0.040227789 0.028508112 -0.977341756 0.205844853 0.138797450 3.964071120 6.828272651 5.874272803 2.863873872 2.157027811 9.647581197 0.294471858 4.980044838 7.924670165 7.125401489 11.057522488 9.248176488 2.063123005 7.458641759 6.356629478 5.951472493 5.858841883 -0.908558182 1.814050262
-1.228841193 15.509219868 24.281006687 0.336742775 -0.175035811 0.571992087 0.727180735 3.718873344 2.456189546 5.976914090 0.242431039 3.793075066 5.408883103 4.076613996 4.118976626 6.597486068 4.222892199 0.877051983 6.135395619 7.329233998 9.521697503 6.707285022 3.262127769 7.155183714 6.232131998 4.296326351 2.667497520
-5.293640579 29.170080337 28.816466832 -0.321858202 0.360600437 -0.832980330 0.269292392 4.316282703 7.416500442 8.186668317 2.481857639 8.998268126 8.684437409 3.086633238 2.466521826 7.235766508 4.117384728 1.273113087 3.319565499 2.638636351 3.729950726 6.111301308 1.540547282 5.987538758 4.164650518 1.615536406 5.913972970
-11.681349998 26.476003824 30.549170216 0.480269970 0.229849333 -0.803440787 -0.266445006 9.125852250 4.574499850 2.960305993 6.178243829 3.400874966 6.367264843 3.499565357 7.074342336 3.026502953 4.777629698 4.167611571 6.090460767 2.555950244 1.953522483 4.714148574 6.386399731 6.504996522 -0.768179380 3.004974675 1.812064401
-0.506501717 31.636682156 25.425142954 -0.606268001 -0.030981437 -0.764995165 0.215085235 5.879339946 2.801712646 3.406719465 6.347224101 6.425495170 6.905493603 6.459868770 1.952943838 9.858109837 3.537495988 0.923875796 -2.927355906 4.902726911 3.420328839 5.681125446 10.267428519 4.678304539 6.677690965 3.587308146 4.018809806
-8.884786870 15.758353954 25.743920958 -0.066735149 0.924978301 -0.217046690 -0.304716748 7.119219724 4.735725033 0.510803918 1.453986866 4.080472287 7.965876755 2.945468271 1.068479720 8.127657053 7.161271061 -0.891725216 5.292788677 7.616533414 4.666882951 6.705329241 7.694602986 -1.141812429 7.500615541 7.938907058 1.718290744
-5.165412893 21.609650301 25.955784634 -0.226158495 0.431372510 -0.808348648 -0.330669861 7.626124106 7.968292990 4.075811057 8.244501469 1.740820032 8.043454748 5.923835447 7.791045593 -0.169423209 -2.608928083 4.997616504 3.761832406 2.019591595 -3.289423565 -0.244849063 5.734357053 1.378538859 4.983596664 6.095544097 2.594963972
-2.095160959 18.949285476 17.850156105 0.752597987 0.156134744 -0.061191209 0.636768284 5.457270546 -0.655965708 8.338451593 -3.100307832 3.307638163 5.134475796 2.504968966 1.252355269 5.110978427 0.711580177 5.347939991 3.547441540 1.460501469 7.995577000 3.121508678 0.034811883 5.678933790 5.309407278 2.912295431 1.473117031
1.446453816 25.661033154 21.807037888 0.334398372 0.374240304 0.182927083 0.845375423 4.369812584 0.399989669 4.467698502 3.578792168 2.492186553 -0.912155172 5.921224794 3.789968347 4.662750213 6.830275022 8.012940116 2.794334042 8.061591609 6.284277241 7.780872118 1.631483436 1.046104140 5.921799344 9.038909345 1.961024972
-8.327709646 20.646642938 30.008900128 -0.459171275 0.607703476 0.425722884 0.488485671 -4.071132384 5.656754098 3.497701953 2.065266705 3.619248632 4.192475785 1.831876988 1.506617064 6.319571091 5.309669063 4.917404066 2.672145276 8.807875309 4.255514762 4.490570209 4.647592845 1.891462116 3.908377563 7.241599174 6.122255745
-6.363903580 25.848714278 30.613973803 0.109116570 -0.110952639 0.559244856 0.814265483 3.312177546 3.338129194 -1.311812355 8.890749043 6.599612969 10.405598099 2.825819365 2.511734277 -0.023125920 2.161206124 8.199414274 3.968815044 6.955859775 3.917872738 3.940483461 2.082180025 3.388517567 6.266537175 3.486942365 2.577561984
-12.464648181 21.548860014 28.675489201 0.811303490 0.443254778 -0.328752159 -0.192960792 -2.983717563 3.139281188 6.559069632 6.782746535 3.899435847 1.007009234 3.524705259 3.898553712 -2.195082704 -5.656562864 6.363867168 5.823104811 -1.375433077 6.664343661 3.804357924 1.897746145 3.808363996 1.634932717 4.654034572 0.283982377
-2.843885746 17.967494757 18.141939135 -0.551856846 0.804896445 0.052000498 -0.211876575 1.037514152 10.170584118 8.466941806 1.892429462 8.923850721 3.640506518 -1.968578277 -2.862251898 5.289856959 1.717449262 4.786381522 0.424274887 7.155920088 6.960703651 3.962706700 3.497472472 12.715732732 7.336953124 4.454786698 1.169365961
-2.916910405 28.756124263 17.542294568 -0.439078132 -0.143720360 0.055697552 -0.885128598 0.194934143 1.607714631 6.332436867 3.260951475 11.132031601 3.922860051 -0.417021077 -0.119234593 5.933044599 4.225592395 4.001319920 3.091872293 4.224678456 3.266450866 1.859903128 5.904474522 5.619965047 4.200881059 3.896238105 -2.445171636
4.118458689 20.232624633 24.637961016 -0.524185704 0.012731017 0.462663649 -0.714849366 6.198553158 5.182356995 0.659681872 2.726734386 10.998277774 5.008915641 -0.120411613 5.961653750 2.130651380 1.535878027 4.800438558 1.588712050 6.064588100 0.683663332 3.011933984 0.451544481 0.484776478 3.877302306 5.912634988 2.035309116
-7.962322170 23.359499007 26.170547157 -0.471378275 0.139180598 -0.327172370 -0.807087061 4.212875689 5.242179718 5.421912320 2.220088445 3.805187226 -1.649456036 3.353587746 -0.097660244 3.695539376 7.034297510 4.268281478 3.552745484 0.998216281 0.699738999 6.521371013 9.521245508 9.036346805 4.026488704 2.928170688 4.631177694
-1.712042575 26.558039755 23.824196281 0.232189649 0.381710748 -0.386001004 0.807086176 6.089051966 1.855435832 6.151895295 0.352589260 6.307401237 3.456470280 11.029439345 2.640729975 3.374721643 3.395631990 1.611595970 6.280223084 3.636731074 2.114250484 6.366877222 -1.733575790 9.238916013 3.641486951 3.061741751 1.402660886
-2.300864210 20.749253286 24.369232863 0.182086525 -0.382174247 0.905204566 0.037309999 5.088989567 2.764814341 7.353842208 4.803681334 7.538588551 6.114209435 2.440160804 5.099410240 6.848539935 -0.872465617 2.320923743 1.962340161 -0.049297011 6.610708360 4.840606295 1.404370539 2.048209629 3.535292793 7.559871683 7.204530593
-3.300028363 26.891650349 17.436011225 0.167678485 -0.291225600 -0.937376286 -0.091636642 0.319019250 6.901875820 3.035407543 8.630542772 5.487453115 7.226304908 5.675949412 7.307427120 6.967022313 8.999605351 1.668739341 0.872443449 5.095204853 4.576589506 7.779131162 1.372630894 5.790136107 8.568949797 2.014284807 -1.086085227
-10.162773117 18.183730382 23.424331782 -0.139123505 0.212464373 -0.228997367 0.939714716 5.326414698 4.397508470 4.883873263 7.001904327 4.878013317 -3.554115441 8.903228310 -0.090243987 -0.659669925 7.426163020 6.343747176 2.989172589 -0.510820311 1.514818392 2.949227669 9.729227273 8.245071106 5.431748700 9.208765326 2.418132449
-3.558910114 17.204305037 27.890240482 0.539056185 0.533278344 -0.577131778 0.303235136 3.034498180 5.838950752 2.233248880 1.665162541 7.444311829 2.805406080 4.536491393 4.722478570 1.599875086 2.553709349 2.655687302 8.203062661 2.082879779 6.038561288 7.540016468 12.552796884 3.546215616 -0.606327662 0.628779237 -2.427347990
-0.042277581 21.143201579 21.576402771 -0.105064545 0.059194624 -0.921122159 0.370123502 5.718782820 1.157766131 5.071032625 1.481995572 2.602845523 5.842798563 4.131224672 -4.865176840 0.105161274 7.949311438 1.197563856 -2.261471561 3.527340852 -0.799635576 -0.619692823 5.692067418 2.621379873 0.657156466 1.960186212 -1.913305376
-0.848962410 15.708501541 22.152227180 -0.588080243 -0.221182976 0.430752130 -0.647836647 2.962406472 3.150956624 3.523034599 4.098581782 4.825666147 5.455135625 8.956676355 2.765848504 1.993498097 4.986651076 4.447012715 3.517001523 7.245154152 5.687824740 1.590149379 6.617917759 3.026871794 10.457182086 4.602495985 3.477886719
-2.814121183 16.188773434 29.082832442 0.598443024 0.545397512 0.550216960 -0.204129365 2.306286732 5.568842744 1.320110835 4.795559813 5.265124430 3.439535449 8.835074344 3.750590430 3.599531699 -3.635017808 4.543895790 2.276657161 3.294426064 3.629236914 0.554269498 1.930112975 4.156771099 3.609345107 0.350253278 3.478503670
-7.202851229 32.582534165 20.893812953 0.213970289 0.935304250 0.021346830 0.281010655 7.791058901 3.249402042 2.383197513 5.011794603 5.059578428 10.979033045 2.797418989 1.407892373 3.921901643 7.240576660 1.398422207 3.613270662 8.486053946 4.756363315 2.414274709 4.815501793 1.516211981 0.673120879 6.965272683 8.052988885
-3.731356827 22.891491759 15.799516748 0.795285703 -0.507630276 -0.210085905 -0.256312439 2.483651808 3.498331109 4.390377624 3.201687168 4.824960066 3.512402313 8.275264221 5.135427336 2.688735878 3.377963766 1.613284247 2.781353303 6.275736517 5.100836643 8.181433465 4.359015159 1.662057407 1.764152568 7.807666199 5.792454183
-5.999325655 19.308623726 24.577655952 -0.204758053 0.233013229 -0.851881221 0.421992133 1.404299415 4.876342569 3.765648842 5.180408128 8.084064154 1.757276123 5.879397452 5.607112938 6.840883580 2.656100839 3.146006029 8.050638485 4.927845754 3.174760254 -2.441125960 4.779595285 0.572731517 1.692882173 9.751281330 7.450851729
-1.638528033 27.532162939 19.650947532 0.307323214 0.856348253 0.268631998 0.316317817 4.132738840 1.900334913 10.053401977 1.633593914 6.268608101 0.997037042 4.838124560 3.849110176 4.172457484 4.179588889 4.224817397 3.027214850 4.833923658 2.810069991 3.501706773 5.163460687 5.591756572 5.525669619 7.861107607 2.551341746
-2.431770393 25.679392075 34.140525964 0.756560473 0.643889362 0.094794333 -0.063535615 3.852641919 2.706762849 4.455175575 4.651075018 0.275646346 -1.179392570 6.086903331 2.791184609 4.243384592 0.829026590 2.515020265 5.121951581 1.933527399 10.002226652 2.285645746 3.845273731 4.308055313 5.141732529 -2.272106420 3.446516139
-8.462998634 31.778204325 25.604192467 0.153790998 0.452784165 0.871771041 -0.106536759 -0.490525550 -1.280664544 7.411820498 6.888089910 1.023086544 -0.469736195 2.784768184 5.085099203 4.981954690 4.407419018 4.266973128 2.988720426 2.077666048 5.635349096 4.215466344 3.754546834 5.489134939 -1.656606942 5.943739535 6.644335197
-1.323511382 31.991170528 20.842778289 -0.302892062 -0.111130794 -0.418812773 -0.848824014 6.436444018 4.243812459 4.153672639 1.392477431 4.168019974 -0.817775036 0.771866550 0.641878300 2.936514656 2.467983210 3.664464824 3.673538774 6.784041436 2.879004127 0.985268886 0.826352637 5.416887720 2.396229262 3.855022208 7.302863618
-0.022150237 25.245827464 27.985527855 -0.725275991 0.001602345 0.439193553 0.530170908 3.892701320 5.907215058 7.423620286 3.131362483 1.694560317 8.171729559 6.398788034 3.568304563 3.924754837 3.468726583 6.983945910 7.333195131 5.839111914 -0.760181084 4.841542434 4.243301105 4.185726039 4.677622494 7.652676079 2.860681978
-3.529585507 24.660624828 21.946414204 -0.674382032 0.205777949 -0.051444417 -0.707260760 7.825360236 9.326044626 4.748560025 6.825400614 5.805560590 4.164886114 -1.945638164 1.374137969 8.030074264 10.559361783 0.601450014 5.964246055 8.319173561 3.938045010 1.627860096 3.361481587 3.308518049 6.832149257 1.834765176 4.304556708
-9.198057629 28.117573311 21.451319654 0.608148481 -0.281284157 0.665417633 -0.329019790 0.263908389 2.707904028 3.593307439 2.920187134 2.022485011 2.087201947 3.517672474 0.839367027 0.298123422 2.491464349 1.671710523 -0.433348153 2.518594416 5.999636215 5.468853158 7.914798144 2.607381399 7.514572165 5.598576753 7.079784453
-4.085205308 22.718126201 31.395882002 0.447371564 0.410425867 0.627900566 0.486980668 3.472542119 7.955784023 7.793184141 6.428411138 9.111995245 0.900812778 5.577954408 5.532888417 4.259320650 11.461974500 2.759996015 3.198305862 6.041511038 6.560692355 5.990373658 -0.572934413 -1.100320236 6.174042698 4.886836072 5.242476411
-12.752078031 23.689707656 24.028746935 -0.526496988 0.165425879 -0.830796341 0.072198613 2.260221516 1.959070659 6.312196867 2.771197933 2.471852550 4.369426363 5.273639440 6.456797561 6.492209204 3.525239919 2.966070910 2.768719554 -2.595641716 2.909447040 3.496277931 4.604387853 3.705402006 5.894904296 4.258556071 11.169630703
-0.899867686 30.786477516 22.289282782 0.546546519 0.110465652 -0.639952179 0.528720580 7.233003315 6.261186697 8.189252683 1.378174880 7.330584759 4.013015275 1.195224460 2.319134697 2.170992118 2.372469648 -2.108366596 6.817162085 5.159044463 3.494275815 3.428576363 -0.473781190 1.199183575 2.118980655 2.086217794 3.674517858
3.990061419 21.970847360 27.623071331 0.682533773 -0.047557354 -0.286872450 0.670514835 2.246891861 1.852130753 4.435468068 4.107912490 -1.826481878 -1.691194585 6.842121542 3.258632615 1.263303736 0.826977964 7.040168527 4.196952362 0.934274606 3.585958293 7.930808223 7.183777167 5.748744209 4.102734616 0.793436076 2.730359787
-6.162024384 30.914155488 20.135873558 -0.326360426 0.188375703 -0.556008657 0.740849405 5.221344086 1.670339246 5.005804723 -2.916224181 7.127098497 2.533797265 8.528560953 9.072613146 9.363359044 2.822471619 2.577569860 0.245974325 5.874933105 3.744513599 -0.712299136 5.399583017 3.320356264 3.673908316 2.915170025 3.871794985
-9.010630383 22.842459197 23.460714039 0.291053501 -0.121763083 -0.564601610 0.762683836 2.478397199 5.905872516 5.095655244 5.000910514 8.075496407 6.419723408 4.083843421 3.650758299 2.654591874 4.552287842 3.637876191 4.160536102 4.872356402 1.550422165 2.958615369 7.820086598 2.237699162 2.949216088 4.131020804 1.758311608
-8.369268454 28.085295948 33.257847483 0.037250195 -0.556756037 0.768351028 -0.313483389 2.414354734 4.287899048 6.468404024 7.862587593 7.239735210 2.236445426 6.298648513 7.415709939 5.631727819 0.732893345 8.932131625 9.141108784 9.034337430 2.461030908 8.259557705 1.270443626 -0.763440057 8.350038943 4.425848073 -0.181035346
-8.322501452 24.984271997 23.891229760 -0.062972525 -0.692795154 0.523665892 -0.491775730 7.061160695 -0.245011474 6.875581303 7.841386187 6.443410458 5.672393655 5.734370968 2.589316003 3.656572239 -1.274659960 5.638635954 -1.704498042 6.650230282 3.172172384 6.964682019 0.927821723 3.279910103 2.988933455 8.260422388 5.797428808
4.534061214 26.608930394 28.000118149 -0.170103925 -0.068631303 -0.700230934 0.689950026 -1.586463902 5.156075448 7.727294505 4.433184574 4.328115000 6.986887549 5.843961720 -0.193735326 1.847391650 8.119664567 1.185583237 6.300148495 -2.328697533 6.409893949 2.807359538 4.804173091 6.653183143 5.217583216 3.782683008 -1.237027842
-0.478974690 24.427164425 23.716229095 0.202022680 0.242204005 -0.623979970 -0.714963674 4.608329188 5.532702320 8.575470898 2.831161176 8.437769384 1.913636571 2.917723923 1.349359745 2.109360746 -0.584753758 -1.020800337 2.056013640 3.382365103 5.553881190 1.382767626 4.411850019 2.741856555 2.740269187 7.732920161 5.478212572
-11.382688753 20.871601688 29.065403921 0.299932481 -0.053298639 -0.509312541 0.804860545 6.906491944 3.866513223 8.493810340 2.459262392 6.074141376 1.519162944 1.922621133 -1.538918229 9.141462028 3.075469428 1.176910680 0.066214671 6.198023269 4.858937478 2.290023961 5.002712422 -0.008439740 7.345544856 1.469602895 6.981527326
-5.010855640 30.421380506 24.010363101 0.753860484 -0.296890621 -0.452997596 0.371945573 3.901762441 7.275039557 1.574884420 4.750377050 4.348842447 4.234857440 -0.536907222 4.125154202 -4.754089109 12.334907071 0.561935779 8.654932834 2.131902360 4.935243389 2.404252922 6.281148456 4.513471539 2.035683042 3.293689241 0.309002680
-2.181775778 29.420721772 21.374344521 -0.390611702 -0.813669547 -0.088725099 -0.421298259 2.059199457 8.305613771 8.610307408 3.350976668 5.922687886 4.051585323 5.270974628 10.043135670 3.036521527 10.678214231 5.214130428 1.563149271 3.274722779 7.759978477 6.388690168 3.050782089 5.402974640 6.138299651 -1.507578164 4.821424795
2.933447093 27.755827864 24.471188713 0.796647972 -0.214515664 -0.455276440 -0.334751254 4.018531794 5.065350633 2.776233194 2.758499692 -1.520766833 4.676458784 0.355999324 5.536529723 4.823138389 6.802338313 -2.601273514 5.253582703 3.519128927 5.435163726 5.001693400 3.228276472 2.448809744 3.894885001 3.914188337 -2.520051444
-10.721493046 31.836841515 23.434472160 -0.221522267 0.425066135 -0.857505496 0.186898343 5.899149799 2.163474235 11.217335168 1.306038848 10.816748732 5.555515367 3.838834434 1.911590133 1.469888491 6.781137496 10.322592515 6.905378146 5.355865755 5.759300410 4.418722719 5.107610499 6.322921291 7.475997817 5.618057807 7.475530199
-1.769103946 31.021646504 25.269398717 -0.096392632 -0.344774509 -0.249772611 0.899695860 4.177803388 0.388496276 4.517972248 2.692089399 3.076017512 7.520706353 0.305279732 2.602490904 3.163318292 4.391252639 4.973993890 5.156841890 -5.337955709 5.758273187 -0.091419359 7.281999496 5.642397708 6.861105276 6.470368965 -1.915140797
-9.845713601 18.617910378 27.189797727 -0.063394957 -0.486043798 -0.124652904 0.862672684 2.474796548 5.033278616 2.441127012 0.565752479 -0.320597726 4.259138750 6.117026816 8.643400711 2.283187338 4.664857913 2.842954175 5.247357554 6.308727685 5.093715429 0.337482731 -0.050969435 2.214663487 8.482567873 2.970243088 6.387018698
-13.225948305 26.875388193 29.080828435 -0.679521752 -0.485831535 -0.019082077 -0.549412215 4.683356296 0.484959804 0.667400196 2.710293533 8.729124113 -1.503687202 5.779497859 1.100018121 1.934634852 4.368236833 1.787712117 4.525501241 6.805839896 3.685100569 8.344893939 3.460589546 4.468163345 5.228534811 -2.187557190 -0.190715573
0.354680364 30.230475607 21.477509402 -0.647583078 -0.375981936 0.377466414 0.544786974 1.949910600 2.169096768 2.308208626 6.647143716 -1.732400078 8.213306362 2.269191972 3.818081267 3.777287367 16.544299821 1.078561924 5.031116020 3.655712571 5.903085778 3.438339581 0.593140109 4.888607323 4.641756281 2.038071227 9.687018012
5.023693983 22.839445135 27.495659540 -0.341719245 0.870525168 -0.270541789 0.228519210 4.411331727 3.363315300 2.458707408 2.697906852 6.974303743 5.003099484 0.197372689 1.661429631 2.305609172 3.906082046 8.659024927 0.775877256 -0.093628379 3.252845918 4.174353202 0.127781153 6.794613799 3.324711382 2.024105050 2.544714415
-0.444884169 32.601246221 21.322543764 -0.241751536 0.435729959 0.323744926 -0.804291503 4.429636540 8.676980838 7.891120756 5.193304491 3.053189970 5.248772335 2.531827288 7.403106031 2.897680375 0.732826401 4.601537304 2.250039906 0.666579514 4.738615569 3.037393793 3.647221041 6.206881218 -3.097715805 8.321188287 -0.546013460
-1.529836167 25.158015256 27.798083975 0.602869149 0.774335195 0.188178365 0.039277188 1.134150868 -0.586921361 4.267676578 3.713893879 4.723250451 6.048062759 4.726963139 2.625990115 6.886180217 0.799915929 1.305996129 2.690156288 4.334948796 5.781173064 3.548218334 3.959730045 0.271500185 2.903216159 7.693563806 4.674416016
-3.124982911 24.072552639 34.053781157 0.231652676 -0.460972895 -0.323805817 -0.793089416 4.701389918 -5.137221258 4.247994464 1.763298075 4.455095439 7.825101057 1.110508666 5.354934398 -1.023478668 5.535618074 5.144777609 3.794880788 3.929243328 2.584046472 1.044682441 5.364139333 1.657689156 3.067725883 6.625580862 5.816091530
-7.725742212 22.152306820 23.742211883 0.400983609 -0.720527887 -0.273761686 -0.495082063 2.707192566 4.191551581 6.860402103 0.694173290 3.035668741 2.217237611 5.301970128 3.332693144 2.275877253 3.887471138 4.040112713 3.175184164 4.056883981 4.098308892 10.445248325 3.145510778 1.266137455 7.087876968 5.286039420 3.321200210
-12.920626743 23.543173937 22.307194671 0.567633243 0.294740086 0.356259048 0.681175655 7.782807678 4.978308262 7.305276592 0.595579293 2.726672116 3.487940052 -2.213913154 10.359935390 5.283626248 4.504364813 -0.307265806 6.191678227 6.071397890 0.440994927 5.621884926 1.795548834 1.526643155 4.039181983 8.069100613 7.838561561
-6.019573711 30.495801491 23.255745154 0.825077206 -0.498113487 0.252441311 0.086046165 7.790991444 6.315447732 2.553370451 2.159457451 2.982965451 10.238831403 3.931539084 -1.359152739 7.214537872 9.632517630 8.409671296 6.489175665 2.597441608 7.374809231 8.034276448 3.971148832 -4.391036461 -0.750071221 5.197535133 6.107777055
-11.902055850 25.359794944 27.037868352 0.505658021 0.629457210 -0.086867007 0.583564657 4.924205411 6.158412637 6.680564807 1.148553364 7.860531564 3.310758934 4.422407424 0.400575039 6.178633085 3.071643326 -0.515338836 6.094946019 4.098742690 3.559525430 1.722041592 6.045585931 3.632662854 1.826088768 6.566862016 8.231707726
-1.291255742 18.732954077 20.573426764 0.744654675 0.214517411 0.466556503 -0.426376272 7.037956267 3.159569266 10.415836209 9.451171501 2.865305733 7.941060960 5.777382322 2.613186618 1.483648495 3.245812478 0.247718435 -1.640633348 1.960871325 1.918266274 8.559273885 3.485481458 0.827519791 1.670647303 -0.322774330 2.192577315
-0.201929900 19.309271360 31.164969592 -0.602345810 0.302803271 0.319980333 0.665659290 1.784948575 6.637268573 1.712831310 4.566997288 4.397838170 4.729020489 6.053155857 4.115656305 -0.679286043 6.162066218 5.454882623 5.849056498 0.465128659 2.510116314 -2.249659381 8.988374140 3.026880587 8.059010245 2.090799721 1.061969827
-6.812565468 25.497213096 20.690603131 -0.634515209 -0.271828337 -0.250531437 -0.678773750 2.045855019 7.056646605 5.347659707 0.846812930 3.707854186 3.684966930 6.507298348 7.104658497 7.114125011 13.397598681 6.682090887 2.102088516 2.313782514 -0.295325420 2.444261734 -2.475186639 4.521409430 8.026169833 8.866683484 4.822985063
-4.284820795 25.611792234 20.660399518 -0.087287820 -0.507535099 -0.825093307 0.232400504 4.201224366 3.449214438 4.976574182 4.388748768 -0.398692538 1.420845760 7.579419692 7.858789913 6.699737268 2.945264590 6.732359063 2.835991884 -1.612812412 1.713523160 3.138345509 0.736779861 2.722124212 9.449830340 2.805241894 6.513524242
-10.064538735 19.655506096 29.067338744 -0.105691661 0.831368904 -0.260266292 -0.479496064 -2.938938619 0.505492072 5.838406693 1.602894438 1.465060364 4.736251536 10.311396263 4.610183879 2.052859817 11.275298881 3.660636624 9.855087177 3.361301460 1.949224686 5.455336618 7.736502998 1.806098676 6.994489389 3.958076515 7.832549361
-3.969153865 17.123128043 25.884336119 -0.393323714 0.879379981 -0.060684611 -0.261351644 7.283728306 3.612939869 1.526364899 -1.981606298 1.757549751 2.311125982 1.673850000 7.737815148 3.603086986 4.393820472 5.133630209 5.480202172 9.780618201 7.485774230 3.195589186 1.935113040 2.788982423 5.115448191 -1.713958601 2.073014690
-10.199075706 25.313337711 22.481970901 0.517534260 -0.293335314 -0.797739920 0.098608842 1.506753108 5.906478866 6.697038296 6.084580112 0.659489807 3.327850074 6.761524245 2.757346786 7.860558586 6.606954708 1.720259781 6.259730454 4.613712572 3.045163304 1.916427206 4.463317192 8.054309528 3.129818709 7.393643492 -0.400051209
-4.905923367 31.875809685 25.146435096 -0.025081676 0.524684987 -0.528708178 -0.666741507 4.519987971 9.790701415 5.094118600 2.796012140 2.469266700 -0.156110795 6.384696265 5.794293921 4.120644071 1.404359634 0.247782125 12.090435217 8.129659934 3.742082216 2.432179604 -2.534377883 0.741747334 4.811421222 0.741105106 9.498695007
-1.943836914 18.301203950 19.633075295 -0.105676144 0.537744328 0.366473129 -0.751904939 8.798625150 6.266570437 6.249367434 10.347596105 3.460549209 2.514099014 7.705101550 1.851074002 2.543336533 0.376982155 6.360705094 3.082937621 2.957507426 3.668801583 6.662143610 3.600379907 2.969403996 5.093456387 9.357143526 3.699305241
-8.938987126 23.818730375 30.814807052 -0.071249063 0.837905454 0.443509264 -0.310060565 1.150162535 2.196024642 1.010871267 4.958271484 2.740004854 5.094350371 5.085815497 4.970340917 7.168451182 0.666909741 3.182399194 1.462216204 6.197343013 2.682708922 0.883106596 5.032834669 7.031940748 5.589981058 3.399389871 1.978655921
-1.478948074 21.046554965 25.938175326 -0.773618648 -0.115189522 -0.171462397 0.599037734 4.468162626 1.103585886 -0.666133227 4.595268654 2.221524998 8.035655605 3.546708102 6.847169483 5.639830243 -0.016161185 11.469317068 -0.285371615 -1.407908422 4.723625209 7.850098554 4.314040908 2.609755791 4.395251039 -1.949666761 3.795631571
1.864973801 24.749711854 24.441294674 -0.015143358 0.833892691 -0.547167113 -0.070723468 3.321218879 2.925924885 0.634444874 2.520798118 4.608384895 6.283845868 6.436596561 5.587762954 3.065083231 6.685311178 2.018002236 6.791960844 5.439111396 2.670958437 7.159475421 0.332994046 1.558869242 3.257491989 3.654532417 3.158212190
-8.030411824 26.355093832 24.690317945 0.312087714 0.665473730 0.464328001 -0.494110799 -1.140993709 1.661987936 5.347865920 7.467484745 2.303490235 8.262265493 5.520427306 3.747739423 1.813582682 4.555394469 2.567944772 3.574457329 2.637124509 7.291394971 2.369588674 6.509159414 5.684607205 4.901348084 5.485057228 6.288290239
0.650511746 30.690096617 24.627754626 0.595851843 0.259383664 0.706144489 -0.281141703 2.686967005 -0.030224865 4.399502964 5.603827626 3.928889886 7.454988875 5.080208435 2.636510604 1.866954096 6.560157820 2.563497355 -2.780080003 2.727018218 2.460564950 6.503876291 5.444529870 3.951305938 6.634832691 -1.535433189 1.555078481
-6.972860751 26.627193904 24.869018731 -0.105691473 -0.143934980 0.963651997 -0.198713014 6.193111116 0.914372929 1.684769691 1.773188715 -2.842310632 8.175473361 5.238540783 3.834570995 6.514415975 -1.885774835 1.865884992 7.020229803 3.256233379 5.873167394 3.243285013 4.635142704 3.752839777 1.279747427 7.485554930 -0.457857606
1.182821988 23.050097321 17.321597723 0.075978921 -0.871434820 -0.334271774 -0.350843183 5.920505412 8.456103023 2.082392029 4.499694368 7.020835717 0.871829469 2.905356395 -0.096208595 7.884016279 3.747504495 4.416413263 4.161789059 7.835923228 6.357900428 0.585947696 4.830702982 0.185422925 1.140372061 0.226569292 3.316515276
3.554569225 22.594340739 22.609155676 0.905481912 -0.322149382 -0.027809572 0.274861619 4.468343430 11.070906697 -2.793757504 -1.343273703 4.231299847 3.932292830 -2.638599627 6.708578152 6.364103347 1.991714712 6.470989373 5.997855463 6.033421945 6.022262523 -0.455499185 1.796307594 3.769607949 0.818783343 6.463602644 5.834776685
-0.923486950 29.432119280 25.532638646 -0.135686847 0.731416687 0.529857037 -0.407271691 4.497412041 4.663800604 5.895108709 3.273617846 4.892492186 9.105692214 5.671909828 12.711820999 9.635720556 -1.678487339 2.764110017 1.851844369 5.031319004 6.447520100 7.755623335 2.345055294 2.203501298 5.970172099 5.319580764 5.868746500
0.583334397 21.926585903 18.440029175 0.779275485 0.425054808 0.298427951 0.350711971 6.722956485 6.123393370 8.283039459 -1.620816109 1.179322705 5.283727252 2.858122039 -0.657867780 7.504347773 1.009112669 9.182696650 1.472560452 5.777557807 4.570322491 6.570798809 6.537136437 6.059322690 -0.150704475 5.840244532 5.725004972
-5.311468185 29.309024412 21.979846298 0.898103955 0.365562275 -0.000901411 0.244484553 2.673264094 -0.344772884 2.354929157 2.843561596 9.176128850 6.012756472 1.480847009 0.365526401 2.746879938 2.352369866 3.016025856 4.826654953 5.620063429 0.440337231 1.085322991 6.636842817 5.834486957 5.355780898 -0.463020419 4.210675505
0.503761841 29.937697253 28.900334287 0.451149993 0.247307097 0.827577739 -0.224539460 7.684032757 6.627228054 6.089675891 3.211222710 -0.361909254 3.858829904 2.221253456 6.010984665 7.895311829 11.700732923 3.556804958 -0.558771627 6.681307852 2.157940536 -0.061077680 1.416954066 4.321708351 0.114430088 4.648276022 7.236763867
1.320744570 26.313700976 19.757407050 -0.099596111 -0.494811862 0.706265662 -0.496417819 1.205433329 4.785883555 6.290115685 3.057544364 3.689220391 1.683178902 2.842279265 5.024671401 1.470500440 0.991497192 3.963309817 9.773095873 7.125851557 4.685977889 4.751471314 -0.926816463 1.013572129 4.429688163 5.615409671 3.880795384
-2.812219092 29.039383776 29.362321726 0.665411534 0.237243430 0.449486893 0.546721664 -1.163867760 7.039964925 -0.140449856 2.794282433 4.700951128 6.514583855 3.659267141 3.136097232 3.012090022 8.318173782 -1.454467178 -1.103909075 1.697382936 1.423827162 0.671569402 6.514205023 6.331539970 6.889264366 1.043223554 1.721786289
2.856575451 19.212567174 27.597372982 -0.770762339 0.165042082 -0.190004496 -0.585307458 3.992848008 9.208298618 1.675977371 3.711182112 2.926676038 6.051183263 2.074502956 -0.137923961 8.175227701 -0.507109905 0.594420766 2.135391639 0.886232464 5.508588351 7.422606556 6.756367860 5.411682724 11.096286060 0.009199071 8.249207678
-5.166861088 18.545316426 22.007666613 -0.696923641 -0.710040193 -0.074871481 -0.067339620 2.907199886 5.753878582 11.917420029 6.446922916 1.383202794 2.703835490 1.401039651 3.498147553 4.350393259 4.684363766 1.036978174 0.325795493 7.515928590 3.639490704 5.913794685 2.099672173 4.318231534 1.163250777 7.336229452 0.683778471
3.187423306 18.118714279 24.392381280 -0.372861988 -0.044089865 0.000182268 -0.926838707 2.528529763 5.217901426 7.539961378 3.065961293 -0.687936692 2.067498125 5.596090885 4.636481066 4.651729480 1.914904270 6.322624289 1.713216722 6.842926062 5.922406202 4.802208521 3.829233009 7.882529519 3.673301061 2.224770615 1.291406309
-5.120926172 17.316922980 27.599820186 0.223881011 0.019831276 -0.377119053 -0.898479401 1.999980678 1.188323868 0.658985282 7.782543620 2.208485331 2.870975285 6.226892743 8.792346361 -0.958953745 7.778345658 4.182672430 2.728891108 1.936496316 0.601330764 5.015149433 0.862201345 5.428437225 9.023268511 3.826992745 2.010614597
2.063640903 24.175177003 29.041990514 -0.646761050 0.151963869 -0.350055655 -0.660354575 0.446494531 -0.129578215 4.129283926 7.776763285 4.065374230 8.135918665 3.859150597 8.465181097 3.567950915 -0.633351614 4.093643403 -0.560321871 9.067426561 6.238101888 3.542108925 1.592198346 4.533436191 7.672666091 3.758455349 2.996265340
-11.597559260 20.440594388 20.007512140 0.599378301 -0.781349266 -0.153316179 -0.082055628 8.723873387 1.981906298 0.198155906 2.510765197 2.293128889 -1.821683439 0.487152194 6.104209145 4.941150126 5.465331596 6.180565277 7.462183873 4.224188602 -0.127700878 7.052182926 6.823155856 6.400620006 8.169580685 8.545640830 3.323726144
-4.828028990 21.073301228 18.229152973 -0.968302327 -0.239110410 0.065279360 0.030909866 7.920028530 4.298233952 6.740064544 1.293228378 7.640763099 1.105129289 8.415499501 5.871319655 5.442944355 5.892985552 4.330062765 6.028031710 4.367998215 9.552344106 4.459265465 6.107589228 6.677117790 5.484604112 7.071109360 5.848060316
-10.722418912 27.351346390 29.747538418 0.270946334 0.829203292 0.228239185 0.432338824 11.299975805 7.250641397 4.336715154 6.396022017 8.429448427 6.508083751 1.860718138 8.484002173 2.824270579 3.909213107 6.809049832 4.394407315 -0.254131445 4.587326715 5.616054636 2.488962422 6.523900903 4.733320190 1.108361890 8.644048410
-6.179792976 22.148652996 17.874357207 -0.140246069 0.069050584 0.075182293 0.984840434 2.434079770 6.549812491 7.272828248 6.583989037 -1.399862483 4.531823729 3.754133063 7.466055708 5.773588488 -1.479388382 -0.853371656 5.984887785 3.325377214 5.902951479 9.214427472 8.831109913 4.245211627 1.190426534 8.129460680 4.937714737
-6.085385610 18.441480052 31.114452972 -0.009978309 -0.677386880 0.723982309 -0.129988706 2.638461449 3.327751067 6.727507238 1.514003030 3.886023412 5.552355143 4.742952647 0.142397425 1.756015418 0.382746718 0.190663005 2.728671823 8.109913812 2.370943844 -0.445087781 3.261923747 4.748665201 3.898240816 3.954818549 -1.169841679
1.976858519 30.211905697 23.690030226 0.023798661 -0.853435443 0.394946117 -0.339262631 5.414649788 6.428055354 -0.482570444 6.607413185 4.049346048 3.740506880 7.543916928 2.665503734 2.750000148 2.892726541 7.205130632 3.925206940 3.527734336 9.088979730 2.675290796 4.689304325 5.802894667 3.885527412 7.168108524 3.820455872
-2.732227335 21.122618887 27.584335911 0.578124695 -0.524631564 -0.169390562 0.601531708 6.027400017 5.121897835 4.499663611 9.435879903 -1.588731048 6.529651114 6.915806981 6.757010813 1.905463601 3.298121299 6.424621530 5.132499299 4.442714755 -3.755548900 7.648340936 4.116318916 3.383556056 2.179222938 2.665347862 1.406275161
-2.695739644 30.845452672 19.871064663 0.159197998 0.030516354 -0.875665999 -0.454899777 1.738312795 -0.414831652 1.609810132 -2.075673155 2.856732874 3.848339881 1.264676118 2.482762764 10.693529851 -3.012054562 4.783828666 3.516725637 7.161046289 8.163262336 6.455422060 0.602608325 5.535687222 2.723516838 2.288681141 7.392619780
-9.497458348 27.828152561 33.294817787 0.316838140 -0.092509596 0.253989995 0.909145010 2.450885090 4.892145055 7.379413249 5.284601990 6.970329970 5.352213427 7.672088586 3.768261895 5.422713428 3.347674085 1.849620158 7.252182017 1.300659308 6.634035821 1.737989968 5.238875379 4.811811177 5.756743204 5.958919326 6.629985108
2.433090363 20.347095730 29.612957397 -0.526749190 -0.609090688 -0.107849843 0.583019927 4.276927770 0.284977412 8.085830134 0.910907384 3.991268948 8.684019591 7.880381790 0.187712749 2.009199548 -0.584541294 3.246919878 1.634776939 0.994634060 3.394491759 6.485028199 5.425294161 1.261521135 0.163541257 -0.899835367 1.231182647
-4.369154380 29.987976720 21.259844510 0.532050444 0.345099405 0.079916584 0.769052706 2.872652599 9.837171362 4.837316004 3.435909245 4.140575161 4.054090513 1.427427148 7.457514716 0.989034849 3.906191541 6.987491520 1.238861871 2.492360089 3.081519911 2.125828029 3.975285969 8.304754844 -0.224862607 9.879233094 6.616209455
1.295880448 30.044596036 29.050630910 -0.915248674 0.220752013 0.237131298 -0.239493551 4.569643535 -1.943633010 4.758845690 8.515977074 8.319868359 7.543830209 1.903522964 1.798223867 11.381629340 2.202206692 1.831826928 4.450243901 3.828947355 6.503615322 1.710881829 5.877544930 1.059497663 3.768269737 7.396640226 6.604130798
-11.042981480 21.120772145 25.324141387 0.432038633 0.154974163 0.719801105 0.520780181 4.660091744 7.425120614 2.710718740 -1.631584941 5.978934194 6.838914625 4.439890864 1.527027491 -0.091189183 5.013072567 7.134697924 4.586445015 2.593755788 6.244908580 5.983723972 -0.244285857 6.993976547 3.876673349 5.818149542 4.758014646
-0.513050864 24.266224747 28.845645082 -0.548262624 0.810536578 -0.046031386 0.200797565 2.815052884 3.671709913 3.523262810 7.343725918 0.535146097 2.535448158 3.869410783 3.126241352 3.168617617 2.811996853 0.609616904 1.237747717 5.397331195 6.660173538 5.348918774 5.154128909 7.040469019 0.838079167 4.328440181 -1.435918114
-6.200615009 28.663865575 22.160210430 0.411042065 0.058292631 0.473002904 0.777119452 2.054024970 2.291169708 4.088007811 -1.267066771 4.053122964 5.628364320 2.720871119 -1.752553701 3.884502075 9.371922846 -0.606694546 1.486275345 2.999836619 1.226312137 10.137627396 4.267973619 1.314775680 3.514433862 4.807528645 -0.884599572
-9.834502617 22.956454575 32.243947551 0.760156851 -0.133309067 -0.586635023 -0.245457949 2.817454754 6.086189360 2.632178194 -0.757812776 1.551188803 4.764639258 7.300710235 4.122118636 2.636734742 6.415001978 0.985382222 4.280195091 1.008647398 -0.828284762 7.476827463 -0.717366906 0.824857070 7.326925875 4.029726371 6.431418786
-9.559426561 20.698073656 25.318515008 0.529453656 -0.123015901 0.300928406 0.783573870 2.039459213 2.062115110 0.808635838 4.947492891 7.221977820 -0.542917074 8.073928115 7.689510894 0.873181398 0.792498758 3.585566032 0.291278134 6.775898951 1.398019746 6.335339538 8.462387059 5.863996257 -1.269041549 3.125575871 8.174123384
-6.577393609 32.693963579 22.752021558 -0.778479809 -0.215966091 0.341886921 0.480042882 7.656705795 2.716067363 4.719798039 12.859903950 4.261164344 -2.029279223 6.033559068 6.574204124 2.943515731 3.505033703 5.607642081 5.090193335 3.695388119 7.339431653 1.901907995 1.531501465 -0.484443284 9.834231841 5.361513129 7.497744896
-7.776577262 32.692399926 29.263597686 0.304329043 0.378039251 0.856986912 -0.173330873 3.509734631 0.943125514 1.548545431 5.699841742 3.112593792 4.968258170 1.274098464 9.354910701 -0.947377838 1.977277056 5.588479279 7.449903023 4.550518999 3.790410242 3.011022944 4.739697412 3.430503043 6.725479848 4.539719962 0.768428037
-0.615790743 21.575180246 16.934907203 -0.244299763 -0.275724014 -0.634669906 0.679329084 5.336655727 3.364196808 3.395288034 1.210119474 3.933556213 5.480837686 2.804659971 6.888995909 6.067607993 3.742105467 2.778673184 4.881025531 2.344814824 2.928784929 4.998231430 2.546672238 -0.519477022 -1.586996987 -1.433973664 5.052264973
-2.797104595 25.607802153 34.845869203 -0.537322047 0.215498763 0.812352743 -0.070202008 0.511263566 3.018991309 6.515432389 2.528656331 6.240521686 4.205510950 6.790064737 8.345050624 4.339970547 -3.555372288 3.501196290 5.603391727 0.976149956 1.807402734 0.641940974 6.246704403 0.635589100 6.600082900 3.379928915 4.147493930
-0.672730664 26.513001164 34.196842342 -0.609207610 -0.331565437 -0.703118508 -0.156699753 2.709001132 5.766745473 -0.781588306 7.544133148 3.129985410 0.466211692 8.666338389 5.314615308 4.297781574 0.852676050 4.376435851 7.318879437 4.549746351 7.889815208 3.440864792 7.186048424 4.462704867 2.701234676 7.159468901 2.205571340
-3.961012162 17.678691715 22.744052973 0.373185287 -0.076660119 0.030769240 -0.924072087 1.556479717 2.759554305 2.366420346 6.582956789 2.564733719 -0.861404444 5.187662407 6.063623662 0.702299358 0.173930252 5.829434975 5.671876170 3.529637011 4.029326649 1.969766901 3.975399747 3.298794041 3.624436111 3.477861673 2.405114325
-10.108195170 19.196116924 29.471005305 0.131665387 0.655662636 0.735884340 0.106042314 0.428588509 3.208833921 4.200899681 4.845649151 3.745403047 4.765858472 3.152707566 -0.760815428 4.736672332 5.098207082 6.445827820 -0.309709211 -0.874361713 7.142718086 0.644644525 7.123541244 5.618095997 6.176156655 4.880281091 5.836170989
-7.503504080 30.069429969 25.202724244 0.524890443 -0.475888649 -0.654288348 -0.264436712 6.316692927 5.112529507 2.903719436 6.000835365 0.349400384 4.389152750 2.128711377 4.962759320 6.334345204 3.531816002 7.269882623 4.290652646 0.136062651 2.181226828 -0.055352807 -0.413122315 8.360284873 -0.194600822 4.991871365 9.516285166
-2.015163100 24.690433394 18.592646949 -0.391951525 -0.233111482 0.190256831 0.869387932 6.019768857 1.236575613 2.935214479 4.055095565 5.652885228 -5.830785390 -1.976446638 4.121644284 10.389590676 5.693078515 6.976720547 7.355632271 5.618408499 3.142594810 3.980968700 2.713022676 4.712577134 8.255672260 -1.744879456 4.021662839
-2.039674425 22.181136619 28.948296973 0.884821290 0.082259555 -0.068648544 0.453444625 9.794788526 1.169840647 0.605290073 1.030138556 3.135581233 2.031379321 8.132135886 4.672881150 3.843609598 1.871883466 5.726141617 6.311843796 4.001963850 4.291262016 0.375982838 3.181903444 7.063539797 8.563486029 9.659727065 0.585944095
-5.651691610 26.481414268 22.281686735 0.482354053 0.467624942 -0.739039034 -0.049827574 4.886329165 1.585641658 6.805046969 4.130854038 5.474943204 5.378791836 5.220331462 9.173246838 3.550670439 2.224959485 1.076398347 -0.710967167 5.311590930 1.973286865 3.504989281 7.953108999 11.427591146 4.870119984 -0.726943789 -1.330670411
2.690735148 27.090667379 28.436742167 -0.776741711 0.529247853 0.224559210 0.257181230 6.305837026 6.198620513 0.397386081 5.340587117 3.126153654 3.295316201 3.015466512 1.725173138 4.807303211 0.535708530 2.020594056 4.979603974 1.910794247 0.192299414 2.390737338 3.757724672 1.189157937 2.361981003 2.285157561 4.631057529
-3.048038178 31.813035025 23.580908358 0.496181158 -0.522153337 -0.303507416 -0.623733437 4.891776693 7.550768635 3.067045948 0.933911927 3.163479292 4.901878238 7.472389854 4.228208249 7.271655216 6.668783724 3.399637482 5.610653502 -0.858789289 4.937771825 4.058160303 -0.034073155 3.575638669 4.426797942 3.465420241 3.008275872
-10.974837783 30.545470596 24.266534217 0.325967236 0.662981214 0.571041817 -0.357928085 5.176494440 7.770879448 5.777990937 5.532690274 4.143328318 1.202245330 0.244362116 4.493141222 6.511061411 2.746747145 3.839176483 6.043237636 -1.860847744 2.708366450 0.948777723 1.915825342 5.548608207 5.233049754 8.496238576 1.672237948
-7.099650778 21.462082211 22.771763563 0.051856102 -0.455047006 -0.152978079 0.875694510 -2.986412958 2.725982642 7.671790893 2.009169554 3.740740136 5.602194966 4.950340468 -0.840703277 6.602236422 1.924028002 5.647235566 -0.604667734 -0.625359629 1.331474226 5.041249997 3.718523823 3.809481188 7.150302212 7.566690808 5.160547830
-7.962792272 19.224883076 25.879780208 -0.190201123 -0.319375996 0.530028814 -0.762162688 4.484511383 2.331081376 4.062252628 4.365557160 6.040348601 9.402656962 -2.827890415 4.158442438 3.454133160 0.030198086 0.172218300 4.744771192 7.750775147 4.605977898 4.085129581 3.414385877 4.388562110 2.739455869 0.520399045 5.711943834
-0.855582953 19.035756935 23.038299955 -0.061593226 0.943807523 -0.179414853 0.270636184 5.625674751 6.439509502 4.967235246 3.963145156 1.440103586 1.911794443 7.994290500 5.952617030 7.679875780 2.963058894 4.093320316 5.498050773 5.039336229 7.217752192 1.033103310 4.933425928 7.603041862 5.374015026 4.910000218 1.196500519
-7.034880709 16.921843951 30.373778260 -0.153375807 -0.044193375 0.919817288 -0.358411724 -2.820861970 3.832049328 4.220770092 3.369894986 4.066672700 5.477141575 6.121481499 10.647897140 2.478134683 5.144495318 0.119297582 6.006341037 5.503462907 2.221331557 6.405297787 8.840569155 5.572907760 3.515982667 3.325606253 0.342078457
-12.787373840 25.889526791 23.595778192 -0.344321864 0.422977705 -0.811801223 0.208593121 3.319341660 2.076533643 1.964103388 7.119628220 6.058732509 7.345336492 7.515718932 -0.487441509 -0.427264269 -2.770229924 10.252568114 2.765193220 -3.191713282 5.390461094 8.836390480 4.019990849 4.455977160 1.117328049 6.657830885 -0.256362728
-9.118229077 18.594935048 25.132373438 -0.202680337 -0.829625265 0.467049068 0.229145737 7.263222423 3.415657662 -0.703550702 8.927740835 3.150377647 1.769439177 7.417685475 6.701453278 1.491467034 2.525818533 7.050711801 3.748740783 0.046192350 10.265747729 3.033659503 0.410351909 2.039798513 0.970717666 4.063358922 5.037060114
-2.395526115 25.580852248 29.459887211 0.915941210 -0.097015339 0.357929475 -0.153382578 3.721728942 5.672817192 -2.912608560 6.884823913 5.894943439 -0.830041065 1.223163323 4.173375988 5.831079499 8.401983189 7.111366472 2.153182240 0.128536841 2.177534012 4.274656292 12.303967266 2.371550951 -1.164203645 0.206002880 11.317161852
