-37.504154396 31.240761765 -8.669505287 0.666466411 0.573847536 -0.371149168 -0.297942653 0.363160542 5.405704832 1.928362593 5.148378108 0.965471755 5.808028816 0.208838990 0.317355264 7.178207138 1.215973187 4.050087856 -0.234748052 4.096837307 2.120355894 3.818837414 1.071606656 5.574013923 3.607688874 1.859147731 -0.820022878
-29.695086221 40.903636657 -6.713950922 0.504341696 0.755641634 -0.058671050 0.413766701 3.376318564 2.081827705 6.460135377 5.913359580 -3.468991498 -0.695660459 5.266735626 3.192793325 6.409179956 1.063939739 10.745388710 2.702699442 3.388520389 0.479562323 7.427640400 3.936426696 3.666738841 6.489856447 7.141141832 6.875895619
-32.305312934 39.229988019 -3.504145113 -0.930694155 -0.185368214 0.076276864 0.305988326 8.409624912 0.211784987 0.621002200 0.930856374 3.014046057 4.466829165 8.883330926 7.244932862 4.220409973 -3.063275509 2.680926258 4.072728850 2.854155702 -1.176560919 4.222380152 5.623152567 5.215550563 7.171068820 6.642792865 4.834337030
-28.227614969 24.758245817 -4.726168158 -0.158782791 0.509805065 -0.402471709 -0.743574707 8.361239885 4.391140937 3.997403323 6.704405987 4.709886766 4.244919919 1.507144820 1.502854639 5.458108818 7.993749291 11.235158207 5.231101947 0.276337930 2.790374428 0.651404019 1.111965063 4.195552254 1.132300331 4.335249573 8.070760051
-31.672164295 35.895544040 -4.266846022 0.654240422 -0.512717489 -0.439614056 0.340337668 6.558372602 -0.326777383 3.967147120 6.005147422 8.025237767 5.928606856 8.050348264 4.003729069 0.823251309 -1.266716401 3.119626383 4.314093659 5.569284793 3.529068604 2.720706613 -0.442334750 11.462578101 2.958220611 8.570970145 2.904560143
-32.544135912 35.899339815 -11.078951276 -0.714876455 -0.398447548 -0.118764967 -0.562215340 -4.046811668 8.422125060 4.716331475 2.374534238 5.958034062 1.702719361 5.205435437 4.828236779 3.830153705 5.771356222 10.402228991 5.411563934 5.429261160 5.247071501 3.835609139 3.111435772 1.514511734 0.653612323 5.802257434 -2.266431105
-20.949230441 25.873476162 -4.119515615 -0.269376632 0.807999471 -0.518011571 -0.078975299 9.335234512 14.974614466 8.323395480 -0.419376216 3.958941380 -2.056452769 8.062330032 3.137318713 1.045563829 5.125589005 7.645835881 3.956458277 -1.988036745 4.827956011 5.576972301 -4.215112090 2.768491133 -3.903173187 0.535526631 7.758261884
-28.905299904 37.608868341 -6.723586902 0.366874096 -0.891732884 0.219573467 -0.148335272 -0.644675634 4.586249691 5.606263615 5.851532901 -1.727986629 8.447460038 4.938098469 0.941507205 4.637089249 5.895673040 6.322504373 -4.880831159 3.702125933 5.302313921 4.043169589 3.970386850 3.055012917 3.091742403 10.865167642 1.162678319
-23.012265863 27.210284018 -1.608034437 0.678883654 -0.120791143 -0.608061709 0.393430352 10.883596740 -0.941986976 7.102839414 10.202543620 7.381703133 -0.185657574 2.032797010 2.332783605 6.798924402 5.923404511 7.581990909 6.376630794 -1.239463364 -0.301310408 5.565112752 4.707741805 8.656134171 1.786568466 -0.813701297 2.027379254
-29.343237381 27.873146344 -2.064580301 -0.634091234 0.370763820 0.642746345 0.217576729 10.694172272 3.046240022 6.128275691 2.534938318 5.193927419 6.335188464 -0.310679514 2.038110796 4.057218582 1.133268884 4.287915244 -2.536102423 4.717652037 5.495424404 3.757366722 7.465922773 7.545150711 -2.710098027 3.582294022 -7.492054997
-32.282353769 27.002827727 -3.692265337 -0.454513951 0.512834210 0.487002060 0.541522977 9.759994211 4.933174578 2.265821933 5.294256584 0.685260509 7.184914654 2.228314768 3.431528360 4.753467616 2.933002233 4.584495375 5.309743703 3.325611090 4.333811295 9.800815358 5.757449903 6.748053637 -0.121990820 2.284079556 3.218239445
-21.117187432 33.165542415 -13.797117348 -0.483548087 -0.287105372 0.816649415 0.129751628 11.342990533 4.749981673 1.923811862 6.911577793 4.510472051 8.968208228 5.499239706 -0.652483946 5.692834591 0.429048123 -1.308405515 0.376899158 1.114939381 3.137213140 1.731676413 -5.005962941 -0.577958729 1.738475234 2.487346657 1.229638823
-24.785691769 26.195884848 -2.106824108 -0.527331220 -0.803378545 -0.276593838 0.000739021 0.298087325 4.619048306 5.290999704 -1.227112480 3.960554102 5.578708854 2.979957043 7.554531284 6.085041012 4.492044849 -1.559893396 7.187108025 -0.614631364 2.291544841 3.316979080 -0.938755023 8.946504836 0.117099298 5.598141534 1.181064080
-22.848055254 30.990006922 -2.811464823 0.423039917 -0.055029390 0.739088000 0.521304060 6.328316605 7.357770132 8.609224975 6.553149268 -1.662264757 5.219442332 1.095549085 2.563076283 4.365971984 5.214566045 5.127205537 4.435564519 5.226916864 2.788422391 0.561152919 1.531242994 7.063056295 8.147301734 10.352023507 2.414386886
-27.454834372 35.510866340 -10.349050987 0.792876750 -0.113349155 -0.586703036 -0.119490485 9.951526397 2.406521411 6.273831318 2.515329983 1.034204038 2.458185669 3.296875178 2.846568058 11.717497744 8.622137198 3.449653012 4.280510084 1.050649367 4.108399512 0.596117372 3.894269701 5.848076646 2.779739122 -1.606873072 5.218736460
-24.742709597 30.806054102 -7.281915088 -0.278551510 0.567076552 -0.030890028 -0.774518590 7.036872839 7.303159272 2.819711091 3.853053525 4.517548574 4.566099858 9.278614805 -0.230469228 5.239179276 2.199418816 2.919085800 3.261496372 3.769899194 -0.292550840 5.875153686 11.107307563 2.842145888 4.722240373 3.302200940 4.130661913
-27.880970420 35.676665611 -10.304681700 -0.429778128 0.094310639 -0.525072084 0.728488552 1.248119045 8.218840760 8.683779519 -0.095355237 6.067082128 13.817914256 5.209564332 6.024514449 0.531592597 -0.294909259 1.475106121 4.806893815 6.534106267 1.676629593 -0.337379333 6.139443535 3.630711050 5.033051579 -1.631170136 7.386790396
-29.295818425 27.830984989 -10.346114587 0.833830623 0.531382419 -0.143362948 -0.042500373 1.258689570 3.376025631 -1.287988842 6.562207305 4.594664361 3.856138850 2.266789672 3.317523776 6.646440607 6.139553736 -1.028204977 1.175678651 4.341628333 -1.379689613 7.068082870 2.014987911 3.669045169 2.816122505 2.774049748 0.591224525
-31.484636852 30.037124021 -12.232266076 -0.300610173 0.650527235 -0.217023806 -0.662833695 1.575284232 3.032865958 6.010994325 0.047248798 6.922159185 7.190540802 1.778284289 6.511835992 7.820995345 7.420146526 7.827489129 6.749797879 2.773910821 3.832239118 8.966666192 -4.687945048 3.925848306 6.118096838 5.656423932 2.202512351
-34.774906863 24.943571999 -4.463041521 0.729497923 0.374386674 -0.517703887 -0.244233667 2.745463559 7.854206042 7.308491490 5.928164239 -3.309962833 8.954534547 0.348886244 4.215849507 4.880455470 8.158877998 3.034940946 8.355560072 1.462047809 -2.298511624 3.411351942 4.017556113 4.013327861 6.275448631 9.166869991 0.299223578
-32.432733758 26.238877425 -10.227183832 -0.442678200 -0.485484537 -0.425876073 0.622069406 0.093136399 5.394769402 3.840572571 2.272034748 1.212851901 4.259408206 5.966538435 3.575881903 5.726115375 3.269467552 3.389355123 4.873823668 -1.751616036 3.367607948 3.390308256 5.477017623 3.434285190 -1.215527375 -0.072510954 8.621438772
-24.926583242 29.495158979 -2.501097851 -0.384959682 0.026274936 -0.511346930 -0.767880191 5.763263457 5.434500136 -0.283063764 -0.511105033 1.136909375 -0.967099308 -1.918572623 4.042547256 4.947192297 3.928773908 7.010338246 0.372003700 8.255740540 1.353127726 1.907455139 0.830666556 1.596495567 9.462781339 3.780066996 1.993544120
-29.293976752 35.845156675 -15.494671315 0.521387634 0.582183056 0.178415972 -0.597817335 6.007578530 2.078156870 0.730703177 2.079040231 8.007940093 0.504143675 1.875660836 4.076328040 8.852775883 1.397156143 1.769316151 5.077101322 2.162951315 4.017898071 4.923387454 3.930909025 4.375601925 7.041615605 3.438566383 3.141144184
-19.807151635 27.470148933 -3.530707969 0.576817345 0.739988521 -0.061183830 0.340522065 1.421658231 1.718998301 4.604468063 5.054172573 1.307708253 -3.041191260 5.691799678 12.309143723 7.795801662 2.444410987 4.984789976 3.561357806 2.822186198 5.284584698 0.784841695 -0.302989260 1.953711737 0.143863634 5.475814275 -0.178008812
-28.441950961 26.972204569 1.391686955 0.637822906 0.668478609 0.162026799 -0.346504842 7.863711018 4.996137722 5.868963028 6.460300436 1.926837744 7.944360686 3.480365484 -2.665793214 5.003308119 3.773793932 7.321983992 3.889221060 3.333997702 4.983672885 1.466139566 3.297282224 6.306096595 3.728773152 3.259676924 5.389306289
-28.663491685 35.917844571 -13.608929880 -0.175474423 -0.834395043 -0.522140215 -0.019058702 -0.189980886 7.885298309 6.605207122 4.531649442 4.731477548 0.824311879 2.841598588 2.770947716 5.114701533 3.444011767 7.778321145 6.605205136 6.427639703 -1.059766020 5.414788503 5.595899961 4.721811284 -1.753039810 7.027311357 6.417295890
-33.494944803 25.754034552 -7.068316768 0.058710841 0.963764027 -0.212109119 0.150737052 1.742321939 9.398549591 -1.723909889 -1.305649433 4.257741629 6.917348351 6.832679710 5.005342560 3.247562404 5.646104849 3.427100024 4.382986508 -3.058094966 6.793979815 2.780785848 1.226420641 3.291509446 3.860823385 7.819481677 4.680024377
-28.460734247 28.997337741 -15.242467892 0.055956695 -0.166551289 -0.968396380 -0.177025330 4.286848638 11.690955779 7.561384869 6.921125574 3.223835418 7.657594306 2.903803903 2.584283364 0.493928268 5.167245749 6.978490975 -2.789010367 9.376328761 2.384985871 4.927224888 4.744402640 -1.097250967 6.102229052 -1.199587664 9.312419422
-31.863859342 32.488699573 -4.662441957 0.809631413 -0.180700273 -0.298041282 -0.472245466 4.930178882 3.017237914 7.936218908 7.842893390 -0.038823210 3.581901869 5.726759312 4.826875862 2.545175236 5.343008384 8.758383291 5.070340363 5.252697951 5.044855420 5.165684228 3.301179635 8.273741855 5.169621902 8.289245904 11.145968704
-27.374140318 32.806475816 -14.928932201 0.054729620 0.520043941 -0.606559679 0.598869204 2.002638001 7.556465033 2.505994099 4.049468349 4.706647062 5.545932087 5.466092231 4.430555680 4.712907990 4.494410320 6.316890238 -0.410023494 4.863879710 7.013615999 6.613100584 1.189729839 4.283852066 5.048358220 -0.654390547 2.826356354
-31.452715489 35.913110077 -13.876537493 -0.066514581 -0.424399292 -0.524929678 -0.734785605 10.449187860 3.471749543 5.146110851 3.652871998 2.585550297 1.518935947 3.710744561 6.873671124 2.062941771 6.018489677 1.319566021 0.058309280 2.052866969 2.693646769 5.737874698 4.764595360 -0.646171555 2.788053707 -1.275684263 4.584754974
-25.684422190 27.689551606 -9.268371015 -0.319252215 0.344065654 -0.171216466 0.866245791 12.899939729 6.616463478 5.366172102 7.271771206 5.723520629 4.057926449 8.824015986 2.446030654 1.306337863 3.878470332 3.150698699 1.465371861 2.298954182 -0.652973070 7.251122679 5.492463500 6.189751915 4.825105889 1.104422880 7.860515744
-26.822625251 35.469222717 -5.750389225 -0.881106100 0.156376439 -0.445725891 0.022953862 5.214389949 -1.153980033 -1.394108755 3.637347798 0.649243860 5.762720301 0.601279608 6.800481319 -2.298513681 9.861826364 2.080237845 5.149729321 3.560839682 5.064258834 4.874691355 6.820264874 8.906555638 5.087102513 2.985674573 2.150655365
-31.480903342 36.277319714 -9.838228851 0.105713791 0.219639452 -0.913678070 -0.325231440 8.204364645 3.626712583 4.952895782 -1.622187560 3.906521177 -2.217452370 7.256068990 -3.823163587 0.104516604 1.488451538 2.802411373 6.226181846 1.094901066 4.435612627 -1.229563137 4.400306849 3.020049902 0.063752229 5.051047063 6.659233360
-31.861793470 32.678208693 -15.787416788 -0.151580100 -0.384672963 -0.904373110 -0.105638360 4.989547931 2.194501380 13.790808219 6.275343083 1.810427213 5.858684470 5.531196798 2.804397442 9.358344890 5.635668152 -1.390640901 2.506816071 -0.553008025 6.869348496 7.384998893 5.109185104 4.369174371 7.986528569 0.595697965 2.642823148
-33.959498902 31.767046510 -11.419027598 -0.968489910 0.135751645 0.208618183 -0.008788522 5.878977587 2.482263359 3.648037179 4.363215718 3.053479453 2.686794838 2.877451462 2.377838122 5.142442430 -4.680945278 2.939984834 3.940231903 5.530545687 0.992063805 7.442262548 5.027795013 2.101607460 4.918495271 6.832611547 2.797283628
-24.863005451 34.735513792 -8.133156642 0.182602397 -0.182550744 -0.319846723 0.911608285 7.406010623 7.681268965 4.950237703 2.094050893 4.928542424 5.391920073 6.415051773 7.039168566 2.806501670 -1.875816782 6.595943936 2.924542598 7.764047496 6.077238249 1.892260846 3.515895443 3.118415362 8.931378027 2.644136889 2.187364229
-25.573011120 23.957447153 -4.937046243 0.263223326 0.112374543 -0.863496999 -0.415281080 7.878794297 9.592652182 2.911843606 2.058216540 2.608931809 6.318638607 5.623127202 -0.258072495 -3.801219519 4.813898571 1.157918772 3.943373483 2.597507899 7.765623336 7.881566882 3.380897083 4.704461027 4.680183986 5.208936787 3.782955364
-34.748166313 30.006383275 -11.317990039 -0.048030060 -0.710821534 -0.479297002 -0.512542920 4.391083581 2.903509244 3.260852882 5.940797665 4.823154284 5.393003379 3.424178793 6.072464425 6.144360625 4.982782157 4.008406867 3.171171103 11.984059979 5.537486827 -1.562445832 6.698005464 10.078434970 5.855144724 7.262805160 2.317499682
-23.952526581 35.141620256 -14.638659030 0.351682123 0.577481711 -0.264275061 -0.687745047 0.450183171 6.348035856 0.492759719 6.420342289 1.548591857 0.287731623 -1.699297939 4.694682808 3.354662313 -0.535528362 9.451868536 4.232831606 2.024218215 6.336008345 5.401172483 3.246111528 -0.311694373 1.676791946 5.407419883 3.799730807
-24.030025655 33.947609096 -7.539022296 0.422416478 0.072170893 0.304515546 0.850662074 2.762609499 1.534359615 4.946800974 6.135468216 -0.463712021 5.689116749 2.035338284 1.198090719 5.837052472 -1.133162335 3.691481503 3.893583603 3.756244456 2.432792036 2.728321390 2.061700969 6.245965555 -0.325144549 4.235153236 5.346258014
-28.065507370 30.484859878 -16.405985359 0.148262364 -0.383320167 -0.097092149 0.906452997 1.183886262 8.836939135 5.673551583 8.109733244 -3.146448683 -0.246831177 4.614738589 7.554394273 4.060951692 5.068011311 8.372450658 4.554082320 5.232609043 2.418190044 3.356042986 5.777392716 -0.243551864 1.411800848 4.670629548 2.729652599
-23.194531649 23.351433964 -3.673561625 0.026341772 -0.655565776 0.743852485 -0.127369956 4.660137790 4.127278147 0.454664660 -1.327091090 7.266103492 6.977851481 10.894410634 6.876960771 8.154403173 6.045547042 2.496870023 7.674790094 2.905396251 3.507077050 0.001779350 4.524826093 4.449182306 3.916209481 4.753571628 -0.806672260
-28.748109799 23.175631566 -10.463245822 -0.590620367 0.366056876 -0.076562776 -0.715058101 9.350814802 6.618341667 -0.487961091 8.082377140 6.686459826 1.898653734 4.243292288 6.131727429 2.414620599 -0.314175284 9.501054215 0.498485976 1.823749410 4.109436440 4.371171265 3.845398480 2.141605800 -1.185920861 6.579640354 5.898415961
-35.996932155 32.044649664 -4.573973294 -0.403363639 -0.774886842 0.319475994 0.367128377 9.075561230 3.103878827 2.572954107 1.160780507 0.649047778 -0.250465343 0.452225311 8.157301339 5.261498642 7.198175252 8.744024338 7.451554374 0.249099001 2.604425550 6.859726812 0.746597364 1.270420237 8.923010506 4.821488583 4.410197928
-33.890954516 26.104738937 -1.852887969 0.042257358 0.421544404 -0.409062434 0.808197102 1.423750781 2.592487969 1.509417238 0.998728250 3.280307133 5.929614300 6.067311333 1.527317279 0.423393792 7.705299271 3.935425274 4.728479053 2.023221959 0.916987856 6.831512957 3.341643278 0.932856023 3.839086568 0.113352908 -1.142218846
-29.127331023 37.906468261 -6.964311938 -0.329682724 0.487609675 -0.560887331 -0.582195420 2.594508177 -0.522419071 -0.781350003 4.329679743 6.213532107 1.033133920 2.055530717 3.497570618 6.433452791 0.821466788 4.479151710 3.474506781 10.548996456 4.460667183 -0.393706949 3.693626591 2.697524732 4.179766507 6.047726951 2.794190357
-29.848121677 28.743963061 -2.118934502 0.120563548 0.545361015 0.742579130 0.369624174 7.596605502 4.381857813 2.553461212 7.099899580 6.781946056 9.334014039 2.682236165 0.576920848 5.215313126 0.067065176 10.928919134 4.909353424 2.845162417 4.235411483 3.162676013 4.355563035 1.145875935 7.802567873 5.397438547 4.642256263
-23.452177586 33.259855073 -2.577742064 0.273235331 0.703648545 0.603880701 -0.256025932 6.428798641 7.971643136 3.073445257 2.438681207 5.406018774 6.541543841 10.572457747 4.124777355 3.928174811 4.981170751 6.135459956 -0.270836221 1.980127020 6.224619393 0.266288972 1.722420390 0.342458461 5.141990861 6.288908869 0.718457930
-23.993190292 36.498804730 -7.753952190 -0.415389172 -0.005950797 0.878198547 -0.237031088 5.103889316 4.621314311 6.201284967 3.918448522 7.724154662 3.343832267 6.807748753 6.531681675 2.007922536 1.885680914 4.754396471 2.822305575 6.372651928 7.083584040 0.230630703 5.674086096 7.879646936 12.047783055 3.385052640 8.195312125
-28.578852537 32.178520688 -9.502587067 -0.079547910 -0.306617040 -0.846969419 0.426967123 4.015547341 5.286859253 3.912884232 3.921002957 2.929088819 -1.914960341 2.600930365 2.702215583 7.914380841 8.745866080 -0.082271114 -0.408112373 0.438726060 0.622487534 4.069836759 -1.882745274 1.469569110 4.460827873 3.441908671 6.145961882
-20.691163839 25.532547368 -7.442720921 -0.326958919 -0.426056185 -0.550445502 0.639205555 6.817423942 4.586310469 3.934403100 1.195361466 7.127520333 5.918507236 4.998981317 10.702394574 -0.069314277 -0.120239486 3.704854487 4.583847086 6.971778734 7.498502631 4.142087947 3.751011771 3.365437079 11.303574011 2.808054917 5.420156721
-35.290745835 32.444236068 -5.802589263 -0.146079839 0.981129200 -0.120259280 -0.039797968 7.403907690 9.515062226 6.491004224 2.833823766 0.119041799 8.990343518 5.537425449 5.339157290 0.541070959 7.356875165 5.823398330 4.459044353 3.261337446 3.592594129 7.898314359 0.335385048 6.385987678 3.394747852 3.509452588 4.318025818
-27.845912667 37.603672075 -0.057079536 -0.137257573 -0.417051595 -0.898333910 0.014983716 1.940335909 3.789164349 6.892169203 4.770742093 2.326423399 3.882629807 0.248732136 0.705796535 4.629614075 9.491459983 4.930619304 5.876184752 4.643164130 0.608637210 1.519464805 3.995011968 7.042561470 2.146454884 8.043887614 1.263683980
-26.135523833 38.889025933 -4.467975007 -0.071083935 0.076553629 0.321267303 -0.941208763 5.638966158 3.326932374 7.308360789 5.077458206 2.252284145 5.320298789 1.562250535 7.662414183 3.349040071 3.448426172 2.362302748 8.759950829 0.867068781 6.301595513 3.255763781 -0.413976451 8.531060324 3.403701183 7.418331125 1.185153989
-32.899764566 23.586491208 -7.253251855 0.827731519 -0.291181272 -0.140561387 -0.458602765 4.992135889 3.718308286 3.083056451 -1.340074168 -4.494374492 0.563221835 4.995312871 3.706085170 1.870674395 2.607858452 1.888579282 -0.166043952 4.598997480 2.766671374 -0.346695784 -0.602479221 3.140219090 2.744880014 2.562526613 4.408993366
-29.719815844 31.667165052 -5.286700802 -0.512523500 -0.317991798 -0.318425738 0.731304264 6.320842432 3.482081455 1.918319463 4.238296840 1.862544499 5.654900313 -0.116744636 6.231060630 1.975963877 5.811632171 6.380244431 12.028663850 4.024187403 5.107002548 3.496838461 1.833800999 3.018117333 3.931374984 2.111073262 -1.962668942
-28.602354701 31.290382376 -9.590867433 -0.243410148 -0.056414924 -0.013860167 0.968182189 5.439274024 6.307067443 -2.564323503 6.034949029 1.989543928 7.506252759 7.288726139 1.354261303 -1.123911049 3.652838691 9.819443859 1.229999633 5.128697514 6.142573209 0.904677650 7.355763474 6.063331239 1.472021874 -0.224414942 2.601618258
-27.840061748 33.445097128 -0.480085676 0.748130001 -0.377330459 0.232149788 -0.493993625 2.552643212 2.943345581 3.122772696 0.144796809 2.633771893 4.791873226 7.298723118 6.611506548 9.163329935 3.723611546 4.634579327 5.663925741 5.004510329 2.469806987 8.134989613 3.060212266 4.283422433 -4.038475373 6.477929061 4.446156195
-26.469786073 26.358649294 -13.826947913 -0.012891824 -0.062371360 0.042293211 -0.997073166 3.339260621 -1.452110821 6.418843095 10.031011439 0.982900676 9.993023192 2.590239243 1.078232380 1.318444676 -3.417760705 1.753697159 1.571235864 6.501901629 3.088464433 11.598002645 2.549671059 6.236823231 3.496008940 0.924342967 4.442830128
-28.977026656 31.654040552 -1.697602155 -0.502199937 -0.361331305 -0.188443873 0.762708213 0.416975817 1.882009117 4.908968179 2.864254820 7.156884387 2.198811808 2.283102998 1.308057682 6.778875256 3.508863362 8.400909538 4.946125519 6.747878219 3.473181726 1.889016769 5.605924165 2.056869119 5.643084277 4.780503206 3.768575668
-28.950289309 24.365737173 -1.033107829 0.689045878 0.289279347 0.660882251 -0.069049891 -1.075918340 7.068368480 2.886598430 1.784724218 3.239565549 5.497648280 3.814917365 3.705453251 2.024765575 4.379194102 5.457020984 6.231514084 1.214588997 1.067736362 4.798698806 5.051703414 5.332291425 4.168047119 1.297903901 -2.430995578
-31.970259538 30.979992057 -4.869787792 -0.033663888 -0.359006829 -0.735550877 -0.573537921 8.976643093 -1.539039412 0.834895479 5.587531189 4.388456890 2.746027722 5.965679193 1.828768140 1.098991493 6.870842159 3.743598686 -0.355058328 -0.138584987 -2.078339166 -0.099673944 1.753614793 1.050972923 4.938209175 5.158871363 6.126185254
-24.537016688 30.511272667 -1.234830367 -0.912546350 -0.360911300 0.131550463 -0.140344822 7.876138963 3.507987433 3.283511453 6.202997984 2.880821029 7.531961370 1.814427890 8.122384679 5.723725507 6.159617042 0.067987001 4.880613963 4.290794519 6.366824648 4.204922996 14.514658170 5.165694796 6.057322412 7.379024830 1.467135700
-23.647527895 26.491532564 -10.119577682 -0.725841982 -0.454423564 -0.514907022 0.039030757 1.842488910 9.028119725 0.078704730 1.643697079 4.177867222 5.291782398 6.742008689 1.693454336 6.800067625 2.198851808 4.959520103 6.119792767 2.973064005 2.867752906 5.499032314 6.425049825 3.360227907 -0.208161831 3.432136655 6.775666731
-27.840518890 27.227077226 -10.598718570 0.686329470 0.057316160 -0.557087664 -0.464025916 3.298496336 -0.394509849 6.471205841 2.761059536 6.579775793 7.282431850 4.458656612 1.534412645 -1.508137622 3.727324533 6.348422562 -1.913244568 1.383537707 3.802930397 8.324494026 1.392526561 2.043567648 4.078996836 4.316335569 5.719071368
-33.235926951 35.505842507 -8.246234503 0.764886547 0.152530420 -0.234647315 -0.580192795 -0.068341622 4.071352521 6.448772417 5.987878806 -1.710904088 7.083071784 2.599034652 -0.314922929 3.383630971 3.720056490 9.336966360 7.550823679 7.966376181 5.094066477 5.420056688 3.603947594 6.997974234 5.903432421 9.254636297 7.481655460
-31.195574573 30.667920331 -11.929316328 0.307545722 0.108411616 0.608264706 -0.723655027 1.726489491 11.761649971 7.772634506 5.284234039 -1.090801844 4.850610521 5.805355978 7.338560230 4.640639581 7.627219618 2.590237624 7.363350837 -1.835704304 5.633271296 4.653179387 4.574846992 2.095865346 5.812470553 3.642982423 4.255925208
-28.903775792 39.060603409 -7.290554960 -0.165711067 -0.207045886 0.243192570 0.933021552 4.797746314 7.471118685 7.710372457 3.868341170 7.403040364 5.624287847 3.617536531 8.612056419 0.134942936 -3.584481963 0.805112813 10.585354814 1.763480369 2.532933279 5.659398130 3.855913239 5.882410295 8.516717141 7.879060167 1.702778646
-25.354113937 28.234919533 -5.411797477 0.676091287 0.070776343 0.424224973 -0.598267877 -0.129604919 8.271080817 4.656644432 4.004784052 0.714197272 8.388840386 8.348942019 1.969023486 2.618646373 5.244590608 5.620342749 2.528869794 8.750844781 6.137317114 4.207832515 2.820253348 7.275297131 2.166979776 8.230939706 1.406641707
-26.477144080 38.381306278 -10.738736870 -0.465486176 -0.381707928 0.365877509 0.709757231 1.380424976 6.669707948 -0.981576804 6.242208307 8.311778782 3.387385212 5.140494225 2.038894507 7.180002637 4.024951232 3.756395903 5.415890901 -0.979221088 5.074613818 2.912744288 5.442237006 2.377313521 6.522116207 6.084480059 0.962155571
-29.537405848 23.685886992 -7.005637369 0.532509374 0.691226177 0.427033222 -0.237239894 1.713440279 3.969570394 5.153620469 3.396059431 3.027545075 6.359601248 1.006420459 5.492052450 5.004867440 1.441439357 4.029234245 1.020371843 4.776421189 5.123114625 7.738662273 2.113615214 0.003247873 2.949652791 9.394831031 3.573549493
-22.452183719 28.220351891 -9.690788322 0.290092286 0.284858790 0.664812297 0.626678981 2.676235184 3.291585180 5.767088235 1.781147174 1.663294654 3.801491532 3.152196522 3.724386336 -0.022109235 5.129181400 0.198478960 6.169898299 3.448253461 2.634251018 4.422846428 8.164965922 -3.303976632 0.530983524 4.047525065 5.396163056
-30.391085420 29.053082679 -15.427465930 0.549361831 0.665415589 0.363391695 -0.351240870 2.863038881 4.403318391 -0.337054275 -0.968806537 4.128591181 5.100928360 8.839731823 3.977351939 8.584102979 5.265584965 4.064717271 11.845817629 1.976848081 4.061142472 3.223144898 9.591274875 3.855412990 4.378553606 1.465927632 0.538732843
-31.962618206 40.408193544 -6.869034214 -0.479629389 -0.715696997 -0.065393502 -0.503445278 -0.843817277 2.401195533 2.968576790 5.969406233 8.469862232 4.231810721 3.945471026 7.543420433 1.220739928 12.867084529 3.317041160 5.205770366 5.569662465 0.767226370 3.445428582 0.165029257 2.361840896 -2.482911007 8.087485956 3.376409680
-28.227043009 29.043298784 -16.060243688 0.215808935 0.075073649 0.972449591 -0.046176217 5.666946363 10.072720440 -0.790922373 2.798628881 5.039058627 1.994076414 3.388491354 1.352104465 7.738216450 7.926236838 4.416792870 4.381116383 3.234486486 1.776595273 4.269094226 3.844912073 0.818574204 2.649215676 7.274563260 7.158632594
-35.367267427 34.609809504 -2.893601320 -0.662073259 -0.566440942 0.301182249 -0.387418264 1.571834418 4.598497456 3.430758638 5.852641446 0.063187213 1.690928599 -0.979477273 3.257825922 6.479015079 9.317573183 7.647797639 4.792240458 4.871949501 1.285682610 4.213631755 4.386524391 3.715011100 3.492375683 4.933851392 10.001280160
-35.385408400 38.018782967 -6.246435004 0.361865359 0.531718912 0.662666184 -0.383669114 4.179601129 5.055584884 9.510684068 4.364793750 10.178380691 -1.125811917 1.216719944 2.485152198 -1.252870364 -1.319639964 10.205114533 6.550137650 -1.140781957 3.852112044 2.027224874 1.802376725 6.527447011 4.834789888 2.503952014 3.650108785
-29.970025694 35.479452837 -12.841819804 -0.266728986 0.246652102 0.813596577 -0.453959247 5.018500531 6.561209447 1.842543029 4.844390453 1.040958610 3.916648156 6.435276812 0.739723099 4.883608674 3.896184435 5.010749172 10.868732986 5.949409003 0.681036958 5.805026526 -0.324422165 4.486661881 10.608036270 2.778259463 3.576114336
-34.681097916 27.643248269 -8.704890288 -0.550355214 0.526754809 -0.025697364 -0.647285220 1.030860174 4.505210831 2.420668273 1.340366151 7.701803560 7.647453227 4.186189035 1.905740077 2.828889314 10.307397259 -4.255559078 5.067386090 3.252896475 5.268963685 5.689781353 7.811911069 9.063840949 6.938137011 1.121163830 3.152953301
-33.066473018 35.496156324 -13.836865899 -0.720143967 -0.342252224 0.054116948 -0.601105180 1.602191484 12.458118160 3.969970765 4.360915272 1.487454701 4.815758950 4.954354882 5.703317403 3.696842450 2.833553179 5.556925061 0.943974304 7.317978849 2.831559726 5.770090196 1.602849419 -1.156604099 1.824531766 1.780058296 1.131641152
-28.412275728 30.098920060 -13.934317465 0.216562983 -0.028566728 0.540625764 -0.812408887 -3.051011907 4.359702826 4.123937569 1.798739642 2.076951305 2.638859658 1.525951957 1.746399906 4.986905858 3.409789762 3.204315216 3.072357651 4.953056518 10.371359830 -3.232706135 6.741380788 3.040483058 1.824965670 6.823923393 7.237666695
-33.369411837 24.169597612 -6.050651275 0.077862797 -0.223654656 0.928676535 0.285439788 4.702569644 2.492541886 4.175174612 2.902130301 1.824085577 2.406415200 2.475541949 0.806894396 3.490737596 3.570565714 -1.489113834 0.211326261 0.953020197 2.654024222 2.280439074 2.228525653 1.560589636 5.470396333 4.202739890 5.678193555
-34.261244862 37.422886827 -10.276683781 -0.086963192 -0.474860306 -0.725876542 -0.489947282 6.324136288 4.564154760 1.197815774 0.869296411 5.298114398 7.107328328 5.013797234 2.283261227 3.781360951 7.974046526 4.012135082 4.532811458 1.857419533 5.764852415 3.686747893 4.566323104 7.965344345 2.840738078 7.152345093 4.079305542
-21.766653958 24.778581956 -5.945652665 0.468475203 -0.513493450 0.552284700 -0.460257614 4.854482090 6.943353953 1.934818425 3.984464759 -0.806423792 1.385419755 6.928226119 6.645179636 5.620859190 6.479222211 5.387754952 9.318624414 8.505287460 -2.829341114 5.299192988 7.052643858 7.040539474 -0.744606528 5.310335040 3.874042413
-34.138994143 28.899386139 -8.414932473 -0.885882323 -0.311851916 0.328806349 0.099233443 5.211179152 2.464950914 -1.920604177 7.595433424 5.812251009 5.898277785 4.642191427 5.919201932 2.202340938 1.357945295 9.322977159 6.110896993 4.681526596 1.804905331 3.162698008 1.455590309 2.544353879 0.805663060 3.537065177 0.809380629
-23.371137753 34.403654775 -13.822873814 -0.008150284 -0.860199797 -0.122693213 0.494910354 3.471820666 7.620362696 2.786071889 1.203380026 6.863903078 5.621166139 5.955684994 0.080597646 3.345258713 -2.164830042 -0.233543072 0.675439276 8.335532120 6.498492183 7.072480130 -0.608755153 -2.691704318 1.564900874 -0.546182946 6.713524761
-27.549645357 39.739377136 -9.312347175 -0.127257249 0.021367123 0.983721290 0.125065832 11.436864606 7.945459579 9.443673429 9.175571131 -0.101388254 1.060134212 6.971273019 2.660536201 8.942131925 6.335505987 -2.219205430 6.637603664 -1.114900222 3.232155359 3.227320087 -1.467384251 0.725663779 4.115083879 1.663656966 4.764603393
-32.462263189 25.026899665 -3.861543583 -0.645857233 0.313904647 -0.609000373 -0.336824661 2.991642937 -0.623387134 3.924147812 1.433691216 3.501856794 3.057940110 7.140306965 4.538986985 1.013740153 2.411804605 10.287928077 3.283120096 7.959281925 -4.245880609 9.173440714 3.193450833 3.752464546 3.982116450 9.861357689 4.466923136
-32.759985744 26.333384687 -4.776639105 -0.778906868 0.191122647 -0.597301383 0.002698659 4.376811342 4.821065420 1.878588728 4.628231956 6.480457002 6.746816283 -1.506469647 1.674532721 -2.102762114 6.490991440 4.069519890 1.099023673 4.925464227 3.860174379 0.164857409 10.525032277 5.045233283 9.163536359 -1.127708367 -1.015593615
-31.270096496 27.249984907 -10.687466721 -0.496448681 0.862902744 -0.094455530 -0.003964108 7.303600764 -3.282654968 2.953624907 7.720401615 3.211577494 1.709165435 2.278037877 -1.525034568 1.394789339 7.028408060 4.436744329 3.318165919 4.210549435 2.888113435 8.396933077 8.703905737 2.803228888 3.210928081 6.871345605 6.113966321
-26.737996173 34.185033780 -13.126182173 -0.393523696 0.328863155 0.232732525 0.826331470 -0.254271305 6.606416508 4.658185250 13.855357198 10.477970881 8.081361196 -0.271885709 5.449217426 2.483036795 3.595289148 9.607758762 6.823043168 8.387566326 3.918158251 2.620031618 5.787148933 -0.088646781 2.265807879 2.715210087 -1.620550418
-25.230954068 27.227083702 -1.900860183 0.540261513 -0.454374765 0.100388848 -0.701129909 6.706864217 5.671485196 1.551248035 2.861955643 3.601631014 6.562022725 11.199265310 8.997799432 -1.778686957 0.524990215 -0.766704822 6.979801463 0.550067673 -0.865627295 6.817615127 7.245036100 6.249961924 4.816440992 6.914241549 4.667295834
-35.342432371 29.728019615 -12.120897108 -0.146366759 0.518360510 0.826714830 -0.162547663 2.782417357 2.092745780 3.274668777 0.020452778 2.025985184 3.047691899 1.398716652 8.037640112 2.881068870 2.678613604 8.230735944 3.278208542 7.778574651 0.737971409 5.569150014 0.108083275 7.979970608 7.699936284 3.260112008 3.086506398
-23.672759882 29.194673712 -13.751381592 -0.994334194 0.027368652 -0.033918769 0.096953516 3.744268146 9.188613615 6.633153585 -1.484429908 0.747840110 5.246288442 7.434158231 5.075190163 1.029138317 6.445546939 4.734053726 2.157149819 10.302147416 -3.303665920 2.598773649 4.426925210 7.284315977 7.462223696 6.211088117 2.921136396
-32.643650111 28.148051161 -6.983050059 0.213743073 0.691229974 0.318149230 -0.612614144 3.512851033 0.583538881 1.817341427 2.274054927 -0.270925724 4.898398593 5.837019793 4.994666178 3.671049691 10.054470533 2.620591099 -1.109056692 6.770898985 7.123443961 7.440949196 2.717522101 -2.860983713 7.061341475 4.725933697 -1.246163347
-28.687716274 25.701522277 -10.088078548 -0.138837443 -0.459370551 -0.025385665 0.876959765 5.769333215 3.135808358 3.994063742 5.562973125 2.421186392 4.980890930 -2.611494007 12.025191889 7.797083117 2.315592108 1.230810366 6.921835143 4.365244585 4.493670510 5.106060241 2.152194496 3.848314350 5.054658028 0.233334836 6.506960585
-32.627515645 36.291541064 -10.765667418 0.406919059 0.444473001 0.782056365 0.158897682 11.628913946 1.484539527 5.239866668 1.385611880 3.275778010 -1.409673528 4.563286265 2.981662139 5.634704518 7.666408953 4.835233511 6.294803282 3.489929679 1.091418590 4.548851963 -0.770674895 8.083005267 4.423428022 -0.865295139 1.140572300
-22.372119655 33.617477057 -5.649327259 -0.103428663 -0.554455821 0.240140766 -0.790071938 2.922206495 3.742427116 9.290208072 4.580841653 3.970275529 4.326813285 2.439640659 -2.835295513 -2.269107160 2.271043727 0.230349079 2.140047808 5.109280233 5.566617614 9.917724760 6.934391846 7.716263529 -0.058653805 1.700631990 2.599962170
-31.366328574 22.582840131 -4.603331822 0.303220518 -0.117759302 -0.405858951 0.854089326 4.864095895 -1.701189936 2.268585323 4.399590266 8.751772464 1.674170011 4.939335307 0.197491173 5.479831137 5.177734030 4.282765062 8.724068218 2.737847983 -0.565268139 6.153530935 3.313076038 1.011116568 4.365855874 4.091689632 4.340343942
-20.019130657 28.076037690 -4.175189791 -0.940004574 -0.152054509 -0.105734712 -0.286515268 7.417662293 5.041792331 8.303257739 -4.993606981 4.407573843 9.925329374 6.119639256 0.704257860 3.426098459 2.858632747 9.551301070 3.312880779 10.183304428 2.474493812 4.741502215 2.202606401 2.715708752 7.237020625 8.711019607 7.779862028
-32.370732132 23.315082026 -9.210480893 -0.348485529 0.146968093 -0.741788015 -0.553812926 1.330175577 1.900881287 1.511163941 8.303776887 0.805690622 4.073939226 6.226944735 7.117817162 6.927394984 7.196724432 5.438306899 0.748666810 7.557790626 1.619155952 6.413179566 3.537552024 4.542771563 5.927621375 5.575099487 0.230795028
-32.921833043 27.812960266 -5.662448314 0.246668940 0.488092404 0.833798777 -0.075497276 3.532253652 -1.601656945 4.337210511 1.664847945 3.411568792 4.340776378 6.603941374 2.336986639 4.634894077 6.268899587 0.499336770 3.178791368 1.677763175 4.401695780 4.896156637 1.344612513 4.839882173 2.371189472 4.598091736 2.351549277
-24.829398848 33.548148578 -9.121696865 0.244733080 -0.374606459 0.816621639 0.364561134 5.670507345 -2.195186408 4.572404599 6.560712455 9.123671084 4.211882360 5.317958657 2.944961574 1.478547622 2.590960488 6.952156537 3.823262575 0.451616803 2.066350318 -0.600628642 0.946771430 2.487484827 5.888604741 5.898895940 -0.915155824
-31.299132586 27.540438649 -14.478460573 -0.881785972 0.186118205 0.399142666 0.168815417 1.004261858 4.917702319 5.063797091 1.240703719 6.905532383 3.785922697 3.977672738 5.538521399 3.678597679 3.776746195 10.733225222 8.265707943 1.819411403 4.179173191 7.641443066 1.912226053 3.568410312 8.429870296 2.759055537 3.977724008
-31.539318881 32.318842805 -15.064860514 0.297505315 0.002737945 0.494565862 -0.816631924 2.225972317 -0.738071941 -2.530137408 5.510998692 4.622568276 0.954859429 4.507680073 3.339198715 1.390466423 -1.074271526 3.435837592 -1.788718565 3.092995920 4.710775280 4.743880557 8.242286164 4.674168256 10.837650949 6.167457920 4.577830203
-26.921327856 30.435942564 -2.024144632 -0.800232470 0.238246243 0.532429724 -0.139231141 3.177174973 0.397648908 6.899884031 1.864587624 1.508522938 1.536213216 -1.543817056 2.244913946 7.035770093 3.718705694 2.170252108 2.929318606 9.946197505 7.108578165 -2.504041810 7.433296296 8.534645154 3.284855325 0.206631741 -0.304738142
-23.939392786 31.013100803 -0.635570890 -0.331803274 -0.137716775 -0.578104334 -0.732622724 3.259201899 7.636712994 1.352823672 -0.485786873 6.039336036 0.622428771 4.019257916 5.233251969 0.841316181 6.651799557 0.445034730 6.256846234 4.495409556 2.792848488 2.585297268 11.812197698 3.206606348 5.352679343 -2.408321751 4.952951009
-29.848433924 39.613713171 -9.125800822 0.407188271 -0.575129570 -0.709110006 0.024221649 2.110104295 -0.117915018 3.987088838 6.838528602 6.526158374 5.837634389 6.491278779 -3.373167733 11.109029863 1.591716224 5.859272706 1.709794981 5.918225845 5.802249434 4.757829933 4.055714499 2.323500913 -2.424014735 4.002468497 3.492561116
-28.816944539 34.415528486 -8.553196636 0.699927779 0.665603964 -0.080852259 -0.246039387 -0.787291266 6.713517242 4.398522126 3.287211649 6.085061890 10.500414643 2.275868966 1.719960642 2.566962390 2.480028974 8.270584498 -0.290820977 0.943742719 2.673670632 5.497892429 7.049958623 9.487883501 4.605146419 5.251077673 4.135857073
-25.082870254 35.142045391 1.069460976 -0.037372375 0.111298105 -0.015228808 0.992967331 2.718197041 9.463064857 5.756552914 6.830434447 6.504884397 -2.003299869 6.138341260 3.999581462 4.296201851 -1.015232433 1.132094199 6.102555327 3.970431657 -1.077590921 2.362273272 -0.944261864 7.701990040 5.712334629 4.160758682 5.624277148
-34.395059520 32.763400749 -7.231344624 0.566509513 0.487919664 0.111926578 -0.654579113 1.525643944 5.583168179 2.573466492 3.766650297 3.708858810 -1.647406442 2.165105432 4.220992281 6.346413335 3.980722501 7.161772371 -0.858492223 6.051148971 4.835215169 7.385805675 1.903430679 4.912480274 4.613114202 5.382601664 2.071742812
-30.228945291 26.122678205 1.189994388 0.717652679 0.195179146 -0.597775916 0.299238513 1.057038298 2.083005084 2.201785780 3.779617150 4.922669642 4.030326723 7.517459177 4.137658847 4.236326393 7.649986364 3.047917138 0.247821568 -0.519271992 -1.224862743 -1.742362915 7.860866744 -1.028881737 12.293876926 6.178744106 -1.000405202
-22.955297579 27.627344352 -4.541341562 0.411474752 0.042811972 -0.902485032 0.119901756 2.541754822 2.769015982 2.712470292 7.488711842 3.326141663 4.653096241 7.799206226 5.755355720 1.581255895 3.620302259 -1.898883417 4.223242713 0.577083165 5.839904036 7.512882152 2.724653919 7.341881739 7.303862525 1.088512871 4.343342580
-25.826522098 21.999797786 -4.712702528 -0.461158721 0.726779164 -0.499159323 -0.099823102 0.378766408 4.280761096 5.349195969 0.543533552 -2.224461005 2.876924122 3.684735597 0.630756135 2.709930275 9.822784120 2.053304148 -1.557568678 2.719744847 0.941783068 6.419480327 0.770838296 5.309851736 5.453284109 -1.219898910 3.665270834
-32.011163207 35.482865402 -10.153398066 -0.107126030 -0.353396239 -0.039920288 -0.928461891 2.347973682 3.842482776 8.719785105 -2.422613747 2.537783429 0.320670056 1.094096921 2.130848531 6.375154472 2.054526697 4.353843775 4.392144293 3.377266024 5.069020432 8.501076749 4.100127431 -0.834273340 -0.108025914 5.388731348 5.878901404
-31.651256010 22.768681832 -7.742238193 -0.310526256 0.778798958 -0.066480878 -0.540949092 3.979665601 -0.924330029 7.816342019 0.119904913 -1.665345961 -1.460038687 8.230931017 -0.118099336 8.323934019 5.225585304 4.679226849 3.079000594 7.099640676 4.026731377 -3.408774135 3.570953205 2.230984456 5.399307973 -1.034875667 5.082755732
-20.329060353 29.757317517 -7.636843075 0.358791922 -0.057178659 -0.891184944 0.271640118 2.917009484 5.225930323 -1.452059819 5.407761679 9.237668506 4.975396624 0.187437098 -1.859621745 3.492775043 6.898765917 2.552847695 5.545229841 2.526792843 7.900983303 0.704357320 6.448829554 4.389135280 0.100522050 3.458196038 7.093672072
-33.926513028 27.067098512 -7.362319217 0.019347123 0.630379065 -0.771742390 -0.081618667 2.687993289 -5.191651414 1.654960117 3.380687390 2.180088400 5.351358723 3.341923965 2.186275284 0.195101641 2.216504189 4.486999344 6.951750872 7.610466159 6.346421073 3.816705134 4.298790901 2.507140171 3.226220420 3.058339144 3.261549895
-27.582586669 26.103928324 0.983914956 0.381480898 0.810925788 -0.441741422 -0.041667821 6.099791047 4.523973126 10.796641959 3.166822521 11.552540711 2.440893901 5.796049340 2.012484900 7.250244124 8.300905780 4.559414124 5.993713083 1.931504336 3.017966362 4.927290785 6.398564285 5.073058481 4.328813553 5.080447710 1.514965978
-23.978911277 33.877986017 -0.404500000 0.478624087 0.371364353 -0.793716228 -0.054973178 4.946661075 1.985781929 2.538211339 3.507722260 5.753871065 2.368021994 3.356177264 6.624621130 0.734951051 5.216908766 1.620456369 7.831313566 -0.417558940 2.269953988 4.195629418 5.703411659 5.644977221 6.452845627 5.281913322 3.454010830
-28.711891250 35.880317311 -4.768706422 -0.139519660 -0.277273153 -0.812108145 -0.494099407 6.247965611 2.483176338 6.514125176 1.992436145 -1.554153342 5.885808923 0.765335247 5.524042123 1.690528058 7.899664485 10.481752694 3.784534141 7.985544931 9.886137750 5.891587002 9.108104515 7.325464342 8.084663756 2.012497235 0.452042376
-28.285559817 32.502943240 -5.236823383 -0.503558915 0.553122780 0.424888779 0.509855995 2.984206840 2.293122615 3.847134019 0.934446072 4.502924946 -0.305095981 12.169239717 5.062683103 4.370220436 7.579288493 4.510137395 3.489229742 6.093161031 4.148217484 1.387128571 0.754678667 2.597247693 8.956921433 6.425172823 -0.053910722
-31.148751966 34.206500446 1.692083029 -0.719837516 0.515874782 0.063295061 -0.460109655 -0.571123430 7.340282375 6.437242519 9.744463414 6.383874451 2.380779961 3.577855406 2.569947602 5.709993476 2.881320173 6.697370979 -0.037585815 7.071881668 3.664782244 1.209994927 9.109617711 3.391306234 7.019940339 -0.697045364 4.907508629
-32.857752423 32.228209582 -2.246857334 -0.619054347 0.269334494 0.678457835 0.289699176 -0.935094676 1.502727452 1.417427366 4.658637141 -3.685347861 5.342638476 11.347013735 2.850592311 -2.057429440 2.876265257 1.800442366 1.757772821 5.655999175 4.247168611 1.373344993 3.453875096 4.920590170 4.915494316 3.874274668 6.697348015
-26.178102124 30.035995324 -2.383713356 -0.277282387 0.612810430 -0.619521088 -0.404686887 5.478875268 1.208936778 -0.033389279 5.230200603 2.057370416 10.268590647 4.174830386 -2.532087101 -0.462781527 1.655567016 7.239958855 8.122533946 0.036565489 7.812498382 -1.915372382 4.737321711 0.737541395 1.158837003 3.896915592 7.886323916
-23.989852332 23.277308716 -4.992586795 0.497118830 -0.409463984 -0.719957638 -0.258598366 4.393241090 1.674738824 3.007358229 4.878014987 3.304176665 5.502751337 10.383305460 -3.091202207 3.252132241 4.729799357 0.669893117 6.668103979 12.872892256 8.734096113 8.980964384 5.667484239 6.472981212 3.620770285 8.368513628 2.942781903
-20.723420712 33.914166554 -8.234440825 0.135010117 0.506042708 0.226151703 0.821308988 2.594735249 4.537211693 1.207582852 2.369082540 -5.909868727 -1.694759145 2.335841667 2.753432065 3.755526620 6.203016882 5.209232677 4.918929820 8.147524066 7.588952571 -1.867112496 5.065228199 2.246878097 3.715552451 2.146893255 5.059436535
-28.798733547 28.150797761 -7.994332960 0.014726861 0.823052975 0.562127482 -0.079872482 7.275228570 2.778683115 4.136233088 5.680122397 -0.607559868 2.584576791 4.686843603 5.055598775 0.462910419 4.508416171 5.836705160 8.150074987 1.036440139 5.262263382 3.473213708 -0.539975144 5.881685911 2.900656475 6.584099466 -2.300644660
-28.026582780 31.289093064 -13.231316537 -0.252239656 0.807333646 0.143744367 0.513736408 8.163959607 3.702440606 5.683936192 5.141892946 8.352100677 6.821408024 -0.987155501 5.626701983 -0.115819959 6.581538516 4.208211877 7.058755770 5.729102440 4.065615234 5.745299636 7.123335918 2.125154110 5.239980494 1.680643265 1.474394212
-29.304686020 37.625158680 -6.832549661 -0.348336509 0.247670306 -0.751853321 0.502033544 5.186164726 3.821310991 3.177765070 0.459280983 8.571195090 6.713213345 3.177248207 4.055035791 2.643011581 3.326625700 7.391196662 7.212973732 1.649255861 5.048822736 8.843063755 7.427086836 2.117802383 5.520178930 4.706798334 9.908893201
-21.016176149 27.588075710 -5.683739669 -0.233248246 -0.710313705 0.000581181 -0.664115470 2.831847448 0.562891667 4.688863044 7.307119080 5.996611893 7.051330331 4.161737692 1.948751683 -0.713372900 -3.122530421 -0.450438608 2.065992011 6.363159860 9.347367831 1.096942979 3.481212365 5.888320930 4.832102677 -1.772363588 6.948870561
-24.583175533 33.771215092 -2.191845860 0.149413869 0.537557364 0.665970386 -0.495167669 -1.413525168 1.561373397 4.788685064 6.612065740 6.371268726 5.337430790 7.700192928 0.892292217 1.096616395 7.335742924 -1.826470215 3.225683985 5.521723314 1.539752785 2.812396524 9.056076096 6.797321815 0.058028331 0.360007202 2.500736792
-28.041150057 34.596988269 -9.491556791 -0.344343506 -0.369337304 0.384414315 -0.772815075 5.364756362 0.643440067 2.997877604 5.582009927 9.652976181 1.976052807 6.229111399 6.778339588 4.668978465 9.328911543 -0.106976515 3.686707419 3.449500441 7.093067963 4.834857553 4.278140964 7.563179503 2.890994292 7.703008004 1.011347471
-27.326937279 38.211284300 -10.124933275 -0.421071860 0.282523762 -0.734037875 -0.451737989 -1.866428152 6.915607659 2.620662274 0.377072332 8.528358656 1.332574294 4.408115094 4.966456565 9.400294597 1.526238686 3.066740096 1.060197973 4.967074781 2.842863346 6.861228141 3.741225758 3.723056140 8.674052449 3.886817808 6.290323681
-24.888368883 28.036212615 -12.683954091 -0.661018470 -0.023068968 -0.562791157 0.495770630 4.377995296 7.248536422 1.625104007 6.081591121 2.261297563 0.888533893 -1.313063779 5.750398845 5.796255374 9.723974519 1.914023079 4.476246771 4.123472744 5.412132418 3.421905832 2.899480180 7.202756795 1.976661779 3.923167865 -0.764545912
-35.574116507 35.145212334 -9.289568928 -0.628041123 0.003265149 0.117778589 -0.769208613 5.903265284 0.531388220 10.658341363 5.508221348 7.339481794 0.344763011 7.595520356 2.155938080 6.245428348 7.789246390 2.081506614 -1.862948892 1.369885151 8.339924080 2.260253781 -0.092041490 0.272232751 4.362058038 4.554589508 -0.679455046
-22.828577816 25.264806273 -5.183247955 -0.178843443 0.685714264 -0.370002144 0.600757342 3.682208112 -1.633012249 3.504071557 3.462103695 2.679868296 2.896207630 1.750618592 3.905601238 7.157603641 9.281141405 4.851020921 -1.168246519 0.145982981 2.195490230 -1.452315009 3.902813350 1.272914159 1.638284336 4.661046886 4.339463264
-28.254144837 32.374024986 0.771309354 -0.154179395 -0.063964536 0.157556457 -0.973300167 3.624511909 0.447307208 5.452002355 10.874511918 -1.585323869 7.461397045 3.264135468 2.375710110 7.702010934 10.750293524 -1.171356406 -1.697526783 4.825014560 3.605808008 1.954661931 -0.204830688 2.444200494 0.912125826 4.098827891 6.728213559
-31.454448708 36.702770204 -3.391699520 -0.485836659 -0.461998381 0.329345468 0.664869761 1.312207244 5.972300780 4.376724320 6.584325789 3.294682837 3.569058272 -0.033313966 5.700889003 8.851013872 3.750068110 3.477930069 10.841172761 6.996883157 6.338610506 2.215247006 8.107168677 4.274531138 1.829480217 0.559130012 0.699725445
-32.449152706 34.010915592 -14.085681958 -0.341495001 0.746605778 0.111345855 0.559967032 4.867266885 -0.327429128 1.392684203 3.517106676 4.245831954 6.502285079 4.733097163 3.664191207 7.004914566 7.772220423 1.635590538 -0.339345246 3.557643886 3.910329587 1.999101887 5.251878338 4.345587054 0.007797286 7.081552554 -1.907013520
-30.515236379 38.107977946 -5.036562165 -0.875743501 0.456218535 0.039867215 0.152802404 -0.784542791 1.366573231 2.813794675 4.684505520 3.193243351 3.282346441 -1.959899890 -4.835861029 1.746310931 5.166727629 6.128703513 4.628279085 5.441156469 3.725948065 8.565165173 4.649085718 5.207596888 5.988960962 0.774903783 4.651681389
-32.017635333 32.613975072 -1.247601331 0.436930308 0.324320411 -0.179357650 -0.819596858 6.404031531 3.749424365 1.469878120 6.298338681 3.347227426 4.907939962 -1.919785543 1.195655701 4.579400527 6.212736729 1.222934163 5.929370925 6.631285196 0.930593834 0.236169993 1.638782352 3.311118800 7.815467277 9.526559851 3.032893373
-27.787444178 40.571932705 -7.340207434 -0.152913345 0.425327985 -0.705497759 0.545881421 4.796849085 4.408745544 2.246816905 2.737227252 4.748632132 10.846423155 8.290774440 6.880166409 6.622490455 2.960817346 2.136209452 -7.462252328 4.237624219 6.161580958 -0.801082578 1.584418201 1.712769278 -0.858177993 4.542200421 4.519488019
-29.217278253 35.939588887 -9.650394403 -0.153044791 -0.564274747 -0.428581898 -0.688831517 6.870932898 6.973237598 1.740729228 1.107858880 1.224428200 3.451859992 2.868613709 1.394671554 4.734252955 2.879343640 6.597979093 4.107551184 1.354788271 3.977859788 2.473512896 4.837642237 1.807434766 -0.577898553 4.019959648 1.779447799
-31.220829913 28.875655258 -1.055866451 0.307268799 0.025580758 0.694162775 -0.650437969 1.411713605 3.849853664 6.457217577 5.842881272 4.501933159 5.072717054 0.279402349 1.310140186 8.125350795 5.244119903 4.115390290 1.692594530 3.185472867 2.798859208 -2.338656388 2.219223862 2.191933650 3.021534415 5.520809480 8.720012329
-26.642329426 32.337489533 -12.097433776 0.054698951 0.577277625 0.807966620 -0.104635121 1.422597512 5.702195341 -0.918643580 7.307198263 3.730286727 4.476008838 5.580829247 1.672448851 2.400519654 1.548082522 2.849914228 9.057129236 4.764183691 6.678371819 6.591881868 3.328213031 4.765208234 7.745009536 7.269888200 8.256919424
-28.715273775 34.369814077 -13.659917810 0.550529608 0.816047775 0.040011411 0.171412563 7.308128722 -2.026733829 -0.886325063 -3.128813793 0.186641911 1.444697483 4.290963014 2.142478919 -1.231197341 1.279843754 7.038477114 8.979116324 0.781487696 3.503936791 -0.505985820 7.728764051 5.754168503 3.156341636 2.142796993 1.508603406
-34.874695482 24.968629799 -5.797544500 -0.861150235 -0.369606123 0.324134792 0.129414924 2.947611115 -1.404668655 2.492872244 3.899438600 2.716264303 6.003536063 0.472904054 6.041899725 4.332685117 2.482793631 7.389596536 4.969500113 3.355304541 7.307125878 -0.073643899 1.489139035 6.343242650 0.785270494 5.976730740 3.320934092
-18.651026244 30.124609798 -6.240475908 0.850637990 0.463280935 -0.239819246 0.065364468 3.415116612 5.234779623 2.578075177 8.291811619 -0.468818539 6.552867745 6.913884308 -2.833648403 1.611288250 1.906313504 2.671068272 7.185504611 5.707162747 5.608056199 3.172366758 1.016553531 4.965686381 4.802564292 2.449263275 2.715442967
-22.468809998 31.840895754 -8.769429080 0.074476082 -0.134198023 -0.951657986 -0.266066312 3.130296765 5.104900374 4.535316015 3.647277751 -2.078632293 3.025798428 2.035831252 7.160138864 4.935706855 4.821281905 4.604487131 5.750229571 -0.438795614 -1.676827742 0.568319936 5.608971374 5.478983587 -2.152028899 2.573937744 3.780880568
-35.690832945 35.946977649 -5.565861999 0.648129691 -0.114882145 0.277363565 -0.699856735 1.636029722 3.609846955 2.345275700 0.788193835 1.225874524 -4.649327415 2.956773653 1.274207415 5.248295767 6.826237571 7.728576263 8.033727841 0.320975557 -0.969468944 2.052358470 7.288644932 7.554206989 5.731172513 6.309701960 1.612731831
-22.368413445 35.083089396 -5.497143376 0.508925700 -0.525792761 0.441066654 -0.519612173 7.721921494 -1.343603519 9.854250867 5.043336727 1.871999306 0.071675212 2.880080184 2.313724520 6.142005793 3.535917693 9.862127492 2.922565867 -1.743312628 2.153823999 2.462154795 -0.295876179 7.689160778 -0.326354262 -1.410894944 6.322338944
-30.114081622 32.260664657 -12.450023167 0.019942051 0.109410328 -0.230622045 0.966667040 2.833724391 1.041058299 4.506811811 0.481792319 9.434081050 8.590910291 -0.592233076 5.057364184 0.776475258 2.935717892 5.298934885 2.219107137 4.244862917 -1.921935239 7.777226712 4.378243366 6.443751443 5.231486339 2.383365172 -1.929983257
-27.597745943 30.214359113 -3.177099566 0.703490862 0.102138271 0.252736761 -0.656347858 4.388434519 6.188134834 6.819296374 5.566793523 3.376490343 8.315560315 10.467778062 6.310059211 1.891064102 1.679525164 0.302235522 2.434129139 9.291566508 4.687668636 3.674949350 5.824677314 1.745923249 5.235001565 1.098563418 6.154782320
-22.583817816 24.111274499 -6.598172000 -0.634480394 -0.271708600 -0.004957767 -0.723591381 1.323682024 9.669396735 4.547411405 7.092009743 1.568196816 4.312026939 4.019503420 -2.313489663 6.729079852 8.948906562 2.521038878 7.308777611 6.703385490 5.152018907 -0.578592652 7.273362816 5.137329437 4.315390362 -0.474174285 -1.043574149
-24.866013898 27.322795206 -5.622746106 -0.077474538 0.603177324 0.782147515 -0.135720581 3.245716855 3.541447799 1.893548805 1.323964370 1.123281139 2.656946526 3.935448314 1.987170063 2.100793367 1.359519868 3.491637007 5.518516749 -1.490089159 4.450911793 1.486938266 6.661406040 6.326128157 -0.262242196 -0.626026359 1.694875710
-34.400351873 29.741736497 -8.490941746 -0.413943717 0.331248500 0.756268360 0.383383878 7.445929882 1.530430213 5.983486678 7.472800821 1.081947973 0.708895706 0.683381438 2.582945683 4.724253624 7.452375587 11.331612807 10.346982999 3.075397368 5.046768084 6.925445398 6.017143351 1.710387210 -4.803906997 3.605830823 4.229125455
-24.935462168 29.162821024 -4.312213534 -0.110652692 0.046746938 0.706021252 -0.697928862 1.867160592 -0.113690442 4.353669658 7.191378528 0.486495434 1.195886588 3.474080497 5.899288122 6.313137200 5.941600539 1.826107575 0.110832392 3.845444147 3.123322625 6.637365117 -1.089899605 4.636162115 4.502914619 -4.043029510 2.598084297
-29.341158101 28.270073359 -9.977921424 0.215728418 0.433792912 0.614451371 -0.622683284 8.273024796 2.911618002 3.576374604 1.889985220 -1.269983809 4.590936359 8.129975094 4.101284346 10.607619794 -1.190920797 8.202650975 2.020476716 4.080774831 -1.870033274 1.091495486 3.639265568 -2.497393172 2.640206036 10.473179098 0.827395250
-36.578604584 32.537133948 -2.016079023 0.439558588 -0.764900897 -0.259251339 0.393069470 0.541522043 7.335853473 5.004767972 0.758043238 6.072687170 -1.064828240 3.406792132 6.937230196 -2.078981427 6.491265562 8.009545812 -0.942955515 2.878823613 4.963942922 0.301846820 5.967300147 8.027913481 8.284659735 0.342724584 5.802819821
-28.784148795 27.516016707 -3.112330561 -0.320470254 0.233596822 0.052725120 0.916488627 2.445172973 4.400353910 6.479363996 2.285862759 3.191418006 5.878917302 2.238911185 4.957197612 -2.588538783 3.696140653 8.358503436 4.484753463 6.588864784 2.885410557 4.227116410 4.975901531 7.945865300 10.062900885 2.493848213 6.210859197
-20.168723238 32.994074811 -1.601474204 -0.558709630 -0.363783853 -0.694030426 -0.271710555 -1.336016061 8.147110507 3.994883316 6.783005453 4.929381755 4.241168869 -1.660119037 5.003153045 4.134277588 4.085816841 5.599090718 5.013631093 2.570503411 3.979677998 2.989492384 -0.268291035 0.208582569 1.815717227 5.476683719 5.446581529
-34.893765410 31.392599959 -11.419957852 0.017433010 -0.596079030 -0.096061348 0.796968066 -2.707664176 3.325550283 4.425043067 1.946653286 3.845962071 -0.598037784 7.820550370 2.930219220 -0.357209756 -3.033129167 7.809588233 4.907933015 3.334296100 3.918976218 2.537755332 7.511540601 5.777291645 5.408573194 -0.892520376 3.378543903
-25.673175966 33.583496987 -15.696206676 -0.030758289 0.514588834 -0.335943414 0.788285660 0.297855580 5.054859107 3.071325894 8.599306489 5.082977402 2.133798802 3.655260856 8.196534320 -1.849016260 3.880220044 1.892335343 6.164561868 1.678926364 4.323309602 7.115968661 2.212319963 -2.569808023 1.690945129 3.394674129 9.306330369
-30.497114299 24.774427263 -11.351404428 0.664722609 -0.299887325 0.256892688 0.634206270 3.635453538 6.136211321 3.638466810 1.005659396 4.702553469 2.937420332 7.542732433 7.315426209 -0.669082929 4.791818512 10.699165167 2.525659914 2.911528274 2.270245009 4.856190109 4.881503451 1.469635645 0.478018178 8.158881403 5.014523562
-35.039339890 29.152531333 -12.778420168 -0.371185140 0.628098556 -0.579538512 -0.363110051 4.415910882 6.333642093 5.311014536 2.640338619 1.251713820 1.399766955 2.899851348 3.710875253 -0.135257536 6.341666263 7.532550501 5.797886480 1.149567419 8.248779747 10.019440481 -0.454087795 6.788810446 3.075139693 0.003395225 4.694327855
-30.410833397 32.024437478 -2.317457862 0.146502012 -0.651341422 -0.129711143 0.733121090 3.235712839 1.253873284 0.326486837 1.693810144 1.496014163 -4.437002509 9.012972903 1.944070355 1.054256400 3.599625138 1.741052500 8.653336757 3.533200091 -0.721143807 0.349999053 2.939493507 2.263387993 5.514336245 4.459140786 3.807227000
-30.165349796 40.231901147 -6.279005655 -0.175108856 0.831974733 -0.157021552 -0.502492950 2.620246549 3.153800616 3.857053494 7.892289635 6.646889057 5.241570524 7.387679250 7.686312623 -0.070798560 -2.017204321 3.425795050 9.565307988 7.994264497 4.583720998 4.551408555 5.300201680 1.771042930 4.786910417 1.051006517 4.052819565
-24.171154164 29.645851118 -5.449541911 0.460608262 -0.025466770 0.589004847 0.663524500 7.641213173 3.295612893 5.892279697 2.125273363 9.471546719 -2.402239737 3.667435197 1.828530887 5.673180619 9.043467309 5.741020186 6.020696679 4.631768841 2.621229831 11.847080223 5.199204199 6.413793100 5.773218522 5.597844053 2.180793158
-28.371833866 30.831980533 0.092357711 0.298440793 -0.646730326 -0.172479983 0.680384916 1.735992576 1.202668942 5.738005697 6.926351394 3.800948890 1.715511748 7.028763544 2.414022032 4.344807234 4.983712945 6.134246807 1.113638830 4.608029150 6.667680832 0.545040253 5.174871263 6.511963443 -2.009703864 6.373440084 9.364919838
-22.188155214 36.919388455 -6.138515614 0.157362853 0.048745166 -0.970830417 0.174210055 6.388222479 2.260578107 4.949466912 4.586577720 5.092253002 4.377997003 6.569747944 3.752766201 4.442846010 3.744679975 5.873988825 -2.157695149 10.904800631 4.389397291 4.259290362 8.304201080 2.536072535 2.311524863 0.562463104 3.971942550
-27.797587711 25.000143444 -5.186840213 -0.716431855 -0.650943071 0.244188855 -0.058054447 8.527204393 6.439652988 3.458979844 4.388077456 -0.552174073 3.876871420 11.933878293 4.005469724 5.825584041 5.956541225 9.052333023 2.686345048 2.728256688 1.804676961 6.614827889 9.456289357 1.678436756 3.412215258 2.963631855 2.818759815
-26.798332257 38.640208937 -1.331700765 -0.190606696 0.310056041 0.245533483 0.898469614 8.942165048 6.011063812 9.765599241 0.348060869 1.421915309 7.445070844 -0.452756191 2.883202033 8.921761197 3.071293221 4.535361491 7.053030063 7.294852347 -0.542258568 2.421233568 6.406369675 4.776846772 6.468753888 1.119669434 1.059391663
-26.910273772 38.775852250 -8.441197168 -0.625598736 0.430069287 -0.553785138 -0.342036036 6.220185928 -1.663471598 -0.705390258 4.087179630 1.813432331 -1.389314980 1.868241712 6.820848751 3.753864046 2.686863677 1.145338645 2.484066329 4.453406863 5.776877517 3.221116774 4.620696800 1.794985070 8.067653957 -0.113005917 7.564841100
-35.343321005 36.075442043 -11.196310464 -0.351500712 -0.180642723 -0.861669083 0.318342343 2.687174573 7.463003980 4.171720637 0.429552373 7.758842472 8.644648720 4.365576276 6.971127067 3.713351973 2.117940581 6.385172808 7.321432285 9.134068365 3.307220402 5.387811172 3.184839961 -0.948411163 11.032598504 9.372473124 0.536330528
-27.240110608 37.914571658 -8.719164545 -0.047091104 -0.667361474 -0.357565514 0.651581150 -1.616906078 3.749876597 2.844171580 6.500550965 0.818304240 5.319514374 0.085777534 9.779988094 0.910336265 5.856018062 3.226264417 2.504656817 6.607176011 7.392169940 3.093379498 4.845224946 5.756420180 6.567221746 1.276567754 3.114833958
-33.830030386 32.202315524 -13.462131207 0.193348930 -0.731904122 0.593431152 -0.273444720 6.491497242 -0.090627003 4.454355779 8.134000510 4.128374014 2.204356882 2.241465182 -1.018944267 3.708081646 3.018139736 -1.243756812 5.478205105 2.721813762 4.045757989 5.725142133 -1.331912405 3.385213939 4.493319554 -0.520835804 2.468448609
-27.369328240 26.709610334 0.328839603 -0.269406212 -0.368747908 -0.009206095 0.889584466 8.782540782 7.199585998 3.511378458 0.938349936 4.887326048 7.589094858 4.559446223 2.652348104 4.373571991 9.005726792 2.283055898 4.518911625 5.950651467 4.283344367 0.255655337 3.588165022 6.186020362 0.686425548 5.058585665 7.344026943
-31.705214148 31.609112267 0.800481222 0.854839921 -0.428592796 -0.030124670 0.290945748 2.250172832 8.119443182 -0.592682424 7.100977431 -0.373429076 0.550453681 3.605799913 -0.733184192 9.266113040 9.669297667 5.879933415 1.112352457 6.740646390 3.543288090 -2.098597168 4.918226221 3.420851613 1.585635293 8.095409313 5.219850009
-31.413014437 34.244826323 -7.862234179 -0.283379094 0.942441118 0.069388147 0.163359459 0.082867617 6.532044014 4.784554804 1.319144641 1.398461025 5.875236448 2.361059398 2.376876105 1.340223222 3.050987511 -1.769972552 3.343057647 3.297820746 5.772254558 1.824905574 0.410440307 1.478902572 4.303233474 -5.220998934 -0.309881620
-30.620314027 32.850044233 1.071979050 0.885791590 -0.019927541 0.242952199 0.394905535 2.453404217 2.936965665 6.070803690 2.340757259 3.557033632 1.082641624 3.563486036 8.564418403 8.165065609 2.376004579 -3.184668425 8.044885935 11.046979218 6.098506108 7.875150339 5.783785329 3.164250766 1.670085808 4.139158349 6.282000112
-31.350055841 25.181439349 -7.931563185 -0.193634774 0.520962290 0.250761180 0.792605007 5.122743666 2.729165648 1.167214055 8.787061245 3.245075863 0.241822538 1.784434319 6.687257526 -0.245092018 4.120253095 5.753728809 0.997100286 5.181517633 3.344628405 5.214244662 3.983086936 8.959597206 4.522247414 4.998458495 -1.418728604
-28.303728555 21.928059306 -8.572789012 -0.715692736 -0.254769241 0.118904947 0.639326329 5.714650732 1.992768583 4.556551054 -0.549531084 3.536580344 7.493343523 -0.838198450 0.310760935 2.889502172 1.570631635 -3.449759756 2.514605050 1.666046795 8.805117669 7.497532549 5.930556741 4.583618934 7.268071970 2.172435271 3.599340552
-25.789412258 31.328298818 -11.375383157 -0.287987649 -0.733284669 -0.598423540 0.145759993 2.391342732 3.201605523 4.627132413 -0.298700178 5.066069308 7.106004375 4.597928625 5.817982173 4.357079853 4.476761530 5.877151327 2.679009234 9.055957738 1.367504182 9.061281236 4.537356735 2.819397532 6.025883435 2.230026453 3.026450408
-23.633551751 24.392197659 -5.144844901 0.915516920 -0.340640545 0.212578709 0.024557690 6.943856809 0.653817613 9.339200825 3.903600055 5.238347452 -0.107330209 4.859279307 5.223880039 4.297069323 -1.029921460 5.674130880 2.404644637 1.941056381 8.568223631 0.442195563 3.078947946 7.134041507 2.199298485 6.517262697 8.672275482
-27.244152616 28.377105757 -13.990365288 -0.444948179 -0.377695595 -0.486430793 0.650194001 7.822704211 3.012235271 3.889197045 5.725888937 3.231835540 -0.051935275 0.086657967 2.049996995 -0.502734004 3.716404068 3.930713489 0.853242308 0.951849630 3.478385465 2.791487880 6.096893739 9.205981437 5.722334888 6.697166984 4.995804103
-30.246612089 30.044720597 -13.422472285 -0.407245342 0.393072245 -0.691451156 0.448932891 9.527021339 8.216749227 6.205760921 6.053794067 5.047883103 3.641930011 7.832644766 1.366663908 4.501103454 1.790110731 2.806354990 1.854548875 2.911659523 4.281643988 4.075728682 9.020295083 6.018662722 2.624756091 7.543594304 6.364628396
-27.866072043 34.017679828 -10.825028899 -0.008677588 0.531903174 0.712034503 0.458269114 -0.705955508 5.897598597 5.373330752 5.678219992 8.236363830 5.337068230 8.852033059 0.631112295 7.165780730 -2.943903730 3.136880584 3.156628094 8.736756724 7.173898344 -1.853065876 0.559872380 1.035819818 8.332342309 1.953582353 11.644971692
-31.439284488 29.741389924 -8.675600505 -0.053792936 -0.605919462 -0.782491275 0.132948603 5.230300812 6.821421112 5.347218008 2.662174358 4.669007676 -0.525434345 5.870076094 1.493007478 7.558609197 -2.129286667 8.630678061 2.691004850 -0.702214569 5.046903758 -1.351393610 -2.920156102 3.204600268 0.286381493 2.932309117 0.032603952
-30.804919145 38.111395266 -7.322126720 -0.884117356 -0.197280890 -0.415233116 0.083655308 3.822942578 1.231862417 -2.999406683 4.953111105 5.036756761 5.775962143 5.690657915 5.378281177 1.171251611 2.149724368 7.072571128 7.882137818 4.754286720 -0.483205201 3.725307624 5.857248570 1.917690674 1.201870334 4.592518040 2.234933451
-25.346279778 22.873504647 -5.063624953 0.054249160 0.234785040 -0.868253873 -0.433668337 7.505463260 4.364313290 3.486779854 0.536286556 1.363239876 7.663753214 4.802748715 0.920520648 3.871071302 3.170005178 4.107106030 1.563447740 2.417184519 6.728801842 3.707562737 4.938876398 4.054400829 6.896904681 8.882482167 -2.088682799
-26.488625279 30.664299308 1.046586220 -0.551929487 0.346383685 -0.724709171 -0.224028576 8.273809826 6.840835873 4.906379674 7.732355754 -0.343365804 3.396445377 2.749608683 -1.413166318 3.777427699 0.308349764 2.002424818 5.107564280 2.360544328 1.033820581 0.216030370 6.339733150 2.554532456 3.164855671 2.837026656 5.737374702
-34.038353859 26.750887589 -1.007757810 -0.508744622 -0.390387030 -0.761200474 -0.096699094 9.372393558 4.797100666 2.447283289 2.558655594 -1.615254480 6.200177145 6.964848483 -0.847636348 5.915579991 6.237449577 4.318618575 6.341220291 8.178145166 7.950160831 5.905953583 3.430697047 3.016419047 5.022877407 4.715650288 3.704722498
-20.707201547 30.469191393 -5.403553177 -0.154345885 0.874904878 0.422346086 0.179840446 -0.554090141 -1.618167832 1.068776894 2.085135709 0.273979898 4.340720983 3.998233712 0.829726249 3.478605101 9.941419309 4.254094984 5.102766901 6.610734173 8.274990676 8.700223207 3.863738765 2.880480119 -0.057953249 7.128986981 6.495963972
-19.733002190 30.208385004 -7.093842314 -0.316245066 -0.128857597 0.654078610 -0.674956257 6.709586064 1.646144496 0.594963372 5.354158544 1.992635452 3.431724060 5.059141589 5.018308205 3.517910013 4.332876295 1.306082376 -3.980866380 3.671942213 -0.900578915 -0.543621222 7.150579327 4.611696331 5.437507734 8.143008852 6.839547942
-26.510975182 30.905766522 2.034076565 -0.608062134 0.224686769 -0.712087771 0.269642917 6.059789765 9.870750518 3.862846984 4.468644884 1.673901653 0.343788035 3.343176713 1.359053916 0.943534328 7.355897115 3.242499887 6.347131122 2.697432082 5.298782978 0.616762446 8.356589666 5.610865755 4.956003721 6.710445862 3.890058442
-32.396382266 24.808142167 -4.799501154 0.032525401 -0.454944143 0.053644914 0.888307463 5.267625163 6.123977994 5.703367345 3.607703940 -1.449133164 -4.498347130 5.649483953 3.369550666 3.876255957 6.189185853 0.156645150 2.365129729 1.779862250 13.169209580 6.253754196 2.368487676 9.501266649 2.528931642 2.179115836 3.822961443
-25.998251695 33.408199340 -11.804630027 -0.147073950 0.842292813 0.515782829 -0.053666978 4.970475211 5.750904056 6.366497641 -0.623784632 7.771472777 2.647260913 4.904046528 -2.321103955 3.736655152 2.156511230 5.951934813 1.854038342 2.077320611 6.077441843 1.118798043 0.756619145 3.206870864 1.331186038 4.480494515 5.035586340
-29.512151164 34.862207961 -10.756925985 0.207670906 -0.700324139 -0.355999636 0.582823434 -0.470149570 4.123837047 5.415573917 8.828515365 -0.389278609 10.113795974 0.174932317 4.152881322 4.330129323 4.103519456 3.830448001 2.350949264 0.156547163 3.929175958 6.871126604 3.618397302 2.279052635 -0.252963505 3.525709803 5.515123305
