-34.324861586 11.445467307 -2.354624422 0.164960398 0.409306308 0.014641397 -0.897241352 4.024730747 2.071686579 3.760204694 2.154479613 6.249116758 3.625964772 3.304071546 3.035155003 5.344590209 6.025601889 2.530935639 5.483309429 3.492564285 6.395092184 4.791192659 7.052174772 3.180748083 5.002295822 6.814315870 8.068151645
-31.420007845 16.727316500 -5.870149999 0.080370902 0.615066952 -0.749070686 -0.232650531 4.688855446 -1.091907369 -1.108273140 2.828266947 2.437755269 6.248948995 -0.365910430 2.718887232 7.022807319 5.833447019 1.484786565 8.423399629 -2.195549560 7.019458554 5.346886701 3.133954090 3.596508640 3.899535291 0.069156912 4.607400298
-33.987283125 13.719807634 -12.187013966 -0.283813192 0.025259606 -0.850517815 -0.442076319 6.541367596 1.446659236 6.798566135 6.786947851 6.466538050 7.845379862 -1.873583753 8.542611731 4.021132804 -1.785855087 4.136455650 2.777445558 0.652904908 3.151126505 2.092895848 7.786528701 2.600116737 6.433775031 6.328190172 5.895100304
-41.477182736 13.891299252 -1.922314733 -0.484726462 0.446404813 0.064669902 0.749386952 4.426322426 3.047726585 11.250489536 7.914005313 4.423673909 0.347241039 8.523529152 10.223886151 4.307775567 5.014177977 -3.704972309 2.863145713 4.268008884 4.269654925 6.757497918 1.627132518 5.397829467 5.200196469 4.345383425 4.086483482
-32.745546956 12.495002865 -3.928483421 0.772243337 0.122674700 0.046754136 -0.621614992 4.322506798 6.230989299 3.847704433 3.172646498 2.547365560 2.508507343 1.597458739 7.131923200 9.278880185 -1.667392595 6.765115046 0.609769290 3.161289529 8.176265207 4.973354214 3.677884075 -3.711963901 -0.534225350 4.395160462 7.994327712
-39.955712061 24.606377001 -1.199039263 0.476120678 -0.759752416 0.308212450 0.317947246 1.309243739 2.851810275 5.662410329 0.879092913 1.407231644 3.889936547 4.143288259 1.811238337 7.846873372 -1.418719566 1.467294142 4.011157362 7.154105561 8.493323106 4.787072935 5.733871321 6.670358035 2.961015207 2.347698867 9.486371156
-43.674623653 20.801394185 -1.533913325 -0.680139739 0.044067368 -0.731176191 0.029144126 7.499968496 2.200234799 8.884777907 4.152723918 3.159131872 8.543392569 6.204501409 4.987849199 2.692465680 5.073258709 3.740360033 0.402926196 0.455343414 8.270865506 5.971500085 3.702595173 3.294243367 0.348996839 2.173520357 2.492446162
-32.318638015 18.321513848 -6.028730526 -0.418325522 -0.107889522 0.892850940 0.127203803 1.876623655 5.886599103 0.291097203 1.721834197 3.551093112 4.751776244 5.191730002 1.027606236 0.877612338 3.738660555 5.020543567 6.283277232 5.080889488 1.354313174 1.736215527 2.877095215 5.739741253 3.233223024 1.072251400 1.167317038
-35.271138420 9.370924670 1.213111785 0.749659685 0.339818504 0.542166901 -0.169082205 -2.896805825 4.664755346 1.403032048 2.006899463 1.037208545 0.525946972 5.928841592 10.818234514 6.707758263 4.538378546 6.135642881 -0.079990370 9.178749499 -0.593824537 -2.929515795 5.048175940 2.175596697 -2.320726653 -0.193297134 5.366685370
-44.334158987 10.833778509 -3.642550552 0.439451354 -0.114666429 -0.884603042 -0.105884728 -0.186596809 5.141947138 -0.303222645 4.785104690 4.164057873 2.456623113 4.381015554 3.238891642 4.071772330 2.252196147 6.387441649 7.907058435 4.990053337 5.466731950 6.026031464 3.319156948 6.327758512 5.906058618 7.419606692 12.212376119
-37.886950926 16.849952329 3.481719019 0.025621499 -0.435790173 -0.748493626 -0.499187095 7.581983070 4.839036349 5.115975787 2.805150451 -0.002219272 2.342753084 -1.828805525 2.047560459 1.044049448 7.283554671 2.609012805 6.437819186 5.437042250 6.017282902 8.497339142 10.320022038 1.874016870 3.718528139 3.849488838 4.022098172
-35.583407445 24.809708018 -2.374226688 -0.180398819 0.434388363 0.708762852 0.525754920 8.348358651 4.071280414 1.496356642 -1.789282771 -0.499944913 -0.201193526 7.600826658 7.507968975 6.645526856 5.284980268 1.510130600 2.781143155 3.911250885 3.640172173 -0.435747173 0.883881238 4.920350348 4.146260087 1.759938035 0.835799167
-38.429258361 16.113295721 2.848402219 0.470882111 0.259948139 -0.773884442 -0.334364880 7.551708010 6.923881757 6.360744826 2.944390041 3.264132753 2.856461053 0.792605545 7.283499224 -0.764151871 0.068837138 -0.475912222 4.845878419 8.694230470 2.474626883 4.718793785 0.044943977 4.496818191 2.123892403 4.254820896 2.184647737
-35.204600465 17.664499412 -10.284955536 0.110579046 0.152545985 0.505331467 0.842105757 12.715355107 0.936657538 9.036258505 0.495377659 5.207369551 3.647753996 6.115308732 2.209252022 -1.362124050 8.608968239 5.825152222 5.859759863 3.077889648 2.117654759 4.787857408 5.557430762 7.347136273 -1.868690657 3.269500017 2.510733599
-31.531366942 14.193016292 -0.096803252 -0.763146650 0.249923899 -0.116534334 -0.584435611 1.006822456 2.485740473 6.670020990 4.390763532 3.269477405 3.911296225 6.845796753 3.202366636 1.970256568 4.262008401 10.084302583 1.878284623 8.961183425 5.044661933 5.076893241 1.727844237 2.833031672 8.531456323 10.577749852 1.632735581
-36.596198033 17.506985879 -12.788409119 0.220747996 0.915552425 -0.334548037 0.033342025 4.440800101 -1.048293075 5.272133094 6.639948906 6.096112319 5.885989581 6.003341940 11.247512024 2.378410477 -0.277102478 5.473974712 0.467183773 5.034694731 1.452949488 0.466980465 3.961085373 7.658128629 1.963557118 0.155044061 -1.128513742
-40.136782191 22.300786251 -3.346113837 0.583551205 0.611997102 -0.153551644 0.511223464 2.067014998 2.658127615 -0.826953297 2.905178793 8.023544171 5.621375671 3.545034710 8.748908852 1.278431809 7.756791302 8.348748803 2.885511226 3.751447275 2.661397383 4.674206522 -0.881326314 2.347765664 -0.361349172 -1.123188629 3.545402317
-34.585309655 23.261531779 -0.088035473 0.647611050 0.008677407 0.189871115 0.737884537 6.567542392 4.783133220 11.224457084 4.725429436 3.795696953 4.358653907 2.291716650 4.024697557 6.354332974 10.096197957 2.764970869 2.337018969 -3.988628136 7.036568630 5.345061894 5.442353827 7.502526586 1.295043937 5.041624497 9.781104406
-38.754797168 16.289411336 0.448573937 0.688537755 0.361141381 0.247810855 0.577998653 -2.490364530 2.609923545 3.253299336 4.520977592 4.284540364 2.902754936 0.079301509 -1.395064613 2.093190475 4.538734756 4.955274812 6.063162806 -2.443909186 3.038884185 3.160267039 7.078058960 3.354510110 10.894556275 3.153194054 3.469495119
-46.682133394 17.380733116 -6.302316335 -0.449106655 -0.575142598 0.675836623 0.103725909 2.013493048 0.395928371 -1.137337621 -0.080841419 7.362449369 3.970361714 3.811516010 -1.402907113 5.063044189 2.903137299 -1.380348649 1.945663354 -1.929291737 2.706441083 3.643884898 8.239877262 -3.663865024 9.824589012 2.296311826 0.878598300
-31.442490758 16.386879006 -10.797234802 -0.298553287 -0.508927861 0.393315159 0.705096839 6.400485067 5.519435334 6.720071354 1.097738895 3.856253446 3.956267281 5.602588721 4.580450509 2.833605826 3.679877002 2.092093708 8.231342043 6.853407169 6.859591022 -1.482493598 9.407935821 1.702825103 4.062453190 3.786913101 4.121499924
-42.479447684 9.128451703 -7.569614316 0.365889661 0.694663520 0.528027592 0.323657552 7.409584789 7.099430503 4.789029122 2.339913216 0.299556024 3.162007752 3.779175098 3.956705439 4.142432985 3.293322168 2.443151500 4.974497489 0.623445997 0.955182808 5.294884370 4.330715550 10.304347989 6.105514216 -1.725207534 0.571019949
-30.134509568 13.456751780 -5.354715974 0.897041151 -0.388093223 0.144589895 0.154254937 2.312123820 6.214062061 8.296040717 14.132332679 5.430468200 2.953718139 5.485520341 2.689799995 3.454281220 3.058668059 5.887777537 5.897351116 6.770864787 4.268582425 4.328943583 8.806379228 4.831732280 7.504633149 3.428487891 2.972263270
-42.942037020 10.151650321 -4.940846949 0.301008937 -0.777153956 0.016081202 0.552418993 5.806716607 0.186581945 9.394943277 0.318475883 5.386061061 7.121807353 5.546439473 4.710114072 9.053917347 2.842571353 3.639383546 1.830274730 3.104808065 4.966210767 1.151908845 5.181880724 2.766737707 3.047780741 6.514373959 2.680349441
-47.302596488 19.319286499 -7.135294267 0.368096431 0.857225762 0.111947209 -0.342252585 5.525208638 4.070071339 2.674998792 7.895875013 2.518172870 4.629208388 5.038281344 5.981672035 1.828230463 -0.065707959 1.177576403 6.065944696 4.646083666 3.782507539 3.985203338 -2.133808106 3.021521616 2.005005645 6.687075375 1.520828796
-44.024448807 14.402038724 -7.797719837 -0.445323688 -0.194330236 -0.043600330 0.872938476 7.439615504 11.182558240 4.849317414 0.751899270 3.441021949 5.859098421 4.087911465 -1.130809639 2.774419798 5.684151709 2.963317042 5.574309406 -2.843336528 -0.995633097 5.462521108 1.640845882 4.391026464 3.688396361 4.523579469 3.645070657
-40.854111437 20.982028719 -10.620562313 0.055272588 0.448403537 -0.613947159 -0.647261999 5.206040350 2.946229608 3.699424525 5.070598928 1.914601416 1.315007104 5.772937318 2.856919522 3.726029250 2.940203403 3.796203994 2.460915140 3.514896594 7.371213020 4.729182567 5.743145678 3.225026318 4.374657425 -0.562901862 5.414569779
-36.463418642 12.271963827 -7.460113125 0.820299308 0.080191315 -0.546330640 -0.149000770 5.417799320 9.459267808 5.454705359 2.173475409 8.403542875 3.818161485 -0.460711170 1.673600246 10.192607924 6.428763995 0.863427648 6.595719603 6.566016953 7.361804055 7.439970701 3.203074423 5.919568264 2.004002881 2.213805173 6.276503196
-35.676219151 12.472103937 -1.919098070 0.587031456 -0.091435417 -0.236464466 0.768842110 -2.704154957 2.060424486 1.738834073 5.899929544 3.759415038 5.913495599 1.442494610 -1.960440682 1.530407011 7.186954070 3.825516236 0.836414536 0.501055619 4.921694898 1.075026983 3.768492721 5.863769618 4.709233824 2.352098241 3.688238175
-31.685674152 19.895419078 -9.845020334 0.468433544 -0.618040983 0.274169723 -0.568705830 5.475548944 2.078838952 1.386827423 9.144339814 -0.459252123 2.502032212 6.911205612 5.197249314 0.786180655 -0.069563596 0.083540193 0.917219959 -1.447293798 6.323711212 6.787422025 4.211918936 -0.408114649 4.228540047 7.724645267 9.081068217
-39.566438528 20.050958519 -3.210063601 -0.156020223 0.447690667 0.857392618 0.200271454 3.636705543 7.147359732 9.887393936 6.520338708 1.473593224 6.865928736 2.058063170 8.665573689 2.169269378 -1.925384180 3.113510397 2.105709623 7.274516550 7.579547553 0.237784183 4.119757900 6.921575807 3.160899770 1.903282033 3.795385535
-37.634740695 8.059288201 -4.114451003 0.086191077 0.647114937 -0.741949533 0.152722774 4.590568463 8.417622059 3.830032929 6.966403313 4.434765563 -1.098897984 3.319871603 7.688547220 5.680856822 -0.631733439 4.825456684 8.408465833 6.108822169 5.002645842 3.566419228 6.510878253 1.173403452 4.266952079 5.573412937 8.840873995
-39.829552250 11.080995593 -6.817574438 -0.731823233 -0.551958774 0.255746684 -0.307196843 4.306251986 3.658158129 -1.045523268 2.068468292 1.920042078 6.993504012 1.608579036 1.991100305 2.437333801 1.944932100 -1.479868352 3.220830728 8.525996186 5.423207350 0.855932219 1.671666327 3.315414972 3.848463822 -0.439073444 2.347469683
-38.090602070 24.050184577 -4.214952070 -0.502444224 0.008396325 -0.863285349 -0.047092561 5.363862527 2.193173683 6.383822435 9.413594827 6.781142604 -0.835805900 7.170978165 4.278566563 5.987588504 1.707083874 2.950038270 2.675658466 10.756822771 9.408204742 5.134134595 1.127361506 4.859803126 1.126885472 5.567711727 8.105610447
-40.052496765 11.871182515 -8.260285512 0.512788124 0.785070675 0.346165804 -0.029691935 -0.319024697 4.759017350 2.719510734 1.984697667 2.751265193 2.986221029 11.327153234 0.324371738 0.531761291 3.215827844 6.054482130 4.028551311 3.312141566 0.457467210 3.322914914 1.337243429 3.287663141 1.114322201 8.723139002 3.813522611
-34.746646061 8.612954886 -3.270796709 -0.227137620 -0.704519533 -0.609219731 0.284450431 -1.225671961 5.456562277 1.654013285 1.183372152 2.979126381 6.527859426 5.197880983 6.276034588 1.384078803 5.083797301 7.447309834 2.065315571 -4.184331754 2.902578131 10.402529277 2.891626352 4.846118338 5.247679071 1.604108645 -0.742994783
-32.030865328 17.912534222 -0.262151917 0.288133277 -0.640478557 0.097307300 -0.705193393 -5.934367140 1.713589022 4.162279004 0.660833609 4.688009684 3.616038483 7.279372240 3.216588510 4.675804388 6.083843257 6.301425516 2.140280917 9.697871598 0.888843880 6.249079190 8.307601350 -0.046489368 0.570723546 3.302282320 1.450311812
-34.795001981 17.732688827 3.199124135 -0.033123632 0.575174499 -0.817355401 0.002696327 6.129017319 5.023143885 8.117468498 11.042978667 8.193447380 8.526614078 3.705282983 6.708420889 3.637083644 1.446940801 5.003945459 1.264796013 1.891770948 3.493008629 6.884290424 1.722511503 10.152132073 1.845200991 -0.371205619 2.154346701
-43.295210944 22.070724918 -9.176604399 -0.375813921 -0.659445173 0.646533947 0.076745134 2.275892198 1.831044284 8.501536214 4.148761023 0.826537667 4.875959155 5.202937950 6.969886025 5.832735188 7.481195562 1.261795902 3.405926151 1.661603942 -0.081664843 -1.608472676 3.657439896 1.990063358 6.597557844 6.121346314 6.301209531
-35.921980736 21.507834654 1.604556037 -0.772433406 0.273419329 -0.531142375 -0.215583581 -0.870223819 2.403309067 8.693891963 0.956853630 4.213739868 3.438134857 -0.455600666 5.636010705 -0.664677772 5.789257101 3.161426952 5.741747168 3.780389954 0.984369173 2.919113790 1.806251779 3.222931903 6.689486506 7.389715356 7.029787300
-35.637207445 20.316536119 -6.162474489 0.605614901 0.134024086 -0.610753583 -0.492187157 0.914791317 8.624962744 3.478721163 -1.004751240 9.110371602 1.019766688 0.937051822 5.869149458 -0.139368260 0.057768529 8.723271831 3.633173570 2.707878267 4.312881709 2.664603466 -0.403791350 1.824752798 1.951698304 2.350042881 4.308739062
-39.354959918 11.340826386 -6.790127683 0.038618621 -0.819274898 0.346418470 -0.455292749 1.470731860 0.905109373 5.666637432 2.026642038 0.520436425 -0.174774120 5.067223559 2.815332375 -0.000454252 6.953723982 5.965587555 1.467539687 7.727944925 5.533093467 4.532243997 4.757557499 3.658406755 6.564275220 1.544939435 5.136854986
-39.733831875 13.641645739 -8.335427806 0.528405176 -0.577610909 -0.564591538 0.261514824 6.267956071 4.067435961 3.398345639 3.787522036 2.871542170 5.527275340 4.860043075 1.337437740 6.273956678 3.146197134 -0.480917966 6.975997229 5.568149868 8.078275095 5.663081665 -0.874613405 3.964693753 10.550360484 6.772617502 4.562846305
-42.402892910 19.103432744 -1.193974994 -0.836796388 0.486624811 0.250930760 -0.001361161 3.419663267 2.504314469 6.759419694 0.989649882 5.033783207 3.174486879 8.024635875 5.002575246 2.323866675 2.270783860 9.551294823 1.635104206 3.607913988 6.564386649 2.878426058 4.780160902 3.420144172 8.511807680 1.105994380 -1.720470721
-44.965236180 13.161318033 -4.803059844 0.142590209 -0.347200216 -0.539546863 0.753663867 5.263253844 0.093284201 6.822509552 2.409594795 1.410669398 6.587473643 7.104870784 -2.681440229 5.976545321 1.643963336 5.568132943 7.849892794 0.862620904 4.830761689 2.072269348 3.033093424 -0.341594326 5.369995775 2.569697760 0.436545609
-29.660276589 13.272118037 -4.795008433 -0.656793634 0.678801927 0.098344159 0.313334473 4.664959220 2.450370563 -2.514614472 1.994351321 4.686437689 6.706153926 3.622015760 7.802861982 4.793760137 7.145147210 1.597370060 4.402643293 -0.176886640 5.487911871 4.726096715 4.488185988 3.402839232 2.668609007 7.993625766 -0.397835788
-43.554585035 18.226187889 -8.987727472 0.074899713 -0.669578321 -0.690713626 -0.262620625 5.801919825 5.851460853 3.667291624 4.954352929 3.655798435 4.043432682 1.705094139 1.014488201 -1.889998222 1.503464147 3.677060732 1.972288770 8.280838355 -0.902874154 5.457398931 5.875394612 3.308820393 6.215107534 3.311652726 -4.925112696
-39.339576691 7.227930043 -1.576045584 -0.409922533 -0.030208454 -0.856264423 -0.312829352 3.512294798 7.704506291 4.608486119 1.425981812 1.257608312 0.053118322 2.979160417 5.240447032 5.248679016 10.573565944 5.274347134 2.067531289 10.911389015 3.981911992 4.844190918 4.440856209 0.377845193 1.718018553 1.190928338 7.079034258
-38.206512253 8.701803173 -9.665370355 -0.784986308 0.114277264 -0.398755234 -0.460142876 1.998524054 1.978092223 4.210987276 6.196917103 10.716098573 5.246022433 1.542564301 7.094513319 4.636359451 10.504713855 9.874671397 0.376625976 3.465302620 2.695232733 4.406450254 7.050171343 3.059152780 7.634053366 3.066845469 0.630123584
-38.993459017 14.321421274 -8.151512954 -0.759226731 0.247919027 0.327691792 -0.504706862 1.481291323 2.322104237 1.185017436 4.261781882 6.341056294 7.322183189 4.498473874 7.256040083 3.001503593 -1.571041567 9.116252897 0.413383303 1.071389790 1.522724211 0.896102537 4.808425869 -0.347265366 5.289678414 1.058525988 1.804528881
-35.439507552 19.137642292 -13.560620532 -0.516530323 0.174948107 0.163457056 0.822113968 4.070752717 8.238921624 5.175474443 2.220067046 3.969791506 5.285407285 4.857003169 0.776147229 2.392816270 1.768652772 6.919274119 5.950736715 5.580881929 5.252773933 4.853809318 -0.802493810 6.879137914 1.158522904 3.707578558 1.721148734
-33.312740767 12.327821295 -11.437750299 0.896961790 -0.093040178 -0.165805548 0.399138564 -0.143060673 6.870130133 6.438480473 2.868106571 2.668695747 0.215247201 1.568488078 7.631816501 6.564539330 0.769148737 7.839642271 5.660238747 1.207978009 4.566396792 1.258354919 3.477789565 2.577844476 5.300305741 7.763792839 5.409563898
-47.022339627 21.167827398 -6.398904378 -0.839964156 -0.241190625 0.249209197 0.417351261 5.577655038 2.186147261 1.820865949 -4.874732549 6.607381274 1.981109287 -1.585367261 6.008667431 5.852532973 0.213534563 7.050816605 1.980558047 4.351930081 2.914133714 0.983763800 1.237604965 -4.441760271 8.332497223 2.336549933 1.489548485
-30.814847600 16.006428178 -6.305453104 -0.752327907 0.254707029 0.537004617 -0.284170885 -0.700539168 7.990454186 0.312073964 3.512931209 7.988895800 10.000336008 -0.678548165 6.706176375 8.693113325 10.303084442 2.553736666 2.783757894 5.779666840 2.543259418 0.559333090 7.529146307 1.702645322 -0.287976654 7.753513904 2.554638735
-38.026533036 21.410619607 -3.078744918 -0.592405679 0.034155038 0.271129397 -0.757877164 2.555432681 5.932989899 1.751054312 3.462755850 3.192343715 2.903222125 2.409178264 6.820602197 6.097578393 0.122950649 2.717820038 1.933743236 7.977846221 2.120108581 7.389156740 4.667679166 3.106665634 4.598179064 3.421898749 1.170128960
-37.723741071 15.317760337 -9.074142758 -0.624574023 0.532794510 -0.565668891 0.077820339 4.965800593 3.838757303 3.223861524 6.621236202 9.196986817 2.733314331 10.731576701 2.025209461 3.940441152 0.298666762 5.551846414 0.069653583 0.976110188 4.302584317 5.794408445 1.477717727 2.557976231 9.134721356 5.107070238 1.639360438
-46.970973332 13.159083149 -8.845886271 0.802367962 0.156643015 -0.370539460 0.440873142 4.906384121 4.175669685 3.426353519 6.651108114 3.794061806 1.631360605 10.607316770 8.048157956 4.011850500 6.405492447 6.341456585 3.572703294 2.630266195 2.537750495 6.760590355 2.780653909 5.175747999 1.582431314 2.133120311 3.099058717
-43.451804207 16.672632419 -12.938887798 -0.804548509 -0.492841998 0.327436731 0.050927876 0.047294586 4.019915457 6.554553778 -0.302399166 2.793895997 11.085894449 -2.074581608 4.308527013 3.652296245 0.871802120 0.194054075 5.499936529 6.055607986 1.902345728 2.985288120 -0.543492295 -0.500665523 1.671443618 1.917087263 7.129407093
-36.940360265 21.762188624 -10.202825874 -0.471141230 -0.090341487 -0.239303135 -0.844155416 5.668847246 9.746411183 6.216096182 5.950795375 4.784463509 4.509538946 3.808314207 0.768678618 1.206258961 3.383832232 5.186417229 2.344827803 5.740609232 9.651323765 1.789535678 6.559239164 0.540281848 3.025864157 2.619795061 6.765603987
-38.734809143 13.262027821 -11.788977520 -0.300636162 -0.606339118 0.057372326 -0.733947674 4.467649797 4.787130121 1.597939262 8.644523173 4.568440672 1.754378025 5.068639718 6.301338097 4.701846151 0.737222443 7.375670562 -0.607916978 9.261450776 0.043655952 1.301960681 2.483699878 6.382009305 5.866076779 6.694880134 0.689588346
-42.498871841 17.121793147 -0.472872600 0.092931287 0.707246369 0.571837392 0.405176933 10.093186801 3.507922629 4.355341762 3.676343350 2.714979060 -2.679315726 8.522349853 5.235749120 6.785778395 5.995101296 6.730799457 3.899162576 2.381798850 4.408296998 1.722348458 -0.560668882 3.999698032 9.027864435 3.306295168 -1.322934616
-41.676454937 13.758620635 -2.534765149 -0.072017398 -0.843496259 0.423493620 0.322460400 2.667457412 5.784688152 5.901684484 8.327962312 6.265110426 10.002641373 -3.384180541 2.308339477 4.556102902 1.459112258 2.612597998 7.167579952 4.577591265 2.495028786 8.075666994 9.822574873 7.234008691 6.142397311 0.948211830 7.631996466
-41.636184278 10.088896328 -6.933952149 0.461087161 -0.049278851 0.265171830 -0.845372181 3.285694208 9.728616356 7.842862886 -1.300152823 3.728033533 2.658375727 3.794079597 4.556199793 2.566185452 5.348621980 2.541268714 5.393489965 -0.452876414 -1.231879203 -3.243735739 7.074978472 8.362976739 4.695762770 1.602492004 5.169744607
-40.828349178 12.705421133 3.339473437 0.282582947 -0.822497568 -0.202527569 -0.450141324 2.183415679 8.903775181 2.010672570 6.283307600 0.232397503 1.589851937 3.016684539 1.132939155 1.641033608 7.994395135 -0.651543543 2.383515090 5.595225250 -1.049483638 4.091780058 6.623960619 4.962985698 7.242826871 9.894168053 2.462362731
-39.718827204 14.079904502 -11.036623017 0.788664331 -0.133806509 -0.349184343 -0.488031439 6.840825333 -0.316196566 3.198969962 2.906848706 2.237675151 2.842823077 1.688195777 2.243383951 5.421694372 5.996953346 0.672171241 0.042572731 2.958002817 6.638447375 5.840389011 2.277933479 0.030370381 5.712693626 0.407828525 0.923136642
-44.134373933 22.131790022 -0.060478205 -0.493768459 0.411138229 0.578410253 0.502592922 7.689458424 7.248017254 2.163329805 -1.026913193 -0.491208086 8.477978259 7.357014739 0.524418498 1.386999155 3.733479284 1.485789217 1.115994045 3.491157839 4.736615057 0.238749037 5.770799801 2.281084911 4.037833954 4.146633052 6.397927155
-35.787268664 23.148295900 -6.767015017 -0.202867704 -0.130965800 -0.906563959 -0.346171116 6.383606377 8.387656732 -2.622827367 8.740158278 2.906480073 3.181891611 10.572420163 0.058867188 3.857138521 6.196202493 3.806408997 3.088821033 6.824361249 5.732428165 3.817093820 -1.745896709 -0.437650261 0.966506996 4.432191620 6.603120395
-37.955079193 21.445538919 0.276192101 -0.624261752 0.317509016 -0.713145893 -0.030136777 7.631334394 5.507748115 0.397644772 6.976570921 2.566028035 9.183356216 3.370325081 3.510286885 1.173605179 10.198549116 -1.271555837 3.144214277 4.826910049 2.126220258 3.140823328 3.365799931 3.536205026 2.090881536 4.814346017 2.086536548
-36.509161765 20.351568931 1.328739611 0.730120774 0.222274100 -0.209901164 0.611113231 2.693965037 4.574674988 -0.762046459 -2.638024699 0.828381929 5.387077955 7.701955838 6.415138429 8.618313965 4.774142551 1.600661241 3.748186471 4.533796526 6.451804008 0.065149860 5.731340754 4.801078492 2.983761656 7.909305967 3.390466151
-34.674922081 22.522299704 -9.470372275 0.547611819 -0.377396845 0.260765549 -0.699781570 0.894909014 -0.591282370 5.147236095 5.514342379 6.607331353 3.101641518 2.950427086 1.015228096 2.778367162 -2.423968645 4.700628095 3.671745232 4.482505424 4.659553123 0.416473682 2.545491996 2.039492554 3.179518954 -2.253628530 1.325482002
-42.856891526 15.091971774 -3.964361246 -0.731573255 -0.087124166 0.570605549 -0.362793687 2.103083596 3.272839721 4.242514407 4.678028519 5.660550187 6.358676740 7.956744886 2.705167054 8.115200015 -0.852639623 2.468744529 1.021801733 1.483500487 0.162420885 4.298583283 3.550320925 4.146817212 6.481054061 6.211119116 6.560867290
-38.796749126 15.642425950 -2.958486515 -0.182177754 -0.152878091 -0.181970253 -0.954110257 0.380622822 2.737587969 0.479826977 3.017813880 4.551156184 1.894942176 2.168894792 5.818904359 9.793627173 7.643514982 2.860242928 -1.691776488 2.446508693 3.298621957 6.411314086 4.467627664 5.371671002 -5.013097325 6.781273610 3.963070627
-38.374452525 23.395691228 -0.311115861 -0.315948172 -0.820837060 -0.398818504 -0.259513150 3.663772602 3.843776467 0.764785914 4.726226704 4.316538686 -2.929265593 8.174853450 7.950093880 5.656941532 6.071583695 3.499205945 1.980095569 6.371146489 -4.094443504 4.683392487 -0.168653351 3.517351457 4.913704195 0.266064369 3.708453944
-36.572865378 21.327526639 -8.243038874 -0.848223175 -0.181334344 0.009597966 -0.497537115 3.952342702 1.363419841 3.488697192 4.552627591 0.903652306 6.418682597 6.950728962 8.117663745 2.207074414 6.675572129 6.512175730 2.081530171 3.967914699 4.372902531 1.254858005 5.225410012 3.412459706 8.944425301 5.104922918 5.812248546
-32.755007788 18.259050920 -1.098592442 -0.064703731 -0.562264683 -0.761379906 0.316184270 3.219730939 2.507873598 1.453072201 2.785775606 4.821772706 2.633448559 1.946043545 6.301642900 1.783888600 6.205523421 3.933216398 3.210992725 1.509432503 0.700271294 -0.253162697 5.816432549 4.673580024 1.639122799 6.416075512 6.405071745
-40.473049881 16.840752826 -10.763762902 -0.682770439 -0.437993644 0.137212738 0.568470545 10.624214142 6.163671631 4.071538442 6.172446680 4.574351342 4.791389801 7.334333156 11.181908125 8.485999249 2.466547869 4.798053468 7.026542542 -0.832458938 3.621176110 1.954148029 2.818984242 3.167185198 1.218977825 8.363155277 0.793346102
-42.783555054 8.497443872 -2.062093641 0.416354850 -0.060248024 -0.470232976 -0.775821992 4.756013779 6.588826476 8.166844853 9.024419205 4.939106948 2.625986305 4.428123667 6.882961187 1.759681373 3.394158900 11.005129284 9.321049450 1.963297023 2.908730494 4.401562104 10.107111291 8.772362208 0.671239568 4.200346025 5.666483616
-34.264376453 20.546587342 -6.863567464 0.871003279 -0.442011468 -0.019349737 0.213552656 0.702581900 3.492684752 5.914571044 0.512126297 3.843275469 4.032263692 5.488437959 1.483921998 3.252499226 2.446816794 5.052781818 6.306017949 4.937718119 3.850163030 0.308457563 1.034769214 -3.870262651 2.378572702 1.576528917 0.001687916
-31.778007001 16.493815402 -10.565843068 -0.808197475 0.119332394 -0.498738962 0.289544589 -1.082644304 7.843001653 2.349560038 5.843888320 6.059719604 0.866026242 3.867807305 4.472049314 4.738620933 -1.579898514 5.914710561 7.217046537 4.033707997 6.558163328 7.187430192 6.209533891 6.097336624 6.622389357 1.904398568 2.751008310
-44.466197467 22.648881678 -7.349117008 -0.701834428 0.069726397 -0.439272253 -0.556422999 4.637691129 5.991187258 -0.820476781 0.735246683 -0.485722703 8.165828869 2.413119842 5.300236511 0.005660611 7.228575147 2.471156520 1.387864494 6.952465223 2.590373424 7.336375794 -0.924273287 9.547446971 4.246770006 8.654080290 -0.422848465
-39.601478644 12.469387297 -12.251912711 0.239566265 0.126808322 0.145195583 -0.951549209 4.390696122 6.290765691 6.672526424 3.634182585 5.303949888 5.456081591 1.864352071 9.418375923 5.580844630 6.177853348 2.511924887 4.799748903 -0.460537562 9.642811282 9.359166793 2.620969266 -0.226313083 6.152270045 6.224596472 4.984921671
-30.905360795 21.380838176 -8.234341187 -0.357885723 0.906407497 -0.163193532 0.153984189 2.744795136 7.018864987 6.897425333 3.416619863 -0.831288211 4.458859075 4.117949306 7.521563939 4.815934082 1.017935834 0.434960606 6.217935792 3.347428597 3.181116182 6.307624948 4.455020746 1.359825620 2.517150547 -1.824257299 6.603797136
-35.344669382 22.826759798 -0.253157493 0.100466432 0.378409293 -0.861013236 -0.324606086 3.806403983 -1.843043166 8.261450151 2.738898111 1.972402214 5.657349126 -2.812635448 5.357514655 8.526179758 1.060320625 8.212797087 6.809105455 8.942339470 6.226736731 0.716219420 4.136474229 1.375051099 9.218125669 -2.183534763 6.359695043
-37.629831079 24.555568081 -8.414831697 -0.520312053 -0.140972273 0.544210790 0.642834972 4.214703668 1.790697214 5.318458037 0.500698780 5.765554159 -1.048276719 1.949449506 10.112692186 2.410762346 1.729677067 2.022105979 8.535290128 -3.037773270 2.588929279 1.697653635 2.786351431 8.322464358 3.708601689 9.731869180 7.094171034
-41.372065096 10.491970350 -1.311031215 0.115477844 -0.537446181 0.759900373 -0.346940763 6.956164812 2.210235954 7.896981322 6.417516906 4.309703087 7.647274121 6.889002424 2.667897135 5.675479160 3.198069192 1.611169192 3.006435100 6.869636660 10.875696412 3.133213740 3.534327173 7.471281512 3.237997004 6.351344005 6.310858328
-46.370546596 17.022457591 -8.878669898 0.638184813 0.583865156 0.082734699 0.494951102 9.336740702 3.522764097 1.290369499 1.134582672 2.311988363 9.725770877 3.385917286 2.595620075 2.772644152 6.027641025 5.242940863 2.558088733 2.283664077 2.236768492 6.471985389 7.703856738 3.968355923 8.484768474 9.115524766 3.511269059
-37.815027615 19.904934692 4.055706400 -0.126546254 -0.300791619 -0.493725579 0.806067925 5.202255581 6.442451726 4.736699516 3.505248850 -1.567954071 -0.863508594 6.926526693 4.119334030 5.940505843 7.574444699 5.513376017 5.975046726 5.528050033 7.331685155 7.181913921 7.741967178 3.323552177 8.480306701 0.579179519 2.944025769
-36.046193485 10.297765984 -8.690452069 -0.311622135 -0.327546059 -0.538484643 -0.711083338 3.752985788 3.357716987 6.532073754 6.910954995 4.673563499 8.281317594 1.443423273 9.525019820 3.314405515 7.384517351 4.321015644 8.818475676 6.968713019 1.495177957 1.604279462 6.683202543 4.493816779 2.442509777 1.528103415 5.549506471
-42.145647359 16.054615414 -7.791184263 -0.493276233 0.722456276 -0.348585880 0.336486807 3.107615651 2.991427473 3.646466508 -2.323305354 5.898149915 2.513942582 6.691931601 3.698603133 9.833235766 1.546231312 5.554281608 -1.410638600 3.017579915 8.517584370 4.472849863 3.095542907 3.170349418 5.708497318 0.405340628 3.714983929
-42.107467282 19.655927307 -9.558526971 0.921272896 -0.214426814 0.039369118 0.322067486 1.893550328 1.676503693 1.532037107 5.895013376 3.939934998 5.291667083 4.157944669 6.075825006 3.054498083 6.788018656 -0.814210386 1.802649337 7.842411660 3.918286990 -0.419755963 -1.848546942 4.945901636 4.287616576 8.606361304 0.939832072
-37.105477506 20.843840073 -6.794677032 -0.302059795 0.405367795 0.830676422 0.233267042 2.692877320 3.959234170 4.293336230 4.729092039 3.301885703 6.939700740 3.426753076 5.049152429 7.233087903 9.277300414 2.700794078 6.467050148 9.641586267 0.946129790 2.850569420 4.783665886 1.058984818 8.752383448 -1.234940250 -8.294321430
-39.341155634 6.589241741 -6.900048511 -0.362634629 0.805750553 0.177458501 -0.433325112 8.409988719 2.370129876 3.869844722 3.315390510 3.534034014 2.338415877 2.025211254 0.836746798 8.593055575 -0.777092330 6.546363405 7.957893603 4.738529440 7.386160252 6.778767289 4.052169278 3.649181942 9.724316803 3.163586492 4.868176199
-30.778335002 20.791509515 -7.123378662 0.415934143 0.041061658 0.110633248 0.901705614 -0.096457898 2.909130812 6.606619070 10.416255639 7.763697619 5.992380497 4.380922674 -1.606735070 4.636873734 3.789972743 4.683992211 9.387246421 -1.148831040 7.983438153 5.736140479 -1.603014705 4.544559812 5.134950643 4.936696891 4.306704275
-34.811680291 14.220252843 -14.159465948 -0.402301287 0.484156404 0.285050594 0.722836365 0.892394308 4.655182408 1.915312474 6.055984496 -0.587636800 5.689474410 1.754720603 1.199586884 5.490722839 10.461495495 2.649929169 1.907896488 1.260031317 4.960124999 7.685293957 5.588229521 2.968807692 9.084575080 5.135874140 6.648696478
-30.696140719 18.684975588 -4.068281703 -0.651497697 0.105039960 0.460419613 0.593743326 8.898720989 5.602536401 6.043967124 5.483036234 3.869300998 2.426818461 1.746824380 1.850990269 1.488846877 2.675709782 4.310829726 12.614077654 -0.118584922 1.824100741 3.525048607 2.357601573 5.253191305 -1.278818986 3.096262066 5.750391517
-39.850709033 10.815057617 -9.034662619 -0.242454734 0.734311677 -0.510755546 0.375673842 10.667460724 4.206092083 5.141915239 4.840847496 0.924038730 2.737411054 4.550801770 4.076832527 -1.384850148 9.676121513 6.388241797 3.567725859 0.586539216 4.688806720 4.180726421 -0.356301965 6.546919526 9.662959219 4.247050278 1.124276916
-37.347666085 7.064221749 -8.355100892 -0.568197558 -0.793662321 0.186894979 -0.111004156 3.488013168 2.944920002 -0.924192296 3.476332290 1.677504442 7.564248950 7.718835392 5.333475808 1.073741714 2.227380526 2.972113003 3.512811466 -1.459042087 9.336330530 2.568376980 3.477455316 2.837790197 -1.621721955 0.167262052 4.156196617
-43.398767824 16.949711139 -1.384710255 -0.026095301 0.113876230 -0.115238136 0.986443821 2.181995380 -0.799511788 1.239328606 3.531797482 0.096030744 3.259604476 8.737363493 -1.402774372 8.962303633 6.254229874 5.698195970 4.151163491 6.772761545 9.068557578 3.786083909 6.463298663 7.352885527 2.215859895 1.887196828 3.751866856
-33.409696956 23.424544008 -7.075703634 -0.247460700 0.457830342 0.709801674 0.474695863 3.342790015 5.382656725 1.960980083 1.416649813 3.305070433 7.045891131 2.265775643 5.876938514 6.259637083 4.337782597 0.013876883 5.627039656 6.791558135 -0.336928835 10.672882236 0.773009296 2.714410635 1.893648882 5.382932536 0.068101472
-42.866992314 18.965079891 -0.824210887 -0.032462594 0.894697360 -0.165087376 -0.413774060 2.787379759 4.491021607 -1.104818496 5.361460202 8.336087604 5.353290124 4.714911492 -0.237289813 7.678846031 3.451815542 4.080718633 6.500733588 11.754851631 0.557653042 -0.697992758 4.774910412 6.247284264 -3.280852049 3.785718452 8.975032642
-39.402031837 7.611508589 -4.229803801 0.168532570 0.200567212 -0.619635091 -0.739879666 -1.431172113 4.842239427 5.201559876 3.236214412 5.284582999 6.698029728 5.897079412 2.139175120 2.717538863 4.072134250 0.519833151 8.292978219 5.279846498 5.662026677 1.311906442 5.084414100 4.046858617 6.192680004 6.983196609 -1.738547291
-36.458643339 8.817571422 -9.543721828 0.400972611 -0.635473924 0.380341822 -0.539197511 3.870282202 -1.562872746 2.590121443 3.138325801 1.326342214 0.416552890 5.163321544 7.952261050 5.210652009 3.926484088 2.667036571 5.100983900 7.113166182 0.699275410 7.438245120 5.451358696 2.866372018 5.716231696 0.437068894 9.162417963
-35.411561266 22.622189159 -3.632032565 0.399172428 -0.651741306 0.179739498 -0.619345103 6.352702217 2.569331629 7.733985511 8.834421936 3.335961799 0.241643220 -2.672914318 5.758780272 9.519021317 6.447701750 2.852373718 4.353209982 6.579613348 6.506851304 2.833203633 4.837010810 4.433449820 4.074320266 8.689173000 4.796240406
-39.771327646 21.595569688 -8.769891909 -0.679273425 -0.662482270 -0.138681102 0.283676591 3.276830346 2.495161730 3.688898604 0.216195466 -0.954461456 8.685097354 5.532377068 8.123130265 1.791696726 -1.257903532 2.731135367 4.569128020 4.630205564 7.216853007 4.756394655 0.717484567 5.779439740 8.031425524 -1.995055877 6.825878817
-34.492218834 7.585656269 -6.842721777 -0.034401064 -0.101371877 -0.168158450 -0.979930123 0.906639952 3.422862278 3.886105912 10.320007840 10.418874160 7.628291288 4.900956223 3.064677566 4.456247988 2.017254522 1.648149287 6.588321714 -0.669959923 1.475342531 0.670677358 3.363922538 9.225790901 5.925072312 4.280521681 5.915791379
-39.329445057 15.289034993 4.397658177 0.253395016 0.361804166 0.894289930 0.071653555 3.774275428 6.370395652 7.713832193 2.901088062 1.690607162 6.127491876 3.065409020 6.065552660 4.650173629 3.400520419 1.876864728 0.591615562 9.140686872 4.235655191 7.736279384 3.107354919 0.149169195 4.230745618 5.517546075 9.845908657
-37.668115270 22.925532950 -8.856468848 -0.065782652 -0.422361260 0.792174169 0.435595792 2.577627549 0.292223703 9.741597771 8.982891454 6.111341759 4.145450965 0.804886881 8.160568692 7.736755168 3.795247542 5.011606685 6.372250528 3.943447458 6.359729457 2.694418463 2.963128148 4.390721283 1.200772978 3.709023244 5.632268723
-37.470108953 12.965088959 0.648582640 -0.721465456 0.572705300 0.302311546 -0.245161099 3.654096698 2.655669493 -0.344958273 -0.551283888 0.948950050 6.113793327 4.643622723 5.622173507 8.324515842 0.410598319 5.088874046 11.918191236 6.869173971 11.328537023 4.379834979 4.565012400 6.638233404 9.339759496 4.754477069 3.130479128
-37.464670025 18.128677415 -9.790301648 0.455359278 -0.369701510 0.470893136 0.658960072 6.204467424 5.886946736 2.184357542 5.125580256 11.600855604 6.567858394 5.851565811 2.232126259 2.769688558 7.253447008 -0.860673837 3.389228013 -1.791678552 4.013736567 6.512895607 5.834729528 6.587137119 7.217713843 3.600641206 2.803743900
-33.051438257 9.932328592 -6.238107072 0.245935578 -0.644262376 -0.469967854 -0.550973592 0.141026569 9.103642414 4.854785876 4.523968237 5.680450033 1.138054166 0.749092642 7.340769057 2.717402349 6.347684713 9.349035545 3.076870130 7.935918697 4.858353195 0.195793946 9.139155223 1.728289231 -0.249139396 4.730383882 2.361118066
-42.590636203 18.642588945 -4.198119001 0.663981205 -0.214315698 -0.713474798 0.064431772 9.812358287 5.976403074 1.736835552 8.010531835 4.916523853 3.520452619 1.985478357 -0.290699755 2.453702308 9.461020287 5.178160990 3.280262422 5.145833999 2.888386114 8.361665820 1.819131506 8.134495045 6.475441314 4.979398668 -2.658052098
-44.239568191 15.043315087 -13.050285830 0.771768378 0.506763177 0.310941127 -0.225566551 4.122841880 5.063108993 3.446134967 1.581538226 5.026946486 6.341047930 7.751816488 5.109176381 7.108464326 3.837283624 0.768661779 10.701849552 1.009730465 -2.726606551 11.408382175 3.639136588 6.884406068 3.349620718 4.121937208 1.860719938
-32.168952649 19.158842577 -8.342396501 0.370408998 0.569748081 -0.207408975 -0.703680194 1.381934389 7.948588552 9.357105764 0.281806405 2.119477713 3.359439874 8.301446972 2.457769777 5.417272048 3.591370872 1.124513313 11.274443779 4.076166949 9.211316243 11.265820411 5.844857539 3.279325492 3.535809446 1.165651503 4.431255768
-37.232692901 22.836512322 -11.602077619 0.241605329 0.850913047 -0.370287376 0.283656676 0.633648349 7.620502554 7.238061252 1.327221182 2.033163998 3.200024112 5.717428715 3.151719541 2.861331068 7.537405689 6.188339546 2.498171769 2.176559279 2.053996014 0.307858871 8.403883964 4.176752022 6.815463015 11.956313406 6.780999951
-34.847370088 19.485108777 -5.301358991 0.805804746 0.249608561 0.200578383 0.498139127 8.623338897 3.754725166 8.484423865 8.165707341 -2.623469943 5.468764317 3.469359152 3.519514693 4.991373835 0.943423766 1.061071573 5.506227737 0.761001936 3.965515252 6.541895343 10.737595245 -0.907810305 3.131244390 5.931670199 -0.006582401
-38.648381041 14.522110070 -3.684131964 -0.699330766 -0.680967983 0.168807812 -0.136832044 5.700344225 6.209952882 4.343851821 1.212785049 5.668428860 -2.001913461 4.145034362 -0.026810457 6.344420342 -0.202617819 8.515846720 3.707650271 5.557986332 4.296542491 1.748254150 7.294212853 3.407425845 3.713126600 0.504960168 6.880692120
-40.312194171 23.070416882 -9.512298831 0.513816222 0.744268228 0.200631970 0.376569391 4.259012382 3.842741301 2.255321963 6.008130246 7.649264789 1.358348568 2.478479351 6.126928808 7.486079502 1.458940405 3.382581333 6.606205046 6.690273347 2.321016690 3.798882864 1.085010890 8.281481860 1.412358911 6.116939694 3.474531470
-32.120804244 10.025335553 -2.879727181 -0.223383610 0.100161512 0.717856801 0.651727740 7.539531329 5.310256284 4.094971011 5.691555750 8.627003478 10.626638174 10.397516724 6.646254910 5.155768735 2.066967291 3.878424026 4.370928322 5.707802655 9.365960800 1.097435108 5.716928111 5.095470763 3.835763354 1.921306885 4.354562724
-41.439503911 11.728762822 -8.834139703 -0.782172243 -0.606272917 0.049562037 0.134845602 4.248736597 0.142376839 3.566286321 1.837103270 3.933336315 0.612641164 6.041720047 4.642719531 2.244840765 1.525077309 4.330328853 7.971200454 1.620386347 -1.422815650 3.325468311 5.488894713 6.247517505 -0.786507801 4.048757895 6.364930462
-38.506986090 20.159093422 -11.346042745 -0.585269405 -0.547582425 -0.509376191 -0.313287580 2.675691402 -0.812156904 5.558271286 8.470214446 3.890564212 5.174843441 2.427959487 3.737891760 0.684655003 9.080381312 1.984489542 2.837781032 0.591858485 4.563261368 -0.859026224 2.584290336 4.832111829 1.443718884 5.561237299 7.257720291
-38.676653727 16.981104987 -6.780261365 -0.714740110 0.520888780 0.104066154 0.454963394 0.069641027 1.342485035 4.861583874 2.668848086 6.866670484 5.696033378 0.335045551 2.128271755 1.897691018 8.180818665 3.207194031 1.941790824 3.705076956 7.806515785 9.124649230 0.076084148 -1.531024713 6.057702430 3.453619630 6.556891748
-42.765359248 24.082216543 -6.296798665 -0.894734146 -0.061306720 -0.266519628 0.353071639 4.259220297 6.186530674 4.684320045 1.721867102 1.044684111 1.092083410 7.541862100 7.738767829 6.876086354 8.550903902 5.744930214 6.548489324 -1.802929451 3.257786217 1.860605354 -0.471108673 3.865378508 5.876193401 5.250494250 6.375766131
-44.337276109 11.790871490 -10.027666800 -0.378851289 -0.468601134 0.020740884 0.797780981 0.892754944 7.357385520 7.600002942 4.065769538 3.314978858 6.916268766 3.206664171 4.376507537 6.921222913 5.252492841 5.490543916 6.343018653 1.294008950 4.228927210 1.475810468 4.989892923 4.628931387 5.978091466 10.987502353 5.040065367
-38.634910072 10.937090551 -10.939057418 0.232903870 0.899934671 0.249286842 0.271531667 0.827261034 3.190587869 5.042437152 1.856206962 4.594144937 -1.064207717 0.790562543 7.441943338 8.755218355 5.603780183 2.455964466 2.339505042 7.805486443 -0.691593006 4.314154155 1.504911854 8.055962630 3.126271823 4.940695502 10.454261961
-43.744866216 13.793939596 -5.673230999 -0.295655175 -0.158509192 0.534723972 0.775585667 5.665277273 5.248452382 3.250488218 -0.141284090 5.736481584 1.874252497 7.004644056 12.231212458 2.632524379 1.622156453 4.662456086 -0.964388064 -0.047203321 7.069903493 1.478843810 3.977096135 2.537591312 -1.943851127 2.295463951 8.670342808
-33.680803196 21.731321535 -8.878087464 -0.091140503 0.394393406 0.725890115 0.556085238 6.411414888 -0.601151376 5.718786219 0.335301071 5.469530221 1.934325713 7.638759217 4.049544860 1.608193318 2.012096335 3.473976919 2.828317469 1.279227395 -1.202295115 6.300294884 1.528977432 -1.254153637 3.618190577 4.023183064 4.034986666
-37.639262429 17.806855249 -8.249487469 0.614600727 0.156511417 -0.422699041 0.647375967 5.263140896 1.441556465 3.292722299 5.306136523 4.114561539 4.392567407 6.354422074 4.457784574 5.416692149 4.224887333 2.395726580 2.741389167 7.198819980 3.733399031 4.522560894 10.475921288 0.166908140 5.069954593 1.269554995 5.219838662
-30.766807108 14.497939411 -9.270334441 -0.256336237 0.291132084 0.418358631 -0.821285517 3.382072987 2.867108133 4.783999490 9.365775518 0.743588641 5.738402459 7.508511586 -3.950275235 1.647665499 5.795487085 5.916856485 4.808015132 9.590126860 3.801575882 8.157847578 8.871319931 2.854289147 2.790401500 7.783918200 4.221396892
-36.645890584 16.854656705 -6.825997480 -0.199628992 -0.871873511 -0.421915899 0.148228942 3.968268352 4.811584726 5.753202484 10.813482217 5.174420320 3.652953410 0.080405093 10.658950614 3.236833826 4.413161590 13.638390830 1.990972369 1.967871471 2.922998603 1.206128446 5.079503596 6.521365194 2.257120772 7.426171147 1.649807423
-40.549062550 15.290472910 -2.596749267 -0.389149897 -0.758719406 0.325753722 -0.408401436 8.600553147 7.674204174 7.846955393 1.724790141 4.374773509 5.190493895 0.875743995 -1.370231419 3.647018863 9.376918581 -0.215322573 5.882668069 3.354067920 7.698424598 6.773715030 0.000715330 3.502458683 7.334946471 4.145004110 0.685105969
-30.082497149 16.801669330 -1.424368053 0.271425968 -0.005066815 0.875162942 0.400489820 -1.064272380 5.501252343 0.272436545 5.480894473 -2.201233231 -2.492190350 2.640835379 -0.775399317 5.246171830 6.551806616 2.040851452 7.019963220 4.505024809 3.784803428 -0.552668381 5.122432950 1.960857867 3.263768136 3.043890553 4.088144376
-35.454341670 12.557906677 -13.945321968 0.305870071 0.696542807 -0.040223111 -0.647806853 6.934791553 6.180992119 5.721529203 6.647989554 0.170332173 2.734161077 2.921683876 1.405877869 -1.180563267 6.939318765 -0.629895711 4.711270719 6.427907896 2.317612968 2.923230890 0.490353724 1.337734740 3.967477904 7.872851568 5.867106991
-35.167048197 21.101004768 0.955196869 -0.683096237 -0.142572166 0.494162395 0.518513487 3.771095853 5.189681169 3.087046498 4.481060274 7.173912260 2.638817541 2.555754000 7.281978594 0.885193587 -1.756449088 2.625518793 4.813489302 8.924417627 10.599019713 2.935159043 5.144314912 -1.907216337 5.255082071 1.700250551 -0.396512848
-40.297020287 20.663978778 -11.226327274 -0.412559527 -0.470359631 0.702383426 0.339431846 3.020175834 -0.888198394 2.029113615 5.111591727 6.527161160 7.483192235 0.196450483 2.948555832 4.362256965 11.376800893 7.650635874 3.211952127 1.634149018 2.385084715 0.179406777 6.488620851 4.270763074 3.926190590 7.623986027 9.506360399
-41.105171662 20.555361433 -12.714021275 0.734827152 0.665245799 -0.060734697 0.117423933 2.977063733 -2.032027301 8.889820225 6.064766772 4.375161690 2.381691191 6.771341690 0.831282564 2.119418491 0.268783893 0.338133989 11.995665144 2.291920634 7.091485831 -3.886185146 2.615881901 3.631356276 4.717106651 5.474376046 9.883483387
-39.128186631 19.580735912 -11.579096009 -0.069718104 0.685574807 -0.308847073 0.655545617 1.161374377 2.625728685 3.723753650 5.830794320 6.645545655 6.545868084 3.137772174 5.008034058 5.616146772 1.336826971 4.495139454 7.441395593 3.245554645 5.559333181 6.161182816 5.225642578 3.744244645 1.696355532 0.949561877 2.598699244
-34.686666639 24.333989554 -7.173311068 -0.397927760 -0.596314722 0.003647070 0.697172108 -0.742452722 0.339348801 3.892496196 5.772041054 2.484548599 6.775885869 5.062634476 4.529498054 -0.985211804 0.211361927 4.542420245 1.397761898 3.338850862 4.123946584 -0.132525331 9.787793570 4.546946787 7.656757045 4.690969354 2.034458283
-38.170823669 25.127982464 -7.499167387 0.125589238 -0.621864134 0.120616793 -0.763520747 5.286577151 5.135147790 8.456648588 3.717874178 5.124049195 3.958583772 1.462401246 7.197836522 8.753754070 7.089090042 5.860784018 3.964966172 0.426097389 -2.578187463 1.530739066 0.377504004 1.047750191 2.378479270 1.403635115 3.905299252
-30.846333782 18.596509360 -7.713586253 0.363622311 -0.613640858 -0.339757570 0.613015910 6.965747377 6.216440240 -0.690956559 5.820562852 7.694032366 3.953938949 3.654799269 7.034016039 5.384177519 4.648920119 2.578423346 7.459460101 7.097074884 6.633821588 3.937425742 -0.910017247 7.571100566 0.908409918 5.049531063 1.381436665
-32.076751842 13.471137436 -3.068788711 0.635500535 0.598635232 -0.296548074 -0.387084189 5.474415077 9.593546400 3.105242197 0.896771839 -0.889352229 -0.117028196 5.312888768 8.120590736 0.772072683 2.250376875 3.330489903 1.435156367 10.300556183 5.520475593 0.663893551 6.282328991 5.402121516 6.663434515 -1.599288122 2.776987920
-33.855257777 9.307505626 -4.846294144 0.070521006 0.862865518 -0.250223373 0.433449132 8.687512508 -2.036974253 8.446737592 3.883618324 -0.185659421 -1.573285684 4.958283914 0.852569180 0.821296786 7.159622665 5.397182624 1.144830751 6.011201047 -0.405259958 7.179709448 2.177822054 7.499453321 4.101857303 4.294916440 2.829999902
-41.427321841 10.252347447 -2.075524954 0.317413879 0.360441886 -0.812886034 -0.329463763 4.622148469 1.327246894 3.866248974 2.596293230 0.769956827 0.498653550 6.290182026 5.708603724 5.577140824 4.304783678 5.434136790 -2.020615705 5.581156498 3.697966122 9.555794841 2.513075127 4.237575421 3.929294909 7.538868437 5.553822852
-38.587428133 12.270684626 -13.870729310 -0.322262621 0.059454844 0.938981242 -0.104528233 6.148040931 7.621952083 3.151105139 2.450528982 5.377874155 8.825002348 -1.410695818 2.839025049 5.436980107 2.701330538 12.366955689 10.450874223 5.505174719 -0.798984980 5.745152206 9.223900564 3.212803528 4.659302208 5.444513203 5.359311855
-38.479095230 24.445272736 -10.559123404 -0.212831097 -0.924687903 0.252123395 -0.189971047 3.249729239 2.673458353 2.818873865 4.518747216 5.094987525 3.783491816 0.580930787 4.468167820 3.523291257 3.786165167 6.480092905 2.195685315 0.791884254 1.893087511 5.975391307 1.099629243 5.499757672 9.156142426 4.153096356 8.793845478
-38.781234382 23.179629351 -9.764371603 0.737898368 -0.608408760 0.104083494 0.272967775 4.608077186 1.481477594 5.318614663 5.964608758 1.941714373 9.091305387 4.576998620 -0.893423564 2.762628483 3.374808440 -0.446360488 4.047761962 1.668467959 2.556256667 9.092582759 6.335748916 9.176669317 4.328146102 11.983570545 2.243455873
-41.880000398 15.774772471 2.820240878 0.685399301 -0.122139645 -0.073070280 0.714122146 1.497428609 4.763110307 0.994332788 1.955174280 3.532396755 1.196434000 5.385970783 6.449157237 0.671088531 -0.675952289 2.208903778 9.572437227 2.537060952 7.870852100 4.122057682 7.512877181 6.448014817 1.854921548 10.408867115 8.637531241
-41.700785842 21.107519104 -8.278366742 -0.166607478 0.583622167 -0.781978289 -0.141905141 3.469237898 3.203827984 0.036644861 4.951460838 6.886479224 2.076769172 -0.276293012 6.244451500 5.033544758 3.650786943 8.036430057 6.792112179 2.968668462 3.946468288 -0.395992684 1.208390092 3.071586969 3.092859536 4.282600999 0.528928319
-37.956698577 18.884392941 -4.045198358 0.129251416 0.692717847 -0.061844024 -0.706831926 3.031995317 13.307270355 5.948405523 -2.310401076 7.578577912 7.371007724 7.792675870 -2.154673861 5.352437618 6.047138915 10.778585383 1.593872226 4.154633257 8.887726484 5.354318991 1.574476882 7.746129074 6.822904542 4.978154741 -1.848191333
-34.253518968 15.035322389 -1.351291278 -0.641064122 -0.203410442 0.006690409 -0.740010961 10.289245621 2.366843206 3.488661148 3.992860323 2.500094069 4.521165241 4.035570218 0.838534223 7.269482952 5.783707267 9.091392408 1.185702522 8.332506247 1.417561780 4.380831526 -0.242308289 -1.724761519 4.093299756 6.282767065 7.735802690
-38.199398878 6.725974197 -3.667416736 0.277015306 -0.058251835 -0.956839523 0.065782764 5.094454178 6.126996059 5.305867960 0.906616286 1.748671976 1.649358294 0.434374825 1.634458711 2.462573911 4.289249118 6.760240857 7.405084272 0.273711448 2.806493830 10.045269699 5.453278268 2.568509443 5.981870999 2.774213173 -0.146561252
-38.867889376 20.095853677 -9.341334512 0.426502257 -0.764483460 0.415125405 0.247652503 4.596661563 9.928929191 2.281874514 3.508678494 6.285937392 2.131847128 3.917723016 8.407051051 7.637101920 2.024793316 3.900652737 4.646966534 9.973866815 7.921998741 -0.481260542 1.419026115 4.592463940 10.470940522 2.591410414 2.500199059
-41.375308369 12.109023807 -7.136572702 -0.207582675 0.085901437 0.592471497 0.773632924 3.565140455 4.600515113 6.172477004 8.833121949 2.956112256 6.275174981 2.871889482 3.142521002 3.775104141 7.462420257 8.903312451 3.448356642 2.970005768 6.636662813 3.958053582 9.922712696 5.661441250 1.840154778 10.515149319 2.192575114
-33.760794246 19.408364392 -3.096959144 -0.388706358 0.909105712 -0.148836493 -0.016789005 -0.689483797 5.746474165 7.666745893 6.396113061 4.249587854 3.005760741 4.506960376 2.448143937 5.110030298 -2.639409130 5.039213300 2.467278889 5.547660034 2.609519009 3.663947449 -2.883705715 7.779261831 2.527867795 5.754639633 0.110484350
-30.373086607 12.805553026 -2.686855402 -0.055156622 0.750409600 0.635609450 -0.172753600 11.805644214 -1.131170207 5.862483115 5.439764333 3.661334854 -0.141525149 6.142302249 4.939220341 3.285592852 5.954408243 -0.066497061 6.795712692 7.350516919 4.239060866 7.610560441 -0.940672468 8.492218709 4.473757485 3.717772800 3.942722736
-37.896726786 12.392170451 -7.387032063 0.540220398 0.368212720 -0.606162801 -0.452932636 4.105851383 0.855668741 3.642606181 4.710970221 1.628781634 3.118736264 0.806058116 5.077537210 6.374485280 4.276028223 3.101291352 3.990341379 5.953206006 2.644967604 7.996184603 9.419706452 5.729542572 6.283488425 -0.047682835 6.590117970
-35.555767685 18.075931791 -5.001391415 -0.104248007 -0.799735315 0.503394803 -0.310079749 4.705650026 7.656714464 3.856594061 1.814543422 6.303173872 2.625192652 -0.954436350 5.172866951 6.993468316 11.605391822 5.772951132 4.003549199 5.164687182 0.433766070 2.346922486 5.769270685 4.007362221 6.935344722 5.205746454 1.655495334
-34.070968760 21.370600602 -11.048942201 -0.444810292 -0.673968791 0.009970007 0.589754586 6.255694606 1.887462887 6.540340981 6.390499112 6.365510249 7.310155542 3.887312879 5.766352075 5.752181477 4.719273070 -1.236614745 1.571131716 1.394964305 4.703374335 4.286327214 4.000272285 7.477744959 1.033944825 7.513432435 3.188070226
-34.641315544 17.093945221 3.412592590 -0.692452908 -0.101556548 -0.698579787 0.148934615 4.085616201 -2.423781103 12.058686658 5.220704229 7.834721261 1.038778963 3.507428970 4.210312288 3.059547192 7.383138548 1.675071172 -0.467835015 6.176972172 5.443521184 7.376329069 4.221278123 3.436534382 7.343705892 2.623146554 0.481867650
-44.127511482 13.932830945 -8.210568890 -0.657900022 0.447898935 0.079655163 -0.600174275 -0.856349502 6.667293630 8.610275106 4.124962662 5.861350279 3.022840361 1.774331501 4.786263462 5.918152129 2.748146432 5.215996272 4.408433585 -1.963637099 0.351621134 7.437820833 4.666332452 10.646300017 1.127191232 5.422902076 4.205171664
-30.997152849 19.524884234 -1.521684211 0.570375328 -0.179353774 0.784185896 0.166002074 4.809123417 4.369978445 0.572783799 4.157590513 -2.352925033 0.576828172 2.190591155 2.381944984 6.508710224 -0.280475063 2.501147701 3.214774302 2.449685796 6.080957667 3.771651818 9.184697750 4.939418638 4.917790920 0.901589713 4.243486493
-38.227553037 17.318423212 -7.806858724 0.611961534 -0.422955323 0.248970579 -0.620181849 5.244169686 2.542504591 0.671298084 5.800832894 3.943553186 1.129718599 0.136880840 7.352437520 2.841801051 5.439500907 4.012701755 5.142873567 10.427827489 2.565323420 3.701598357 2.756426822 5.563925176 7.295817771 4.326047333 6.117894319
-41.651978352 13.105625232 -3.288981626 -0.454053834 0.251145274 -0.746171619 -0.417119984 7.260306958 1.859679685 8.467852900 10.231131140 5.248755745 6.712955886 -2.363763435 0.948099358 4.330521775 3.357812047 3.809892811 4.360204447 5.555173021 2.230040794 0.446851668 3.328309383 4.533475895 1.572829937 6.333748506 8.335867933
-32.279915877 14.867089403 -8.956167838 -0.745536712 -0.454106146 -0.208458207 -0.441030379 -2.243938134 0.736802917 -4.981057888 5.595904001 7.879056363 6.304025384 8.832712701 3.808507385 5.452492556 0.034297667 -1.098827162 4.260173229 4.530609286 2.112155300 -0.352864574 -0.775314345 0.562014599 5.632972779 7.984804190 4.336781683
-32.818654177 11.395137556 -2.571667642 -0.705786809 0.245379539 -0.557692918 0.361431143 7.880320820 3.684050934 8.604114223 8.566137953 3.383327618 1.258259833 6.026649479 6.168690670 2.281673143 2.400148836 1.064002220 2.685689869 7.772031847 8.566302538 6.001667341 5.697486970 2.398568293 6.515016204 7.316763106 -0.863807341
-40.005615045 21.156001168 -7.978554946 -0.081274912 -0.814673354 -0.052849778 -0.571759229 -0.931769589 3.539415960 3.655012167 4.250461980 7.771166686 5.786745550 4.503764249 4.741161877 4.102502241 3.604381329 5.844918807 4.791215951 0.659438229 0.640530059 2.069119853 6.313927444 3.524371444 3.465848452 -2.477357131 5.604839018
-32.699262183 20.899552815 -9.525642339 0.843484375 -0.213205213 0.184522962 -0.457196810 -1.402836676 5.331269257 -2.157887325 10.462329987 2.965037985 -1.146568931 7.411787321 11.261005515 4.719989154 1.261527875 -1.468210826 5.671310199 -0.526483492 10.037845141 1.383341112 9.748508114 -2.660177648 1.400058120 6.151857517 6.698217573
-37.859396796 16.675599304 -9.773350133 -0.517835559 0.616126975 0.507397687 0.307865996 0.417167148 5.978360132 3.875407972 3.151925505 -1.066058168 5.519737388 3.012417110 11.690849371 -4.491321647 8.658759442 2.356642927 1.974833888 6.983071407 2.458027711 6.827405236 3.555300913 3.476417032 5.549821353 3.749457666 7.685667880
-44.575265741 17.308717852 -10.144345945 0.296913201 0.191922969 0.934352723 0.044644304 4.044876352 0.906054125 2.184140646 3.112359611 7.010614072 6.442484947 5.235599143 6.813548615 4.335989069 0.279571339 1.706709486 2.387451516 5.815920613 5.671209837 6.468036995 10.029952817 6.032352359 3.582383644 3.845551162 4.151348172
-30.179451910 12.214322372 -8.844445505 -0.421662448 0.352590525 -0.779947458 0.299270220 2.394166106 4.326034470 4.908336964 7.008287409 -2.854486878 1.136531340 4.201508054 7.634265671 -1.385634476 2.553604011 5.324822437 8.809668408 6.864924217 0.318770748 5.908572399 4.171369887 6.002703628 8.680709935 6.370563523 8.934963560
-31.846445450 13.433908085 -7.852297373 -0.055306543 0.278692569 -0.811251221 -0.511021619 4.580201717 3.374124562 12.997187106 3.124157676 4.759508235 5.321433686 5.676530087 3.737945234 7.969799747 -4.386281399 1.841195368 2.742891298 -0.786030294 3.624546024 4.794405096 7.210113180 5.897953060 8.088060550 5.398838769 4.041759656
-34.036703925 11.979949145 -10.633235206 0.425628261 -0.551118183 -0.504076754 -0.510897209 3.012399591 4.991860413 5.162520765 9.219536149 2.675850483 12.363144091 4.280144427 3.809336449 2.899105015 0.856227990 2.324211938 7.322010774 -0.269997333 2.508530957 6.917506353 0.390879991 0.544969952 2.194373223 0.541669908 7.407072756
-33.733249227 16.917071330 -11.422839410 0.257312697 0.691995321 0.620784041 -0.263741970 3.035875058 0.338067445 7.179081952 2.883201940 8.802552139 4.741130041 9.199177423 4.225971037 8.079962340 -0.831053045 4.495294939 -0.936089733 0.976840899 4.139482370 -0.275130101 3.587040802 4.184841109 5.463134786 3.248653506 2.609145040
-44.466783933 18.091853908 -8.113928430 0.301583543 -0.852262321 -0.094026907 -0.416959522 5.149222694 3.111392677 5.133763192 4.375838430 4.683530886 1.585624736 5.470914541 2.028049618 5.092026988 0.080337823 6.805802333 1.909256448 -0.272185254 1.181175895 4.506187820 5.093304185 5.302203863 2.140645684 4.389151473 -0.829751015
-37.453055923 10.533379382 -3.735016803 0.772381954 -0.366609364 -0.015835331 -0.518433152 2.600997398 5.290294468 1.667538818 1.193466479 -6.834265600 7.015746687 0.935208966 4.645564790 4.153776612 6.567242623 6.652470800 -0.511454933 5.138438311 1.881987106 3.649988872 3.947221330 3.137410019 6.493298839 3.542668265 9.971881318
-44.207665812 16.753139671 -3.040753542 0.043924309 -0.874948234 0.002565696 -0.482213294 5.635620025 1.851927434 9.428078287 8.228318772 3.921528949 2.746639305 7.138237385 8.987755780 2.796948628 3.808457269 2.587884966 3.953904092 2.933773820 7.420850248 2.821203704 8.156434349 4.943335999 1.737657205 5.190986796 5.071581212
-34.112173384 11.098189024 1.226777253 0.767648626 -0.080810503 0.354260994 0.527905672 0.558130384 4.981070380 5.149555129 5.417717553 8.114788882 1.861505499 9.240659404 6.120190156 6.676372415 -4.195418853 3.937276110 6.749192342 -2.684592560 4.082132389 8.696488841 6.865064887 3.759853193 4.575196253 1.795839905 4.347692800
-41.863330472 24.453104114 -8.773366816 -0.825293736 -0.339507816 0.248462081 -0.376684598 4.997570600 1.155398522 -0.168798286 8.273133623 3.306769970 8.795564056 5.797821936 -0.300790306 4.884157544 6.669389740 4.539599168 4.656431534 10.946414546 5.872562331 0.359960577 1.766473182 1.887706251 6.670889069 4.894121962 3.550664326
-41.048319289 20.178854115 -3.947923986 0.109494720 0.092495704 -0.949254107 0.279950158 6.168805386 8.627889821 -0.814717024 3.464334941 6.040443940 1.378647459 5.614773634 3.125689565 5.503457828 1.297202237 5.885521824 9.841598993 -0.358273548 3.524569792 5.803653478 5.391636340 -1.164551632 3.418443006 6.017993068 6.355049809
-37.994645892 11.953461151 -14.110290868 0.604410394 -0.121178221 0.786134692 0.044678418 5.797921535 6.145559944 1.053908408 4.450654666 4.340972956 7.015541634 5.342934425 2.449260315 -0.244608941 3.533151886 10.072510062 12.004134661 6.746829398 1.375218703 8.880911068 3.098779546 7.000325012 5.673222576 7.445841949 5.844173355
-42.098516395 11.082587990 1.139463780 -0.492501996 -0.225215090 -0.515988717 0.663683352 3.384743541 6.982684650 6.377283732 1.093057349 7.431193875 2.981543270 0.365768295 0.932678856 5.445024301 2.415521945 5.672976777 0.985962908 5.023150250 2.499868365 5.977664695 6.068906172 2.555448641 6.382439542 1.544394598 -0.827561292
-40.676167294 11.807636838 -7.535516224 -0.197932687 0.458085947 -0.595856087 0.629234011 -1.432772175 5.612819360 5.150459967 2.072189791 3.471803213 5.045324265 7.712864095 -3.023800361 0.711491511 7.348200465 5.536656524 0.805257404 -0.670741518 5.615050354 2.893353733 2.819885072 3.463438098 6.737607725 3.839475322 0.981253550
-40.510254186 14.369569842 1.018703294 -0.094676973 -0.814185641 0.452279246 -0.351541599 6.408093652 4.361737769 -2.543913239 -0.203524848 3.434492273 0.957436246 6.506671386 4.659180684 4.381771352 6.865175180 5.204455291 5.646288052 4.422159557 -0.746842185 4.874929590 3.584873902 3.858804004 7.223929906 4.921050244 9.475950265
-35.291452575 20.463664084 -5.185543175 0.612429757 -0.036112409 0.625945215 -0.481475102 2.461940792 5.245401235 5.304208312 5.754471697 1.466801877 2.171627873 4.677819179 2.581395191 -3.400130846 0.340772277 1.412223953 3.478624388 5.794951755 3.751950669 8.505113186 4.326413948 1.995066498 -0.450034756 3.127039314 3.423298494
-41.677111562 13.922756916 -2.019318667 0.415604526 -0.687216747 0.319292943 0.503048743 0.472152940 4.952355823 8.841648260 1.757089141 4.086792700 2.255502073 6.925386203 1.424016744 4.590513019 2.558679698 1.718321825 3.616510105 0.962544245 4.891424747 8.823936383 3.733623396 4.048322104 3.373808022 0.916430154 -0.790461271
-34.980786989 23.007522770 0.182149713 -0.357075625 0.550177072 -0.630420990 -0.415176544 0.337999867 8.012618462 2.924946615 7.842883900 4.219730650 6.371547462 -1.198520978 6.230348736 8.876635878 4.033748745 9.730011996 2.081902979 3.857251347 1.241943969 4.674609433 7.126137728 -1.208532831 2.590751800 7.669633487 4.771894236
-42.549860103 15.889670764 -7.846384505 0.013309729 0.505080723 -0.504543834 -0.700108444 9.083361411 -0.236033978 3.140063805 2.392612154 0.079152497 2.465783991 1.565705966 2.024557423 3.991056775 6.494851074 6.145231215 4.329146874 7.035029099 -2.562573849 4.505837613 1.887219620 -1.840951554 4.382745302 6.023965916 4.674758776
-43.866563582 12.689170297 -4.482402714 0.384803788 0.694909905 -0.574510495 -0.197392909 -1.951552983 5.238200220 5.962669687 7.727131190 8.227536503 5.589778161 -2.044861162 8.147414347 3.124377471 6.022888927 2.735938532 5.270808881 1.586655065 6.116974665 6.818003909 7.133784076 9.992569300 5.563442694 6.636506600 4.710162876
-45.333198196 16.554303627 -2.620034229 -0.155737087 0.425648974 -0.667069275 -0.591259243 5.273523013 2.827547346 4.414507993 1.702282857 2.144846462 -2.240591667 4.645310668 8.384432469 -2.494738389 6.449770613 4.862166539 5.757125377 5.910021701 3.305536348 1.601795601 7.136888061 9.195372110 2.942226798 5.370452733 8.694466114
-31.049542122 15.646593623 -11.445777896 0.026527066 0.039677189 -0.600748994 -0.798011706 8.738510701 7.375928721 5.112313405 3.990505315 7.492258667 4.979246250 0.212302373 1.683322450 5.746031902 8.358151315 5.083617852 5.448442611 3.108768978 4.900235308 4.268710622 1.877430675 4.819055118 3.263322859 7.494454361 4.290196840
-41.466629439 20.701907183 2.835649669 -0.763128307 0.543773461 -0.043901141 0.346436574 8.089149554 3.592966114 3.765138123 3.305835023 5.470962419 5.219336439 2.199391265 -3.048414416 6.668669228 4.229461147 2.375741379 6.490259266 3.515161503 5.909871450 7.542131064 2.705805199 2.672328593 0.898246452 5.862457230 3.999963960
-29.633270832 14.151371641 -3.471180258 0.084937102 -0.735471099 -0.596171103 0.310560732 5.458797849 2.525196285 -3.719868147 4.427318772 2.637799987 3.636384007 5.541008075 8.599850272 1.750016721 1.922023321 1.694298709 5.280997941 4.543641212 7.230928305 9.627672810 5.218670381 6.812996677 -3.122238847 0.240416986 3.703196712
-43.080753795 9.634767123 -7.943131441 0.026188591 -0.501378470 -0.045265522 -0.863646235 7.598774211 5.445944033 5.722225839 8.021482114 6.429662665 9.815328085 10.939036922 8.035402681 1.171329277 4.534401368 -5.217012693 8.135052494 0.994989207 0.213679745 4.916406332 3.526557585 5.479796902 4.690709899 2.557070069 6.067596019
-42.480675747 9.909609023 -10.420203798 0.079932701 -0.118436294 -0.420158639 -0.896130752 2.072050738 1.351628419 1.363512376 0.848832533 3.210430838 7.063616596 7.436147755 3.852877293 5.493411943 -4.174634055 3.089527866 2.905514555 3.037669952 0.977898157 4.470363235 2.998518834 0.000289990 5.511339752 8.092099597 6.527225983
-39.001115520 9.139078198 -1.683745318 0.941422683 -0.263406106 -0.002308964 -0.210559310 6.889241793 7.597433081 3.369286108 2.250389835 0.472228580 6.770497360 -2.445566189 3.431759517 0.569463744 4.311206652 5.676470172 9.556124444 3.804309300 3.905953821 3.614731049 2.373226848 6.640975477 4.169968700 3.974379878 8.588515270
-44.314853961 18.748476671 -5.959244161 -0.412724513 0.527278742 -0.130413987 0.731182465 2.176092938 2.319588581 2.577417963 3.525221536 2.019371021 1.316442722 7.745064082 5.228903352 2.064388834 7.518209253 5.444071306 4.640307084 4.759942472 4.448087513 1.779496202 -0.089292746 7.443208084 2.701882876 2.050414694 3.356314538
-33.866728146 12.716527380 0.048308970 0.090808702 -0.882254935 0.443580072 -0.128905889 6.937673629 2.210527605 3.417727708 6.028621617 -1.080468883 5.417694096 6.240619508 2.837165900 4.093524643 5.708404219 1.982984046 11.842072427 4.908104098 3.602581806 6.529277980 3.874848338 7.533391233 7.739446021 -1.609193119 8.704447680
-33.347717618 23.463928559 -6.116199929 -0.801271384 0.421402001 -0.346698206 0.245326064 1.438330359 3.224844766 5.434063510 5.063768491 6.468414450 4.704965605 9.470622116 10.138282561 6.268939486 6.703693844 3.919483819 7.279019904 6.251240948 3.339236594 4.710630470 1.811129386 6.122720242 2.945281771 5.991106634 9.606985948
-45.555658909 12.555430821 -8.398588140 0.334422119 -0.773901896 0.429972408 -0.323050198 2.858765862 5.079963065 5.662188833 8.921072380 5.616385089 2.954721738 1.991350601 5.648064192 5.404152044 -0.933896664 2.556904065 6.072191611 0.021298395 5.508489652 6.826000218 3.720112027 -3.339622508 1.179726101 5.059951546 2.340799200
-39.692104558 14.399178280 -13.165869842 0.254830424 -0.424859600 -0.617878056 -0.610559157 2.833404428 0.224042093 5.359171175 4.426710586 3.696867018 6.129534804 -1.245521616 6.932710612 -0.585375054 6.587247635 3.568856629 7.818738923 9.300116167 -2.623494375 5.618514200 2.954876267 0.779584607 2.458810045 -1.431730718 7.142767285
-34.518129690 9.291712060 -0.183764020 -0.642581084 0.392181963 -0.272758772 -0.599070539 1.751814767 3.079691408 3.050894216 5.463043944 -2.160921445 -1.642630431 10.216833644 3.490699922 6.740257462 -0.680379711 5.407489637 1.405651519 6.797818298 5.798069194 1.622838970 3.824530278 1.314704215 10.667303531 4.268316387 4.374671278
