-14.717681888 17.935578077 34.714227643 -0.877490341 -0.342902231 0.115921672 0.314628237 6.969007795 5.632352953 7.058936959 6.410541529 1.619160704 1.910371695 5.854918866 1.492807218 5.302499701 0.456087236 4.953147114 2.270590191 7.949164927 5.006295834 3.543784871 1.615203582 -1.074499514 3.566745648 4.477689468 3.866047390
-6.791966136 12.979476634 28.717125237 -0.473630718 -0.133752115 -0.033054288 0.869880295 6.427056604 7.850726518 10.938426110 7.497069120 7.382881899 7.325726965 4.226701727 12.733268471 5.874370748 5.009113033 -0.351967315 5.539833906 6.886495120 1.305399506 6.052954187 5.524951136 9.506777355 8.566265190 3.822343387 4.699439345
-12.008799839 12.457160750 30.544052775 0.198812712 0.703597421 -0.681408316 0.033269824 -0.667498184 5.937816379 -0.967005976 -3.654821492 -0.390168179 9.616315979 5.724568031 3.171150366 9.019161536 0.026595936 6.060990146 -1.404708761 -3.502230905 9.258111464 6.986479018 3.285061893 2.726643150 6.274746022 4.658549759 3.353321820
-5.704247252 18.362640599 32.328262172 -0.297507998 -0.326776753 -0.250874774 0.861259422 2.917835517 7.312173030 5.720905344 2.145237713 5.536223233 3.245851827 8.889342112 9.058461315 3.413967031 2.198860572 -1.592221403 2.955504800 5.349138647 -1.035726455 9.211052416 5.898810990 3.775807703 1.496339529 2.049301179 -2.909895163
-8.399375324 20.431717344 21.263039589 0.204328740 -0.893939397 0.314086818 0.245909723 6.305820426 6.589242635 3.577118533 -0.384396656 -0.995833251 1.732847350 5.829771650 2.127515007 7.017441575 4.494723019 7.466894694 4.486158577 4.237989670 2.955976282 4.627752523 4.004181471 8.592969919 4.462194490 3.121527459 8.974596580
-7.534349099 12.946150040 28.670941156 -0.476217971 0.598752605 -0.183334256 -0.617333227 6.287912988 1.332771331 4.022469101 2.831093235 2.129304280 -0.118360401 7.421235703 3.959435052 2.487281797 3.015477636 3.028096265 -1.381938618 4.673078263 7.778129077 9.582927186 3.167907694 6.369930559 -4.147097679 3.911993266 2.162485498
-4.766322345 17.359528966 36.919769615 -0.325099835 -0.361996383 -0.097894612 0.868150541 7.437546538 5.450293708 3.296432643 7.848801535 -0.186192513 2.650249317 1.369477419 -2.440041172 8.863960695 5.962583613 5.491882366 0.239977578 7.030093760 1.750576159 1.514938931 7.068802359 4.745225272 1.340583345 6.161461452 -5.403704797
-3.205586742 14.108507096 25.006644896 0.340413021 -0.658397181 -0.030354350 -0.670604757 0.208622546 8.682295374 1.704350675 5.240818971 8.845435009 -2.978852813 5.043536742 8.251731284 4.342067360 7.445951165 2.713616329 4.282024835 -0.568282585 9.095710844 0.350376495 3.821676847 1.631324931 3.983493551 7.584737779 2.300825605
-6.328230525 18.033993695 35.022789168 -0.238742179 0.373641442 0.806054583 -0.392007978 0.544958862 1.857999281 1.125965967 7.390917750 4.492763654 0.331196947 3.922444984 4.942763440 2.673687094 -0.701829390 1.495153984 4.963502513 1.821850753 5.849848173 5.493571488 2.972542533 1.981619641 0.184125509 2.447194192 1.817485257
-2.672245927 13.020564604 30.757328697 0.119817702 0.125670651 -0.973685970 -0.147601617 8.988853497 3.476175457 5.417153398 9.027735093 3.998228926 4.940260214 1.560580770 6.986125887 2.899742027 5.319978201 -0.447037718 4.167738038 5.659053908 12.180874022 3.506104786 2.312726595 3.053814847 3.754872697 6.574023717 0.494341469
-2.617593406 22.872856018 32.292266375 -0.222962556 -0.308780110 0.441589110 0.812367897 5.131379486 6.943363043 -3.905226223 7.827765604 5.658989858 2.006173128 3.705195075 4.334370387 3.644791768 3.833341088 7.854101194 6.525159655 5.215189679 5.573147086 2.612866749 7.700131942 7.865748818 1.676342968 0.840931690 6.555438910
-12.785535234 23.571952509 27.034817593 0.113848041 -0.100019581 -0.903788765 0.400250639 6.872452204 9.572539675 3.001715780 4.130265380 1.674423349 4.243097119 1.877080629 2.076515076 1.059307486 2.210993345 1.720571177 4.158418464 7.642509943 -2.451842129 2.538615303 0.750455068 6.927808751 7.108374759 1.552240068 0.501939156
-3.439855342 23.824892368 33.414937972 -0.718586638 0.135828349 -0.504929211 0.458508882 10.740983329 5.466572415 7.054226059 3.481119364 4.528708007 0.575435655 3.692732645 3.909976163 8.081782834 1.307944236 2.594037832 8.116567492 4.313629041 4.342095319 9.005111188 5.702223744 0.770293623 1.256024460 5.177098914 3.577329608
-9.863142040 28.354605445 31.742118167 -0.090089792 -0.768756751 0.620024630 -0.128321262 -2.574715954 2.245595667 5.237447407 3.785872648 3.865994670 7.858493944 13.440816943 9.691719516 8.879792224 5.685790079 8.121383416 2.466691052 4.495454789 -0.361108155 10.891614800 3.452277258 -0.208995821 -0.688292718 2.510025133 4.760790805
-13.346242329 22.287508726 25.897299818 -0.412823988 -0.645838709 0.622273301 -0.158885671 4.590411328 5.455730407 6.462870805 -1.195405856 2.570965694 2.757722222 8.516789223 4.529007914 0.040031369 -1.601640833 1.800425584 6.412963579 -0.945112502 6.692951302 6.100835067 3.100251530 4.236001362 0.196360304 8.213903644 5.600091129
-13.137219139 25.856081416 25.752648681 -0.307957172 0.769153984 -0.556264114 -0.064302142 1.332642318 1.734728254 4.528109094 3.889428689 6.537488941 1.007431838 3.151926502 3.807149955 10.079040647 10.000588688 1.699850563 -0.213807089 3.889279737 5.018178972 2.433135562 5.329938672 4.112353104 -1.085011525 2.748325292 2.072150240
-3.548825265 22.019103891 29.497475313 0.200952918 -0.078955652 -0.971723837 -0.095586165 1.178611147 9.599666844 6.812658571 3.920869457 7.139238995 3.516191412 9.085855933 4.956618898 3.921277133 0.830767009 2.584323345 -2.241752552 0.390426598 3.983670257 4.014005190 6.461758115 5.445395942 8.333851953 1.213831950 3.846969174
-14.602958321 22.621064885 26.505331770 -0.979067628 0.080505819 0.043303428 -0.181852154 10.055749682 7.227095196 1.263288780 -1.125161636 1.728346098 5.940066059 3.221491332 5.116786825 3.550380860 2.891055147 2.127937133 6.538693152 2.420239160 -0.175056581 3.825384514 5.510071799 3.438978164 2.861188440 5.775392674 9.077575488
-9.654883037 28.361577831 27.428852269 0.002714680 -0.970372441 -0.240039907 0.027400704 -0.814847450 6.770716576 5.947122550 1.800958160 -0.636868690 0.205671557 3.426923584 3.964776745 -0.846207951 3.830248996 7.013095180 2.872521640 7.023419515 8.360855834 5.614042817 4.082784634 1.282293106 5.119047246 2.388737800 2.491684913
-8.973025650 24.074119319 25.586557258 0.768161112 -0.182542504 -0.393768495 0.470694287 4.667409941 10.437362837 2.289338322 0.167163328 4.839858080 4.528170305 3.146680663 -0.597544262 3.676725544 5.628017111 5.113783100 1.158733469 1.441906455 4.790731768 -1.523868344 4.561276987 7.404459921 4.542493549 5.365492287 4.667625213
-11.540450857 21.297721038 26.570683167 0.924374778 -0.021830233 -0.166678305 0.342451535 5.413695841 1.389000512 3.574185362 4.411771425 4.374792882 0.578033873 1.446819828 5.613242421 -0.478383548 2.715541118 8.007882500 1.160267718 2.123856893 -1.295928802 3.494901905 -1.114406992 -1.774323764 0.514898286 -0.714456603 5.371121088
-8.647692196 22.883862210 28.240773666 0.314857760 0.193425879 0.869810884 -0.326925139 -1.579513246 3.368448525 2.363767603 5.309704815 0.725644950 1.751916709 0.999155117 6.789629198 7.168093230 7.480028910 4.103083785 3.292322879 2.556290510 2.063946574 5.627770463 3.838726518 5.048826524 -2.533261543 2.926739806 -2.163284492
-4.339863559 16.630701834 27.693485262 -0.060813829 -0.610900259 -0.437172298 0.657254085 4.592029690 5.543019445 7.544256233 7.869824992 2.891538006 1.874852853 5.357066720 6.836552667 2.842652533 6.487139457 -2.381122138 -0.422736159 4.764559143 -0.721504981 3.166312568 4.588849599 3.778176037 7.167515826 6.570814216 4.251639234
-7.266122896 18.155261069 20.955063780 -0.866674371 0.349324628 -0.302483475 -0.188020172 2.574520497 5.988297240 3.193701762 6.830539955 3.762506955 3.945471005 7.315738433 2.714866810 1.896517639 2.880062890 -0.435305180 3.753693032 2.321808741 6.075972221 -0.615234050 1.890093711 3.513073528 6.933584099 3.673637472 6.303072994
-8.910481218 23.826567318 26.401882339 -0.324439785 0.374556104 -0.529210353 0.688754639 7.140503885 7.767111791 1.051030781 2.848477070 5.100776905 4.316943595 3.513092352 6.184919846 4.947005045 0.205052868 5.146997413 5.056044724 2.803931719 4.619071829 6.667659315 1.928697625 2.994320738 0.660580796 5.014326215 4.024807115
-6.453176419 11.389717417 31.601964717 -0.507015062 -0.560289101 0.654975729 -0.004317821 1.106484470 5.684426121 5.767269658 0.603342521 2.457113588 3.995942735 1.195405516 1.111922761 9.021534530 3.162718476 3.187295726 5.515532355 -1.452019431 9.408992579 5.645199526 3.826422471 10.465699881 5.916096854 3.055474627 6.488215964
-2.998024438 21.929315505 21.709760768 -0.596040494 -0.201796457 0.676231971 0.383046004 8.145067561 3.426556584 3.822434746 2.251973557 4.247206610 5.476078528 4.988287389 2.326726218 1.434954040 5.873299322 8.268413395 -0.190400438 3.950284118 7.374393337 9.548219041 5.060582790 9.445218517 5.069218274 5.345232484 5.515812782
-9.597790612 22.950634483 33.658048083 -0.798655430 0.123801464 -0.349893965 -0.473705515 13.975442849 2.696222832 1.805703289 6.950496179 7.334399371 0.479612473 6.708739150 5.841414713 8.268020590 0.975814074 1.188091086 10.017654795 8.152570644 6.871153489 6.743001178 6.707542418 7.073171976 -2.094146340 5.526744992 3.830306226
-4.463661955 24.338530876 31.353530803 -0.319353735 -0.513097911 0.302769731 -0.736935693 -0.227030491 2.091742699 -0.226726146 2.116325355 2.908537219 4.327530682 2.749568803 3.379388082 6.502819440 -0.390055101 2.882921264 8.114131171 3.060568233 8.824194943 2.900383649 4.729094158 1.621309922 6.628397519 4.438716387 4.381426955
-9.020001527 16.857381666 35.246059643 -0.547565740 -0.469834687 -0.594517609 -0.354930893 7.383524859 5.203769406 2.881239967 6.783453332 3.422135984 8.629549801 7.273120465 0.820137997 5.725546793 7.169361916 0.441296481 3.456376441 2.649339525 6.191645903 3.179571922 -1.353425568 3.317764008 2.284426058 -0.484823938 3.330528900
-7.334762667 15.250275373 33.018966868 0.680586952 0.092436028 -0.705614428 -0.174256306 2.399765031 -2.490956259 -1.663393274 7.070735310 4.735704882 3.769019005 5.892716491 5.676378705 3.998295675 10.051151750 13.219677090 3.446170001 2.158380292 0.251620170 1.068500897 4.662031797 1.031545594 4.188826632 9.106485286 4.493814409
-8.673525409 16.201662683 21.777220077 -0.571370138 0.642338584 -0.503105663 -0.088442076 6.010245979 3.071858085 7.911859068 6.723956735 -0.401264437 2.007521462 1.850202640 8.777445742 7.583678121 1.029506417 6.372305486 -0.252751253 3.231304891 4.889584834 -0.763886351 2.999888132 2.364621267 2.514085808 7.239692883 5.496871358
-7.391296007 15.191332544 20.741320076 0.387553681 0.095402882 0.912728518 0.087333196 3.126847121 4.466879953 4.498577694 6.613377940 5.026902936 10.330100682 1.384079740 3.073161095 3.742256449 4.940333766 3.676147348 6.381463472 0.888218945 2.285886886 5.728398780 2.879636887 3.687852317 1.074778814 4.571849642 3.107165372
-8.352907571 10.359286031 29.943877650 0.131655389 -0.524344772 0.627521257 0.560309281 6.057365145 9.207374129 1.596681310 4.810226964 8.168214332 4.968178886 3.586922352 6.041871951 4.260620203 -1.331289171 7.620861524 5.494237389 -1.526162704 7.634774826 -0.971301805 2.008307164 5.460888387 7.080413777 0.530210271 0.850507744
-8.716772071 14.969163670 33.100158171 0.554569780 -0.791947435 -0.165131566 0.194944057 4.724898789 3.090347952 -2.159394788 -0.875820983 0.108017229 3.990398899 0.572991875 -1.273043618 1.640774405 3.837867446 9.159328637 7.931330626 3.623244364 -0.906624438 4.306403016 0.099514551 4.726647479 3.299482943 0.244236930 -1.269530468
-12.147564907 25.276645516 22.990051193 0.819433740 -0.480625224 0.097590630 0.296654358 10.582080705 5.382122480 4.529015659 4.627178540 6.906103139 2.076269172 6.855637725 -0.564026930 3.311925973 4.036079430 3.518505701 1.939813905 3.365639424 7.915742104 1.676981278 1.576852409 5.421747986 2.509670024 6.592433287 1.706528565
-3.298253568 15.399974373 33.258667195 -0.098823307 0.673655853 -0.080395906 0.727982310 2.869454405 4.555311053 1.471331498 3.425344724 0.484085539 8.551728953 0.888389725 5.234530390 0.561536369 5.790722090 7.584740633 1.674003060 5.320925554 3.839710505 -1.501569556 3.730117924 5.841372963 4.011102010 1.630742194 5.966096662
-6.653610765 26.527061866 30.553017053 -0.089129906 -0.915112516 0.269512847 -0.286335064 1.901438319 4.156133046 5.769034702 3.811897172 1.022187133 3.721715889 0.666878616 4.600401942 3.994910762 -1.858149082 2.152865949 4.198872089 1.356767172 4.819442519 3.221758440 -2.930890077 2.723186083 3.715996945 4.513665980 4.903110476
-4.815096985 26.470284944 23.314377767 0.630590383 -0.043499412 -0.760629435 -0.148008219 0.061935848 -1.411468655 4.009682071 13.440340114 8.930865700 7.962457339 2.771135412 -1.883261158 3.517287497 10.329488116 5.278370778 4.584570690 6.112857044 2.369876859 5.021844580 2.549983189 8.765308096 8.071626000 6.323160451 1.577006365
-3.661331421 20.678621126 28.461570215 -0.380576110 0.581617129 -0.563246580 -0.446807150 9.735038983 2.593506890 8.903360519 7.989901819 6.464242977 6.531178552 2.943543903 6.906980232 7.704151333 1.245372208 0.658102896 2.114962469 5.149990906 3.078149535 7.276976613 5.252980915 5.426835875 2.426869349 5.143584946 1.396806358
-6.572098618 12.719341023 24.512677701 -0.441426712 0.108776001 0.782633819 -0.425199419 1.674109008 1.002314497 2.808790729 0.135826328 3.796674514 5.924263712 3.092937701 6.825276131 2.185104320 5.942937038 -3.999114559 5.302647446 2.215691482 7.764413836 9.094275149 2.823235083 4.944310786 4.322075059 5.283233846 6.190928008
-6.517123851 14.836288366 29.850210961 0.273857820 -0.303117053 0.678480144 -0.610562561 1.918418881 4.532452797 3.022047079 2.237931734 1.893076250 4.528959824 1.310422802 4.393067039 0.682365663 4.196502070 2.569581038 7.549224403 4.045847997 4.031699822 1.358926018 5.128222752 5.008738589 7.484613109 6.506386147 2.641574672
-1.241076476 17.079700022 31.752208654 0.839670578 0.017639552 -0.472831120 -0.266595008 3.025817830 2.292657890 3.923990148 8.272352603 2.884431015 -1.075316686 6.505993506 2.517958707 3.674521628 9.068401055 1.168496806 0.016684365 3.339956618 8.568933634 1.435615585 4.489306428 2.325033741 0.761243202 2.106055974 5.149304512
-0.756453128 18.425451688 27.211846787 0.898352660 -0.094480698 0.239942470 0.355617080 0.962750709 7.603029946 11.061176696 -1.705318890 1.579801554 3.539443588 0.146339998 2.889955427 9.938940740 0.753733285 8.200341968 7.726619212 1.235555868 -0.367260598 -2.113982318 -3.210917417 3.751415072 6.634150932 6.042317379 8.513790895
-6.713461636 28.761043817 30.299761284 0.782895037 0.167334788 0.271670665 0.534106243 4.115935107 -0.919804136 2.842968354 5.677988056 7.595299060 1.595684821 3.633829778 5.871693240 2.543202875 -2.618476990 8.542300837 7.487952536 5.167702454 1.002003683 6.063242113 11.057521996 4.922262457 1.540871059 4.280118445 3.070020785
-13.093233046 23.904499962 33.933183783 -0.242528839 0.497516406 -0.143887279 0.820337516 0.119224686 7.051446979 4.897114495 0.949573654 4.620225287 0.409236616 6.393163905 4.138422070 5.196238841 2.365454446 4.039995458 2.253007750 9.145528273 2.330122252 3.626717264 6.996343776 2.927946003 6.455513500 -5.219879185 9.662116402
-5.363118585 20.306641188 31.992319572 0.587273588 -0.707312704 0.325589517 0.220929712 2.812373596 5.170319606 9.925562080 11.494908364 0.103700648 2.682677775 7.296581329 4.215872098 10.959473879 3.604639719 8.326651207 3.288299700 0.184514424 2.657043488 0.965434944 1.086237981 5.769974872 -0.446513983 5.715397081 -2.674483240
-14.371880907 12.660183725 27.374123228 0.683305759 -0.307172949 0.651913679 -0.117245786 5.539707197 4.600741162 1.927566279 0.618981321 6.434768886 -1.370419787 6.114647115 1.960021848 4.405424927 2.958719442 1.736748282 4.828950842 5.408427699 -1.679434262 2.316887781 -0.507779784 6.552245018 0.372896072 6.387202683 -2.028161863
-4.154830794 16.906334575 26.834853015 0.069170868 -0.305497765 -0.168335861 0.934638724 4.532322205 6.887237122 1.755617960 5.038529272 -1.222289804 5.199391340 -2.701984768 4.405580443 0.720041477 -1.179071818 5.864564932 5.199898712 8.481187219 1.142217920 4.483175047 -0.489385108 7.007796158 7.789108389 4.784590598 4.409302699
-12.284735618 22.588550882 23.840301795 0.201263677 -0.370984803 0.451539876 -0.786113827 7.660518068 0.913721195 4.014061647 -0.256668918 1.579226142 3.575688342 -2.320665105 1.231965523 6.686030065 5.428747019 1.249325035 0.933091598 6.858812448 -3.342875437 1.113177095 6.709345704 4.231209873 -0.180705090 3.510568102 2.250498510
-13.166040445 22.517096822 24.439264705 -0.335741978 0.215898005 0.840052929 0.367391414 4.174683741 0.898797135 7.632258869 2.595549569 1.924450996 4.022375354 2.190122222 3.870317203 8.297247575 5.160427658 5.636352249 3.953629395 1.204206797 -0.683512448 3.203666483 5.862124924 -5.419285235 4.446439381 3.998134995 5.002162266
-7.290387111 25.585234292 25.701651155 0.464284930 -0.117254154 0.611333701 -0.630049263 5.721441342 2.113343454 5.843777298 -2.669352225 4.853347588 5.418978211 3.316096922 -0.128470236 3.090919092 1.333876564 4.487896564 6.316701696 3.933323209 4.195653624 8.779777665 4.432858023 4.607896730 7.147841611 5.752060283 8.681516750
-0.950673674 23.999588196 25.123667985 -0.381719591 -0.879778778 -0.126831626 0.253363757 3.708187201 3.327771465 1.019286708 6.415775002 3.265899528 8.767656953 2.996132117 7.648619666 3.918376338 0.951832738 0.236631213 6.298146517 6.942855729 -1.100810092 7.995129003 4.464534213 3.377784316 6.399772934 2.015020072 2.916694767
-0.807114052 24.399286923 30.494694201 0.070993526 0.075187844 0.289946568 -0.951439801 3.921419779 9.714382730 10.113958855 4.625227177 10.395187863 6.872351973 0.853885497 1.581003456 1.086668044 -1.665533796 0.177817892 6.086498142 -1.644205281 -2.395308096 2.438300658 3.577702352 5.489789353 0.662691395 8.413694239 -1.289580688
-8.065707365 12.111528865 32.575635624 -0.330906898 0.192656292 0.639036720 0.667095382 3.077124539 -3.775767680 1.807881569 2.292959132 3.527290960 5.639507293 3.707525501 11.369430863 0.194617407 -0.518360466 5.154032343 4.155140895 6.867628661 5.153112480 5.585336243 6.833883899 5.003224771 1.502920429 7.422037938 5.007166316
-8.531938787 19.359441830 37.803858122 -0.379854140 -0.917084302 -0.049664437 0.110456588 2.604944566 4.084966623 5.292518327 12.625622462 1.809133729 8.079365623 2.131848856 2.369846686 2.185251313 7.813740064 3.206770923 7.477968847 9.203651129 9.618815806 4.419950014 4.837279013 4.410724373 7.695333144 7.643702952 6.976463034
-11.626748859 17.797570626 34.065617426 0.064846480 -0.128386821 -0.983555478 0.109226283 1.737464827 7.210908883 7.009437469 2.085039245 7.598028855 8.735206248 2.982064780 2.347552429 8.474685913 1.798621008 1.334190584 2.837884804 2.332676843 0.284823533 7.975112358 2.854874524 2.547946836 1.301590662 6.685965959 6.194145458
-12.378844827 14.951729066 28.415737601 -0.172415150 0.542339439 -0.483106200 0.665394130 3.973259877 0.469502166 2.932263547 -1.167089041 1.911446293 4.111341742 -1.671803210 6.395684142 0.939206360 4.743331142 2.272994291 2.605266992 0.924042267 4.151185308 6.238273932 -0.671093957 5.517156368 7.554219657 4.833461963 4.283537574
-7.920056419 19.324422806 27.584039107 -0.634898062 -0.468065911 0.003313028 -0.614660701 3.222635290 4.133509891 7.364528298 1.982498102 6.147833048 6.458820962 9.518168605 2.614401082 -3.126940821 7.188920077 1.196103082 4.457946155 3.542609671 7.774857420 7.149409079 3.058833654 7.725504272 6.070368279 0.899603519 6.813185014
-5.071309122 22.953014958 22.000104980 -0.655110369 -0.065450623 -0.276411858 -0.700102210 2.837860518 6.073702016 7.031158460 6.195759199 4.806467116 -0.143630011 2.518905599 6.643343789 3.045543890 8.648903915 3.148774731 -0.219061772 -4.635674870 4.643607403 3.146419410 4.484608885 6.194752313 5.267508484 6.568077870 4.573333843
-5.820542423 23.292324256 22.140949461 0.683660423 0.544172908 -0.359783948 0.327169349 0.330194801 4.920726771 6.087512282 3.042951250 2.300790420 3.515927675 5.165434022 5.793451536 3.353224981 6.159572477 11.097987495 2.658942059 8.615535935 3.270815346 6.307548578 2.702928497 9.441364593 3.817389437 -0.124504517 5.681575108
-10.180538834 13.725788971 29.548544015 -0.355983723 -0.860594802 -0.360041239 0.054977109 7.964943567 2.520368135 2.697323931 -3.873548352 5.323583552 3.461969776 1.366379110 1.379090032 6.128512606 4.891924256 3.324929311 4.520666690 2.687248935 5.407072831 6.742933169 9.567289057 5.145821265 6.219085090 7.705325003 2.369303255
-7.838417668 16.848857507 36.273965552 -0.368125062 0.683844418 0.578182940 0.250090460 9.861803358 4.884567093 -0.213536611 8.457385440 8.438821683 5.014093472 9.991097159 2.691097889 5.543804273 1.104185989 5.437688630 3.066907424 6.237671150 5.044916711 -2.361810495 2.009050854 9.699421904 9.173978945 -3.497809286 0.655726837
-5.083406481 18.471130839 35.260649278 -0.723950626 0.209414047 0.278128636 -0.595554960 6.762842312 6.978092030 6.241188293 1.023860912 1.972074840 5.739839184 0.215175101 5.883440953 2.028373461 7.244273544 10.573313944 3.253713422 6.435747583 5.248405634 7.347764229 1.988798680 8.762891647 0.563654101 -0.486625013 8.085755706
-12.769681411 22.471376790 33.401781526 0.197646035 0.672720977 0.393336681 -0.594700586 -1.574180903 5.255260459 5.091954217 2.800341442 6.214067811 3.203105611 2.896018413 6.505859781 5.233812441 0.443367169 9.836326491 4.650866211 5.756382322 3.406092018 6.188807803 5.679910025 1.702782018 1.990196218 0.759539027 1.421374696
-12.091268426 20.473644317 24.330640055 -0.703808515 0.412628831 -0.577680961 -0.025994803 3.262310507 5.062085071 3.433053741 6.601976822 3.977239838 3.951981540 1.733492515 5.822313212 2.950543660 9.132196104 5.670099639 4.246798858 4.058482131 10.137999332 8.577126377 4.502553367 1.765627399 9.616552836 6.601817643 7.680174329
-12.603448022 20.531328390 35.068264051 0.314968430 -0.678849224 -0.390882674 0.535881848 3.390122642 4.934155109 6.746555371 1.940842828 5.995858739 8.336447605 3.315826030 4.844619326 4.911317982 -0.938174137 0.323963826 3.627640404 0.809150636 8.097341836 2.928847801 1.744827174 5.206292399 4.507598051 4.396874608 2.229819399
-2.272250802 21.305423496 30.135821842 -0.537381796 0.598986058 0.160000646 -0.571695987 6.895984065 6.569657218 6.560525670 0.661088225 3.524778455 6.866184038 6.443242703 4.648961182 8.913793084 -1.317267302 2.122173968 3.615859485 2.379468348 1.445860945 4.732696363 7.346800059 1.682106000 6.134939477 4.042313646 7.716142370
-10.049573360 15.667363746 24.408033108 -0.697988233 0.484933620 -0.273445411 0.450421378 2.832097926 4.981143445 -0.013649977 2.219373660 7.867622327 1.305412605 7.258367486 6.216770964 1.249491083 8.467130649 0.519559468 7.216530556 5.122884937 1.699709829 2.094637417 -2.544387653 4.111665731 2.295561492 12.578216906 1.929782725
-18.279538684 19.048643072 29.641020158 0.046163700 0.379917623 -0.764696277 0.518431400 5.140804149 1.959694930 2.507927352 9.072436642 11.525536593 9.612151729 2.034429836 2.236132108 6.798043425 5.413020347 7.160789971 5.603875780 2.587899125 1.963795039 3.054167901 -0.486467628 -0.084595209 5.374624354 1.641824145 6.675094873
-5.631538632 23.598844394 25.527391717 0.510566265 -0.422007624 -0.712258813 -0.232204730 -0.184002171 0.355936762 0.312410196 -0.697167632 5.916629828 3.158717638 8.762556470 -0.207386017 0.086721165 9.708444381 1.288476417 0.870375386 4.797832809 3.346220291 7.255230524 2.749246304 6.116337078 3.769649049 3.557139433 5.096365470
-3.702958252 10.810619662 30.567730642 -0.676859856 0.517512575 -0.519415962 -0.065180741 2.873567930 -0.399112792 8.509850264 4.167405899 1.860616014 1.836655203 6.427071905 4.026044944 4.738106646 1.492628366 2.341451770 0.620318605 2.533468083 11.724344198 5.659905221 8.151421176 5.329344249 4.663272066 1.151623673 5.336424267
-6.115860087 15.083154645 25.900346951 0.004813563 -0.217716683 0.888704067 -0.403461717 3.892255551 -2.246541548 5.197098015 8.471071647 3.115446982 6.684390202 4.540343219 7.984012167 6.591039091 3.529457532 4.581827148 4.680137086 7.426925781 1.173637927 5.226224105 -0.048835842 -0.762213267 6.047973874 4.487350961 4.355931611
-13.770923152 10.701934793 29.456751252 -0.009668403 0.891086020 0.376219231 0.253636191 1.474362234 -3.023492247 0.409597879 1.241539958 -1.055031630 5.562261124 6.460384547 3.724528041 2.181131151 0.856900662 -2.938752937 12.832282057 9.022995121 5.297508730 7.349034841 -1.080699501 0.486943691 8.501220408 0.444267316 3.388938855
-2.919594205 15.998720865 23.153717664 0.003757943 -0.835383962 0.246358286 -0.491352326 12.428228203 3.612020156 -0.545635961 6.169310684 3.623393996 2.560913545 9.699307436 1.213438167 2.890316049 -0.950839658 -0.768479705 6.319140986 4.542496979 -1.008109140 6.453067804 1.901846134 5.918354247 2.769698771 1.966989911 -0.846155483
-10.464042519 11.733095469 32.552591560 -0.001905569 -0.889573271 -0.170406533 -0.423812905 3.291458794 9.538126038 1.357262715 0.298552304 4.541686409 4.863738543 -0.363962445 8.057414031 3.225103131 5.454778430 2.950706838 6.987901425 1.741113973 5.272420033 -0.161201728 1.964719162 6.329890018 -0.670593226 1.897648714 2.070428694
-12.732049288 20.601445379 26.103008974 -0.778714514 -0.266855839 -0.272399336 0.498186981 7.414626542 3.391149610 6.249497554 6.327781583 5.801758252 9.003997242 5.389541885 3.379153315 2.895550991 -0.019037872 3.472609883 6.053778510 7.063339113 8.564413150 7.226701519 2.197134351 2.138441877 4.455163264 4.118969084 6.046030532
-7.619148136 27.411063726 30.820435369 -0.500952338 -0.172804526 -0.057441146 0.846100388 5.534319477 11.699366906 6.439089013 9.270619581 5.461328809 5.451373392 8.215007715 1.940950631 2.854644743 9.867161577 6.727188339 11.035640456 4.534468096 3.263545985 3.475278664 1.844714936 1.073178302 5.280472872 5.939416788 4.866599017
-5.895301647 16.325754781 20.914732812 -0.432911079 0.599036051 -0.395874583 -0.545001947 3.055637521 2.640849962 6.439927834 5.073456283 6.373297206 4.899591788 7.523168561 0.371076907 4.136972968 -0.151909010 -4.250717250 1.493173864 7.342368425 3.797833573 -0.904663181 4.316957923 9.367686716 4.290393456 7.151211319 3.088898714
-8.091972435 13.465784259 31.683233284 0.493295412 -0.225937980 0.359320031 0.759276485 1.404645671 3.809984668 6.020082959 3.788094264 3.951032566 10.135204471 -1.568538788 8.071442116 7.433820083 4.396905443 6.270889871 5.013118877 5.761109545 4.743143377 6.646133052 3.322125809 3.505510771 2.166590825 8.051858272 0.662632548
-15.605141094 13.305076005 31.268519966 0.339485434 -0.513068470 0.484568555 -0.621855048 5.883424957 -0.040064260 0.340150735 0.211530178 4.638935419 8.448762721 1.157581243 8.191543133 5.492794281 5.419257445 6.554392191 1.341189992 4.069006903 8.025198722 1.115932463 2.795432343 2.064639534 -1.414526284 2.677602801 3.771529575
-12.035733951 11.875500876 32.672462853 0.619128573 0.658183936 -0.311532828 -0.293974512 3.775146058 7.557602799 6.171879443 5.335838473 -0.723566239 1.663803715 1.395219989 1.741684121 6.034034138 -1.939877952 11.571022463 4.973912875 5.430765635 7.840250089 0.757237880 3.925210225 5.359966200 2.591758236 5.999743662 7.713577447
-17.990129804 22.116190374 30.659518923 -0.043400138 0.435588336 0.598198711 0.671220926 1.268731981 9.926357368 1.157144523 6.952424412 -1.942021659 4.597390146 1.873643080 2.607565783 3.611135598 6.021725333 3.384942591 4.550790654 5.161626199 6.183869029 2.280183385 1.653451043 2.837146047 4.054881876 0.555278190 5.996627011
-1.681553089 20.812753285 31.246685585 0.918030643 0.186512302 0.103829647 -0.334144138 4.197984724 2.892961935 4.440335948 9.347955713 7.331918034 -1.070069768 1.686292315 6.085134895 -3.065261078 -0.086949397 1.596425212 7.010026344 0.782540494 -1.828894629 4.011062149 3.428617685 3.495053218 7.136047701 3.915566209 2.654570923
-10.978144322 23.712724963 22.635173310 -0.811182028 0.263126266 0.278007001 0.442109028 3.086141850 3.440500035 0.075694677 4.436670218 0.793735746 3.402194150 1.447045900 0.679826552 -2.533016236 5.389570825 0.774118759 2.199698450 1.652597639 -1.334874065 -0.529938734 2.025897390 6.335248822 1.697475414 -0.096781122 7.946918944
-9.855222746 10.716661505 27.910155736 0.327377492 0.068846144 0.910915312 0.241490125 8.737116535 3.962360156 0.599099475 1.943484861 8.678083590 3.494865005 3.687405000 1.502568886 1.023848559 3.872723274 11.407467730 1.898476197 1.264117654 0.445089619 4.605387805 6.695648252 2.768555119 7.240183106 2.457799839 3.229005112
-5.967653471 22.934135617 28.053876446 0.164176978 -0.221032037 -0.547649237 0.790108266 2.738729496 0.218604103 8.172498773 0.847082319 7.904128186 2.041018732 6.104388076 7.921387578 5.608764583 2.095399054 13.084884099 1.172697041 -5.085797879 5.566666163 3.564653886 4.319098857 4.915926232 -1.913560845 6.960252912 -0.416845045
-8.933187394 24.028347370 33.800542865 0.082300611 -0.903737122 -0.385860027 0.166126047 4.992729460 5.690842478 0.525143725 4.093095170 -0.043644731 6.638207846 4.601314107 0.469683550 6.703758416 7.404329178 3.103689632 7.524271870 4.325424758 3.418054817 4.505640465 5.948055219 2.231060796 5.257164034 1.059816921 2.472953600
-7.348129758 23.937331402 27.058520375 0.620672727 0.144105985 -0.586498016 -0.500018909 3.278631174 12.289980620 4.945551528 1.811518204 3.936525306 1.650287872 1.154221411 7.208865107 8.424692321 5.230761507 1.369548089 2.042125466 7.747321192 8.484200724 -3.822287861 4.462619126 3.486418416 4.440313960 4.331761723 3.472952800
-10.465833701 11.535108407 28.401855660 -0.647903933 0.337191738 0.681334144 0.048020933 3.699778791 -0.077212054 -0.294112709 7.137078535 1.858574930 3.240296601 3.586049412 -0.324997947 5.740689999 7.816365865 5.811782633 2.483388988 4.470027394 8.327971182 6.197359442 1.682747153 2.654848850 4.716178578 9.132508494 1.279134717
-2.877407832 14.222401463 35.213362038 -0.158904617 -0.143387348 -0.862304802 0.458933350 7.872765329 2.881145757 4.382902347 1.868216600 0.407635213 3.884408928 3.214343739 3.521107665 9.508172263 3.229921781 1.668327510 2.961850560 4.991008417 -1.843228576 -2.866394045 6.855914283 -0.105104119 1.819640225 5.941072367 9.135946418
-7.030046360 10.372295832 32.921765566 -0.812243890 0.002157367 -0.411571116 0.413357503 4.687182879 5.550551955 3.344441852 1.842411849 1.503367792 6.835512551 3.779217908 3.993325811 3.544498202 1.101571643 5.623849847 2.124364698 6.302360307 7.180088114 3.470270477 4.919767736 3.908214048 6.413588751 1.299149799 2.762150218
-7.923329057 21.680423082 25.629758221 -0.646409285 0.048643774 0.000575920 0.761438434 8.788944973 8.468509173 -0.069870911 -3.014812373 2.004880242 1.056534930 7.411770646 0.433241729 -3.255292137 1.943448070 1.631255886 1.605203010 4.356872171 2.321663615 4.578003257 5.028849178 1.387762320 1.102593886 4.279821787 3.654994634
-9.488626065 13.052517534 31.533309389 0.506517626 -0.407579670 0.740100705 -0.171958290 2.290869829 5.386649419 1.103502192 5.400831303 0.893377999 7.394653133 0.303869496 4.682343698 6.613732976 5.917377616 5.348067807 4.011193887 6.126931361 7.099434860 -3.818289567 3.480069846 3.297649207 8.539950979 4.505903578 6.149796076
-1.642332524 14.292722114 25.429458846 0.099377535 0.931664031 -0.239061692 -0.254903408 6.595185420 5.235868358 5.081259612 2.751089236 0.808479154 5.633317553 4.114480114 4.202949711 12.430651518 4.823718642 3.401923959 4.970589387 -1.253183870 0.166643526 -1.235199988 -1.196403687 7.421924813 -1.538628301 -5.206746713 2.265060310
-4.800980295 22.834323143 21.636230154 -0.654951727 -0.386095335 0.300938096 0.575677765 7.121106420 4.519141641 6.413935198 4.712104254 7.567671781 5.878744037 3.321816236 3.710885813 0.838870734 6.516538376 6.367362452 2.493729676 8.932728017 7.379311407 3.409665832 0.778457923 -0.279519763 8.034571121 6.013347429 2.964826805
-6.090419241 14.130457949 20.971649572 0.757564234 0.515680555 -0.399541835 -0.023158559 6.008168847 5.438850521 1.556447156 -2.034598322 7.241484655 3.973486014 3.839816278 4.859956086 3.844558429 2.311477123 3.427441884 5.578696172 10.116834330 3.458078314 11.938331505 2.670514750 0.696740855 4.384387029 1.615350597 1.090848848
-11.986779799 20.492239550 25.376961711 0.283482004 -0.264616638 0.917896784 -0.084151540 2.260887922 1.678647939 3.385252847 4.958118249 2.808293776 7.388772658 2.831006466 2.286850653 0.532774472 1.215755416 2.007227032 3.167941244 3.126196131 4.654273602 3.810635808 4.110501549 8.395176084 4.395450873 5.251154727 -1.766796633
-10.000683516 18.754913554 25.099608556 0.246772122 0.945177827 -0.104234373 0.186755429 -2.556675383 9.183012941 5.421200596 7.752965974 4.852281437 -0.205902582 2.112772523 -0.730642621 8.360491742 -0.348340136 2.748523969 4.061248901 1.106255957 6.255623602 0.495249089 2.477832122 7.007713313 5.621796555 4.909871517 1.451532969
-14.054779081 21.173926847 31.813125306 0.508027152 -0.847517484 0.153587699 -0.005774662 2.491623545 -1.951024509 1.802895878 5.235793900 2.134197563 4.903593127 1.094097631 8.986855912 3.322681722 2.974383789 4.516288933 2.781596461 6.318760733 2.868571760 0.843298575 2.634964789 9.655503486 4.239454880 3.488151189 5.361405630
-12.847304501 28.040497064 29.271793190 -0.013087214 0.768017548 0.617074503 0.170870794 6.784065387 2.810002433 6.095082458 -1.924507507 5.222643756 4.176944306 1.160398456 5.386942696 2.469277263 -0.050331401 3.754043064 8.623810085 2.429889492 7.172928387 1.819653598 5.261732538 4.539310391 4.566565954 5.105484071 3.993434949
-2.341039474 16.389739359 23.067979417 0.428082333 -0.215391832 -0.536520413 -0.694620559 2.001396973 0.785878243 0.097823399 9.193963857 7.878119312 2.565431095 7.061071571 5.767871622 9.719648557 2.974559405 4.631305226 1.544823364 5.766399968 6.053936588 4.158721185 1.466746318 4.325875755 -0.532659839 6.985891384 5.138361654
-7.219429341 26.411610251 33.437233337 -0.949703585 -0.166723950 0.250588861 -0.086437544 0.127232332 2.945858907 6.924641666 6.923894994 3.891072769 8.246006278 7.124870977 0.882620359 -0.031692972 4.183564072 9.485200355 -1.697941113 6.022777366 8.436985444 3.261003396 7.953476299 3.197510343 4.150490925 2.049533736 3.857100011
-16.008351401 18.942413706 28.318787395 -0.377078658 0.012859772 0.907229606 -0.185959015 1.185848457 3.493554786 4.554656558 7.018745926 4.905794266 3.729888448 4.836543971 3.726521052 2.161424562 7.831170400 -1.782565165 11.569205630 0.041656695 -0.186005295 4.297404822 7.011836346 5.552022558 7.040816518 8.455787991 2.653085416
-4.569808271 12.625732104 28.419305741 0.402231577 -0.663933436 0.540038692 0.325208183 3.694914413 9.767408078 7.896666138 7.453834464 7.024454737 11.107322310 3.284542744 1.258475820 2.727211002 4.723365172 8.771107068 -0.341119066 5.507450128 2.869215864 6.732076764 -1.089820963 1.609581322 3.026621266 2.485332444 3.788586575
-16.606880951 18.416240713 27.863928459 -0.360809368 0.339299908 0.693535941 0.523163522 7.372702314 7.980511132 1.816808909 11.238397013 1.596193953 3.658873168 10.070676995 2.858637352 0.720364257 6.281462775 4.384249164 4.883216183 0.421257748 4.677271482 5.431155521 8.159850955 6.039988432 3.506531991 0.832763280 4.158690265
-12.864078108 20.678657573 25.129296657 -0.727150967 -0.163226645 0.462249327 -0.480556025 7.399708575 5.375011474 3.632119974 3.678714155 6.721376433 1.586815289 -1.880212077 10.021662186 3.072924225 2.242628314 0.602592550 0.483305493 2.987422752 3.926832745 2.679430227 5.880589417 1.912295198 5.117841335 5.831796962 0.359642204
-3.535439904 22.413125484 25.817455947 -0.993438296 0.098918942 -0.021840707 -0.053088399 -2.391098625 0.995437300 4.243208074 2.236223060 4.544097675 4.948921792 3.571798319 2.998201085 6.367628152 4.088552549 2.380221509 -0.073729436 9.550059864 3.502563607 0.117590986 7.971365783 1.918771675 2.996633995 -0.762137963 7.263324736
-6.698838369 19.229120811 35.506888350 0.110628153 -0.357582256 0.472356547 0.797982227 2.838610235 5.652683678 8.177820527 5.471048461 5.847967576 3.224098859 1.849203947 6.431908962 6.331854438 2.574511629 4.413477656 1.705363661 2.680901906 0.289939966 5.368210855 3.146297010 -1.686442734 6.217526137 5.599846672 4.487279495
-0.245686637 22.246624342 27.565891957 -0.355069802 0.809230970 0.169827573 0.436152804 5.978085910 1.773555997 2.227088214 6.441386410 4.746452020 1.573094065 3.618816327 4.817538497 0.312872534 -0.095037632 6.546271698 1.659535926 7.375373166 0.320859530 7.605511010 5.451133005 4.074524256 -2.809177017 0.832894152 2.180711525
-3.262981007 26.763347890 27.754654992 -0.687621104 -0.519158325 -0.301271103 -0.408518756 3.467255174 4.783229833 0.706059802 7.699832742 5.675189924 5.756427393 6.780367386 14.401744894 1.480179829 2.105619829 4.881093196 6.516307844 8.669171616 -1.729553049 6.785178624 1.689403395 3.130720556 -2.810049389 1.356848872 7.519174976
-1.561043466 25.967458102 27.608993229 -0.189831225 -0.105125166 -0.901677128 -0.374020270 -1.551696422 2.193147111 6.634377618 4.696158502 3.868544363 4.457850445 2.877475870 6.115378491 6.728327685 7.000402622 4.306332789 -0.729177687 5.416502729 4.921560469 9.657810468 8.953778223 6.603585522 -0.132060110 2.052308914 7.049815142
-10.632284542 21.019694340 23.052234366 0.865042167 -0.312832529 -0.158110502 -0.358941399 1.251258794 9.053318151 8.745893026 7.844770808 3.974145685 8.986658887 -1.217962659 3.694524059 7.898564767 3.044853578 6.393980263 3.544833033 -2.107240472 5.440320724 6.490794819 6.043014875 -2.756921321 2.170490154 3.437663699 5.083535171
-2.415981478 19.155306625 21.827415354 -0.346044518 -0.226192100 -0.557839468 -0.719656482 3.026679452 6.212661141 1.749746895 4.639263500 0.421972002 7.398569768 4.179360981 1.985855946 2.890984728 7.647761569 7.932161925 7.186466898 1.528308560 5.592253053 5.657464125 5.934078684 3.181700802 4.124113394 2.044106677 2.175319241
-9.491926674 18.729989063 34.980413288 -0.337975753 -0.223315308 0.913917220 0.025651112 7.346183708 5.770338920 -0.177612369 5.006647105 0.363139801 5.304864096 -0.032933490 0.418767937 6.154035140 -3.409566920 4.801562398 6.942014390 1.790489617 1.685579598 2.193013462 5.187963918 5.665499089 2.740618908 6.922761623 4.164384506
-9.814012952 24.925854029 21.783050860 -0.776935730 0.371953095 0.092317290 0.499499034 3.846372505 1.098451123 4.406588780 4.582057202 7.224148714 1.645216666 4.057159278 1.999491217 4.134529422 3.250208149 9.058541477 10.561994954 5.014772068 3.522140837 6.610408441 0.066608392 9.723534057 8.658794463 2.481360645 5.046984379
-1.228518853 16.040100617 25.689357668 -0.622601452 0.720386018 0.253133036 -0.171274876 6.999550299 4.290514837 6.880161167 3.702025608 5.264352195 4.161816692 4.599507440 -0.332439193 6.022909419 2.847896998 6.817315951 9.404176782 3.114911434 2.160017838 1.759681033 7.725229930 5.231471495 2.648236694 4.953970390 0.065578304
-0.967180515 24.204541552 31.711356880 -0.675941838 -0.707705566 -0.008620497 -0.205380501 3.711141377 1.602456876 10.730631362 3.859277213 1.093187819 2.537194048 2.987095915 6.816596885 0.853494160 3.819740303 4.811623380 3.924034450 4.416711266 3.493766564 -0.132613616 -0.649145503 9.579257544 2.243043109 7.462740226 5.601585241
-10.480659998 17.624063952 19.965331367 0.974888281 -0.003944587 0.126297760 -0.183374357 3.334716991 5.095090073 3.984381403 4.192389068 1.783395932 7.523517485 2.589714708 2.727001235 -0.132277162 5.240344182 4.573036809 -2.170400708 8.293005144 0.333058812 3.100892696 -1.913095211 5.316516200 -0.096402346 -0.216048584 1.508022462
-1.608884156 14.834318336 29.821008216 -0.381829827 0.226112170 -0.081323821 -0.892449274 4.358649036 1.703277687 9.089140258 3.985864762 8.430043345 7.845298318 5.653058641 5.411852751 2.561499039 9.849733300 -0.482354452 6.628744969 0.913358500 4.400531020 2.831336168 2.005777392 0.220330444 7.426042211 7.225998431 0.121992342
-4.666125942 11.602118234 32.902976924 0.640106808 0.455783722 -0.485059518 0.383720911 0.437560379 4.230124415 3.283955653 5.525794605 7.117005120 1.845710079 8.364895639 7.312242865 6.347711520 6.741709700 4.240608857 3.052210129 6.516992605 1.546956945 3.997067270 2.028079747 -0.322490274 2.529723907 4.468849205 1.661312576
-17.888586730 20.839086073 31.371928171 0.663986120 0.671446184 0.327646316 -0.030501576 4.047980058 5.746944638 4.966729791 4.862995125 5.555152868 0.720158841 4.119656310 7.167921276 2.184851326 2.155324654 6.402229370 9.618733337 4.226492880 3.292377219 9.455866012 7.786857325 6.450526167 -2.539748442 7.919551841 9.638301652
-8.902318946 16.428591839 36.526799457 -0.770590019 0.163524728 -0.200943690 0.582299166 5.799256740 6.331486225 9.559441867 6.741550487 3.601812780 2.927767810 2.757262763 5.662470093 7.909939862 7.173749408 1.351916308 2.130188877 -1.833125195 6.338248867 3.430080613 6.401247416 2.671285065 6.598770942 7.757847745 1.526702621
-5.458176142 24.757090605 35.664173949 -0.211627187 -0.265094032 -0.147614322 -0.929058179 4.741492011 2.123312784 4.148915558 5.022418067 6.832245922 5.879716709 4.321997373 4.873417820 2.237045243 -0.769344079 5.022960916 5.666469753 4.516220139 1.458607981 7.317037707 7.323284984 2.037028959 -0.983279317 4.526939448 -0.331525210
-4.139400001 23.260740438 24.115201947 -0.862256959 -0.019318784 0.345847585 0.369498538 3.063995844 3.534817672 3.743523575 6.007368390 7.712776420 3.409154683 5.763571991 5.131831557 4.827288767 0.974041861 3.880322321 3.427354955 2.517244614 7.783204485 8.147849653 6.672547169 1.352040777 2.452741340 -0.292323653 2.714432031
-8.157083097 10.886743518 29.027935979 -0.914596587 -0.080009739 -0.376029086 0.125354105 0.601538519 3.234039949 -4.318366700 6.545290128 -3.241795162 4.237973103 2.812621883 4.187432703 4.820159841 5.186040496 4.886953229 9.941570935 5.674048306 -1.173483455 8.541859945 -0.837482135 -0.570372961 3.014681774 4.687709370 0.517134309
-12.508382055 24.976515643 21.728880415 -0.729368070 0.298670234 -0.360054736 0.499178223 1.955116391 2.487290267 2.926911273 -2.700282375 3.734035129 3.416083432 4.310413740 6.195433463 5.104619224 6.517527477 7.207685744 6.372107357 2.017247213 9.077061016 2.278318505 -1.484991458 1.084500656 2.421961410 6.460264642 4.369671346
-16.419194327 14.517989814 28.975092268 0.216029327 -0.393148975 -0.889084883 0.091067474 2.499799464 3.829078849 3.267814602 5.689168522 2.286269243 1.026347427 9.349159544 -2.046757236 1.662689273 2.778099528 7.686309629 -2.088844116 5.915307314 5.796905080 3.592734121 -0.931067548 5.815451854 -1.441674400 -0.115740491 10.140105937
-4.206630731 17.937864254 27.840423737 -0.392159434 0.652778462 -0.216245365 -0.611006711 0.734240554 4.314242268 10.705367627 3.845360469 5.946471369 3.040974259 6.670325999 6.084400367 5.789539333 5.248258270 5.810776836 8.347120393 11.620060206 3.359789515 1.343359299 1.865151418 0.549846355 3.357645161 2.696054130 0.756217516
-12.878616121 14.745882647 35.954537038 -0.415032436 0.760137739 -0.016339347 0.499671613 0.639646888 2.495241540 6.334114498 6.068713555 5.557678253 5.772988890 7.356136402 1.289947179 -0.347004767 2.882445728 1.977479260 6.119945309 -2.342293633 -1.328791493 8.153354834 1.675028029 4.047731361 4.024628884 12.324121985 2.646681499
-16.840526320 21.736259601 27.772395646 0.084792943 -0.207125087 -0.456553348 -0.861085591 6.481649272 0.415934293 4.160982852 2.593778035 2.491871402 8.017169045 5.340232780 3.595047001 7.363722205 4.860264782 1.676907408 -2.252841196 1.292973375 4.744972122 4.089428706 1.601028971 4.920443234 2.922165644 4.628455847 3.156678329
-13.020667644 22.367038534 21.532329187 0.075791177 0.779501125 -0.621052297 -0.030458799 8.436987151 -1.013983185 1.246771005 5.032062004 2.860086463 4.114400448 5.290264921 3.474827739 5.880242840 9.816091862 4.241876942 5.777564363 5.040368550 5.383675892 2.446043469 4.764605571 7.036126901 3.280849790 4.167769906 4.531768297
-7.140565526 9.650748634 29.639688528 0.069622824 -0.544161902 -0.694619393 -0.465343299 7.692365469 1.666188909 6.762930803 3.985813826 1.179856187 1.927003731 6.597944671 1.247382707 0.099616543 5.270643148 5.476909892 8.061072254 1.719326770 3.478789469 4.278215338 6.971640026 4.087498076 1.042580502 3.730446536 2.469535688
-12.892808159 26.110902126 27.757258526 -0.638298298 0.650743500 0.052534735 0.407858164 4.156059216 6.279978804 2.589339448 6.313678999 -5.117246986 6.529467787 6.123319626 -2.674758143 10.608378277 0.574812474 1.673247620 3.102765367 6.946410695 3.006870744 3.746280364 2.700660808 -1.180720419 4.938594461 1.253218655 11.877538177
-8.466746992 14.012713649 21.356356234 -0.863850049 -0.021004182 -0.242495964 -0.441041522 2.206948590 -2.796670260 6.851985192 2.550341757 0.676150651 1.711328500 4.599604850 5.071780207 5.137100845 3.473817954 6.974337777 0.054905466 2.285330833 -0.362299999 2.847972111 0.217502147 2.622473921 3.792450637 0.686062813 5.566999506
-6.851410573 25.783663720 35.577793125 -0.296684268 0.761898517 -0.289712169 0.497549950 8.222628075 5.190801411 7.873464407 -0.520229561 3.131798589 2.786367555 5.311628309 0.577457631 4.768754528 3.288962044 1.745640713 8.302121130 3.254216512 1.042626568 7.000163774 7.114015808 4.113778242 0.494207729 1.008457745 4.120013566
-6.708871213 25.615085516 36.062694841 0.447333532 0.089904844 0.695002462 0.555681031 4.908007178 0.956082539 2.229275692 3.760026311 3.280415964 -0.497566934 -0.841646466 5.117985291 1.194009365 2.161000293 7.776967306 5.060702840 6.948197709 6.279268497 2.489832726 4.030878267 6.812504722 1.896163405 6.707263042 3.131910750
-12.834084008 20.323504654 31.921807012 0.820164103 -0.035189130 -0.424900975 0.381512426 4.169919855 5.862315351 4.390827107 -0.707869578 12.037122173 4.046436301 4.137287566 5.455131746 3.840853194 7.161415779 3.221860896 4.653138002 2.282913213 5.013438618 1.555906561 5.776355587 0.748245093 -1.642452811 6.237646246 2.269127711
-12.119137061 14.809443796 20.629309623 0.657389937 0.395536938 -0.305802059 0.563803247 3.294693942 6.017541787 1.244868497 4.819283421 5.680448963 0.851916691 10.615328666 3.856323443 6.945677686 4.713364135 5.134500768 6.271335559 2.907366671 -0.494762841 3.327251729 1.548773757 2.899227703 4.384660570 2.195379049 -0.427073621
-2.236279206 15.327858134 32.480221514 -0.514266369 0.308248054 -0.619970749 0.506112150 4.733197908 4.094325910 5.032758621 6.047105763 3.339909904 1.242739907 6.872214798 3.273690115 5.358710617 3.826122171 5.062875917 4.891442633 5.548766518 3.000416060 7.096916388 3.084102295 -1.561377687 8.298687689 2.003175567 8.213171902
-2.996192840 19.656349190 31.989190137 -0.000882520 -0.012928439 -0.830525185 0.556830309 9.772753140 -2.174315176 3.272648331 0.994488960 8.801109085 5.467746759 -1.704726048 5.589959751 2.028577666 4.044320734 4.854825602 4.979009413 5.822482489 3.664567316 3.195847556 2.143839831 5.096799371 5.888941246 7.732782118 3.422678283
-8.850192903 21.209538543 22.149363942 -0.502340335 -0.279140641 0.762213057 0.297936144 8.602305740 5.557561400 3.065677049 6.791786915 3.377499148 11.038903990 3.183636668 7.521165388 4.937050712 4.891845907 -0.483231224 2.901976401 7.115329299 5.880323037 2.798688303 6.504160678 -0.274887202 3.624467292 -0.681018270 5.073671113
-11.587317402 24.933025196 29.059394578 0.663260112 0.086122989 0.739148261 -0.079553144 7.603654476 0.144450205 5.344218221 8.692415589 2.359669310 9.789814486 7.318779539 3.095651773 8.055473162 8.043392749 -0.441744385 -0.669134196 3.552251882 1.676371658 -0.367327501 -1.058301118 8.986306161 6.097200598 3.118985405 7.638869870
-3.837663154 12.658193260 24.058256998 0.257555433 0.938083152 0.080424131 0.217249068 2.356330079 4.794034656 7.318050365 4.168336020 7.402212183 2.579232753 5.372346143 7.071640703 1.151828314 3.270484708 4.518589913 8.501334355 0.774333115 3.586528916 0.439502973 13.125634146 7.608101662 4.978872384 9.300914135 3.392844896
-10.173244320 17.714088054 38.156450519 -0.120333254 0.123379462 0.712257577 -0.680431157 11.126820252 3.879928903 -0.609657154 5.077210698 6.661639210 -0.517005552 6.791919496 -4.959870204 3.027495597 2.735412192 3.821288698 -1.626526174 6.798516175 9.793459252 6.838227436 2.037764371 7.785440216 2.808449574 5.478980946 5.988856914
-9.405073617 23.886914686 32.416232763 -0.579506176 0.086509981 0.765185404 -0.266795638 1.771561056 8.613840930 6.195962872 6.160518240 7.711945513 3.935489613 4.856250300 4.059387372 1.053227493 5.843528539 9.231065326 5.923420772 0.887799769 4.849294947 0.580857216 7.281259128 3.616786891 4.755724322 6.654333265 7.699309378
-2.445714764 15.965680802 22.002994230 -0.171962566 -0.128525954 0.369427562 -0.904120142 3.798825880 7.778036699 3.916786830 4.235017737 6.440774653 3.651804901 5.174414823 7.849001851 3.514885128 -0.871415586 -0.587942550 4.086092499 2.947968213 4.400814863 5.669474785 0.127238436 3.330293108 -1.950482137 7.405478962 5.912328347
-11.266144009 16.487208381 22.275689050 0.123707461 0.547271106 -0.524205496 -0.640624226 2.673461313 8.740733725 2.781086619 2.593645043 5.017522605 7.711526708 2.422829965 -0.720284069 1.036504246 3.471853680 9.324481758 1.153252824 4.937594085 8.909540728 -1.060146981 12.585684799 5.756566950 4.166750037 3.731991927 2.614214491
-9.158479465 20.546453280 36.789483125 -0.393090494 -0.489063987 -0.727031954 0.278784536 -1.291937785 2.997028292 3.825211953 3.914492945 -2.104809877 8.032320795 4.303107453 3.818189715 7.057900329 5.190065831 0.773495379 4.544793362 2.663336209 4.854263674 3.840343458 3.145399435 1.872409706 6.683532666 2.057211609 5.754680872
-3.675434521 13.627280439 31.573476097 -0.781671440 0.553949465 0.280681319 0.057859716 1.761926638 8.804380859 4.699145618 2.618140872 2.004703252 0.218222254 5.220544147 -0.561988732 7.585136736 9.402776913 10.497245327 0.536685626 6.390045350 1.908404670 3.847497317 5.324699206 10.440786030 4.505139577 5.665048302 4.061580844
-12.485094372 24.549115887 31.708250858 -0.771648584 -0.327693419 0.082538322 0.538853330 4.237749794 2.193197088 5.020086143 5.257929228 1.118430036 10.908762817 10.148733817 4.858755956 2.095302931 6.467409591 3.576780990 7.044282428 6.093700793 2.800452743 6.858853794 7.264314574 0.762892419 3.602283148 -3.761262552 3.643889061
-12.530644706 23.149710534 22.031841321 0.415761462 -0.346248683 0.804016160 -0.246601440 4.319881121 6.582915288 -1.136774397 6.673127605 3.866296532 6.441214770 4.754177202 0.842426126 5.612423838 0.267662178 8.978239903 10.334876055 6.534586486 -2.185276524 6.939780636 0.697393975 5.191085425 3.684399326 10.065423459 9.312722367
-8.679434046 14.234338265 31.347901257 -0.866734565 -0.112888293 0.130889589 0.467862526 4.201637627 3.956512864 4.248322243 5.161755894 1.475732492 8.823584679 2.842843180 1.408145143 2.847906210 8.605438175 2.512928904 3.651231588 9.630094294 4.476965993 8.381385551 -2.035066405 5.892579944 6.550788236 4.142912696 3.031865857
-14.776039542 20.795881572 21.708290556 -0.561143048 0.398494685 0.024232287 0.725074660 3.757050705 7.080441244 3.801305419 2.373427077 4.760600793 2.514666603 10.618138633 6.078061530 8.839365508 8.434665851 3.983374666 3.117505251 1.633286801 8.911444701 5.052619829 7.674602839 2.680063674 11.115627382 5.799871593 1.856967979
-1.551646379 20.646675802 26.878448608 -0.241956389 -0.940103090 -0.100437789 -0.218118171 5.340652314 7.394871265 4.622268493 -0.037512919 9.189075779 3.656557495 5.269951591 -2.891567195 0.050740346 7.176479750 7.059615300 6.598633626 6.474689804 3.144953361 1.351541086 7.300415307 2.452745464 -1.098603075 7.594149500 4.339101659
-17.653901380 22.182291643 27.591255790 -0.117032300 -0.467674568 -0.800719489 0.355573115 5.750612130 3.194216157 1.449379891 6.003284365 3.956349423 4.831848279 7.054564901 4.564386989 2.239136914 3.403896124 7.063711304 5.106249087 4.922754733 4.300342238 2.981844185 4.235102602 1.412943707 5.614677757 1.035049746 6.912723987
-2.851252141 18.905853255 21.048984959 -0.598828904 -0.148006898 0.568439242 0.544403095 1.280422448 7.407756593 3.376418119 3.541726513 6.050297987 3.272025426 7.861941811 3.902091829 0.035346717 3.050659761 7.966795339 9.497201644 2.620662324 1.451655984 3.223713798 8.722278990 -0.337749445 4.305358063 7.472512627 4.068557140
-5.941239860 18.753815285 22.046806811 -0.710673622 -0.305421255 -0.154853371 -0.614557803 7.978359094 9.535071064 3.953728200 2.670288453 2.919143228 0.817719679 -0.280368001 6.952739351 11.331549976 3.268399561 5.067992261 -3.221155568 5.343437630 7.794529134 2.073076415 -4.406569691 4.120547295 3.120865976 5.487799613 4.012563503
-6.706191452 13.325053576 32.001539869 0.373996244 0.243595478 0.878922135 0.168178277 4.829675142 -2.226471539 4.837072481 8.672625245 0.713097136 6.765767208 3.076750572 5.052296623 4.611278647 5.945072803 3.664208454 6.234261104 2.786289629 3.205994148 2.515027649 5.372712911 1.170208743 1.587961871 5.087282171 5.233129443
-2.184963423 19.415297388 28.408910218 -0.281078010 -0.487259998 -0.563276752 0.605220743 4.898544603 8.954789252 0.718197999 4.160116095 2.604042212 -0.825807546 0.018632687 2.487333457 -0.761141458 4.068137676 1.650039750 4.633217659 4.874766808 6.588444245 -1.419194141 5.817095682 6.634028540 -3.232069584 1.853789317 5.263687379
-5.244217308 10.330370720 32.058828696 0.573157954 0.139719034 0.800900601 0.102600087 7.045135931 1.892941427 0.891023343 5.576958513 7.544108286 4.976194462 1.728081536 3.483127370 1.551823263 4.627368021 6.637749273 6.000697142 5.804426614 2.523336361 4.233226009 6.136740267 4.231956050 3.736121433 5.380534003 6.516774877
-9.232724786 25.599456600 27.321733598 -0.190808875 -0.571121091 -0.702145886 0.380005037 5.607198021 0.395040650 3.020298946 7.677951081 4.838247153 4.468457483 2.296228347 0.961602874 7.765722953 3.020592423 0.590695616 5.641168985 3.994540514 4.230064657 1.421730285 2.983034297 3.587267919 3.953066272 5.483226953 3.073465674
-6.345840144 16.961214406 27.513973989 0.481792722 0.238078742 0.836634880 0.106001710 5.763400371 8.250600742 7.047537860 4.651245738 5.586648383 3.217864046 4.589764020 -0.908888921 4.483762542 9.402502633 2.757222951 -1.020855530 -0.079725680 -0.015258775 0.048194882 7.923928469 5.176472199 5.763047587 1.826220186 8.157925349
-3.717018570 15.566658070 27.575978128 0.733868781 0.024852190 0.050646368 -0.676944552 5.501657183 5.615486969 1.324804114 2.509310883 4.146402475 2.602954414 2.736495330 3.898591293 10.595907088 5.193583332 5.751548621 7.924038183 7.108925934 2.691397652 0.483515519 1.433003874 7.142390728 6.130808493 2.329739630 2.926078741
-5.985699367 26.565258706 34.742688584 0.764848215 -0.317806979 -0.449395681 -0.334737889 6.047854074 2.526746400 3.868576710 6.769201030 4.742353037 1.308034943 -0.323477105 -3.259192350 4.933599259 2.528783140 10.893411128 6.867154702 7.659933101 3.397960789 7.534796784 6.625635860 2.985182485 9.088523126 0.087445479 1.839039252
-3.688954922 24.273003755 22.678958465 0.939260038 0.183291686 -0.171715054 -0.233898866 9.689845066 1.872452908 5.302192303 4.877511733 3.416068225 5.447446748 7.900493251 5.694906681 0.713330933 9.135107224 2.075578922 5.395742860 4.941587232 3.534250566 -0.004721885 5.212059412 5.604793981 3.515773009 -0.171464120 5.555130214
-14.231721305 17.559059568 29.605094550 -0.468628000 -0.087809734 -0.778483003 0.408217421 4.776721560 7.279547331 6.428587935 6.980455359 3.558432638 1.951776148 3.523884843 6.723426826 4.060702218 2.074974848 2.967585772 4.157161789 4.796069320 6.645434347 7.577784319 2.270346150 2.381016863 -1.661486042 6.383510990 4.110936984
-15.358355105 15.149003448 23.739213647 0.910841499 0.372188101 0.169996442 -0.054267768 3.693962332 2.686605024 1.652592218 5.491464583 7.491837556 3.314094654 2.370747239 6.811751041 1.936670023 3.045515293 5.491440677 6.201114108 3.092801737 2.025825739 7.444450150 12.529418331 3.839785529 3.510697437 4.825160839 3.646210686
-16.617774548 24.540261672 29.612358413 0.179953290 0.313131862 0.687900395 -0.629569929 11.129128873 5.421153925 3.141021403 4.982768560 1.388238987 7.953608597 4.859330237 8.565197699 1.468036157 3.114761623 3.234001900 2.721605854 6.760182383 1.213770088 5.520542890 2.250578130 10.116690323 7.639298900 2.272176996 0.326794081
-5.751386650 18.239628002 23.431823417 0.192891565 -0.536563137 -0.564839570 -0.596530891 8.347933463 0.956491643 2.269654099 2.428040092 11.360177031 -0.153718941 8.893054608 0.665686979 1.718239112 3.391096880 9.477069840 -0.912261252 2.479232524 3.794978800 4.467450643 6.127210090 1.247528020 7.300973458 5.996812207 7.825638670
-11.567297579 28.081190886 26.950571464 -0.166470059 0.093747784 0.980593239 0.043999682 3.227529584 4.065053354 6.337135563 2.217886665 10.260199262 6.641200827 4.204402916 1.726656180 3.908342801 13.844997258 8.948487658 0.948573131 4.391813888 5.016045707 4.429216843 6.675102192 4.334857042 5.579426114 7.191423567 -2.373562978
-11.412414130 13.447950004 23.764086493 -0.142773939 0.978606296 -0.021766220 -0.146531743 1.542626407 1.652161335 -1.035989826 4.737891743 3.838591536 3.931901464 2.024002714 3.201646818 10.413684262 6.262452258 3.676361647 2.569745846 6.508585285 2.112386932 3.018815703 6.510925801 3.768962818 3.105954700 1.024936169 2.681801785
-7.206415227 24.049696471 23.163198180 0.502843258 0.636245656 0.342435608 0.474423837 5.730129532 7.678062221 4.402858890 4.426530539 5.264078238 2.923172438 8.577444879 4.222365390 -0.718610953 7.409179410 6.999914385 3.990766061 4.277106690 10.528576246 3.410861962 0.874460774 7.739099590 2.248283059 9.839464824 2.684230089
-13.894606806 15.512593685 21.556911239 0.464511376 0.569030459 -0.677831129 0.031280633 -1.121718111 4.787328965 4.754097575 -0.970364917 2.423603681 0.796858971 3.391178324 0.526287587 3.374295522 6.883252446 1.742780938 11.505207637 5.486051948 2.551548448 6.886978108 5.210426134 1.853396974 2.586790139 0.893970220 4.303033801
-12.956722393 19.397210655 27.847304984 0.686739925 0.293650101 -0.481131098 -0.458988845 1.185142633 2.754755060 3.923796256 4.000482257 4.898867319 6.849880230 0.698608819 5.749626966 4.524537860 4.428168984 3.042193973 1.581535111 3.932857806 6.831454277 1.437431105 6.204262812 2.590356925 4.586772559 -1.623623790 3.636688928
-11.534153942 11.255267774 26.129238262 0.136938516 -0.489862858 -0.157987415 0.846358198 6.071855298 7.367843294 0.602052849 3.907316530 4.900914766 7.576067072 2.494868835 9.253137095 7.382732973 -0.544885267 -0.842166485 7.942590265 -0.611568187 4.527656750 3.525278308 -1.202661093 -1.183016770 2.137053434 -1.041251228 3.325189917
-16.694761472 15.793124081 32.890766433 -0.942538494 -0.195249305 -0.120948843 0.242631972 8.207653525 9.740814935 8.536325699 2.156470774 7.308306535 6.889445975 6.763050879 5.231984586 6.405579979 7.208740338 1.417936201 1.782661327 7.294901972 -0.804928992 6.417746272 9.010600368 3.926777927 -0.522057668 0.902521526 6.510880934
-5.848275244 22.931425270 35.896292932 0.084003069 0.940143570 -0.110947791 -0.311069348 2.583890458 1.840311369 3.046509796 7.715998739 7.041102135 4.927120154 3.010535639 3.871095369 -1.008057573 12.374216432 3.219679589 -0.084534016 8.331336739 -0.859691073 2.925716538 3.097229506 1.541048031 7.975433809 3.493169138 7.685326810
-11.012597783 21.637151955 34.317240764 0.268520437 -0.346102757 -0.787980814 -0.432661408 4.330788632 0.102590942 6.323113850 -2.530740747 2.091068096 0.714019647 0.283542610 1.649636079 7.819805411 5.788936899 8.913980449 10.189327501 6.721060212 4.386783440 5.060758169 -3.629629532 5.145688955 4.206552101 5.803099835 4.969332191
-12.940023529 19.548930227 25.402728000 0.684079763 -0.426091608 -0.589805588 0.051089997 6.946193102 7.709548218 1.401420789 5.284627150 0.237659235 5.838769010 5.347313802 2.974688421 2.455799052 0.117244251 11.220401758 2.873965558 4.003529884 -1.400423492 1.351093239 0.366652728 -1.433097622 2.577610309 1.140813668 2.837574699
-11.820526674 26.573555779 30.936894168 0.629528915 -0.504246036 -0.443515033 -0.390798792 0.535598042 4.160740847 4.584429165 2.814090236 2.235630874 -0.017765299 5.150166870 3.235600274 5.376602323 7.443269256 0.189573650 0.213174701 6.684918478 -0.109647944 5.395524183 0.804347117 -0.293548915 5.689033963 0.865323730 3.172200187
-13.787708448 19.163308110 20.417909683 0.016244909 0.613551243 0.781033388 -0.115229429 5.707658331 -3.515213624 1.512034767 1.992099198 2.762751917 -0.877847534 9.976699088 9.970328544 -0.037805701 6.230838586 2.414297353 -0.567723662 4.770592591 4.957570593 7.212626966 1.389441860 4.451999848 10.636549404 9.203595469 4.518967090
-8.339967702 21.723362712 34.716013563 -0.364846982 -0.322540955 -0.720371237 -0.493881861 2.101916348 8.219483102 3.418799501 4.098389285 9.621733017 2.258242722 8.304829495 4.240031222 2.417287608 -0.369023010 2.192965369 2.126904959 2.613734956 0.739978399 -0.306880300 6.262606099 -1.934478119 2.336643182 5.469552689 3.410912097
-3.510022899 20.907694738 29.002217327 -0.509689979 -0.352357338 0.757628498 0.205084108 0.597184073 5.984879872 3.014504306 5.763651585 2.189158308 3.513517339 6.409554069 3.599555361 1.376944485 9.982390136 0.555493461 0.851200368 2.710915347 1.729998588 4.319040766 1.675068505 0.764008894 2.202193237 1.277818562 10.797933181
-8.591128560 21.910105551 33.055639602 0.873501067 -0.155806527 -0.307309518 -0.343920153 -0.769353209 1.351722525 5.181902522 1.717711722 4.882231119 3.905926834 2.083243533 1.883777461 2.267216585 -1.182095137 5.575443397 4.215673189 8.740453848 4.227677145 3.181610760 -0.217975543 0.584410268 7.881939927 -0.066437753 6.496613195
-4.638257773 13.126247930 33.134788529 0.089739473 0.097827689 -0.968625644 -0.210097433 4.451404200 4.125066003 2.366654565 2.064960762 3.545345054 6.364962920 1.613918603 0.391652663 3.248391587 5.202980196 3.093333385 -1.145606942 1.190000498 3.895409227 4.607240197 4.544574427 -0.240462089 6.375314176 0.693044068 3.811722041
-5.838796850 21.009298287 30.629004352 -0.185830415 -0.551093131 -0.806814460 0.103989640 5.932274456 -2.162007841 -0.575770084 9.181996176 -1.411529726 3.129974267 -0.946775422 0.285317499 1.610069314 0.241039325 -0.638630480 3.293475112 6.383946631 2.445687446 3.828817625 -0.703460397 5.924113811 -0.525510006 1.501637898 -1.255333541
-14.507821432 14.701719206 32.145429435 -0.037469698 -0.770961831 -0.628044836 0.098861320 5.692318935 10.875375820 0.725022210 4.895716161 -0.503674779 2.858351720 3.938049707 5.818276414 5.029856756 -4.671491427 3.439720203 3.697005975 3.277742830 1.028472637 6.123892049 4.551482187 7.445380221 2.104797227 3.635133906 2.130318240
-3.927179932 19.067993832 23.581586701 -0.128497171 -0.244111388 -0.679793986 0.679542673 7.791658693 0.795950019 2.850770831 -0.691873083 7.852151616 0.776587423 -0.007066985 1.351964283 1.811354893 -1.373089004 6.732223498 7.036087032 3.902814131 3.597462787 3.165740422 4.509119080 1.605242431 2.718208347 7.307258635 3.098416133
-14.581662347 19.450816504 26.534805173 0.525688920 0.743603381 0.197154518 -0.363091265 0.964701045 7.777603311 -2.745128091 3.957644713 8.666405241 4.912133493 1.374279315 -0.245122276 -0.729797452 5.569483765 5.665900781 2.041965765 4.433825830 3.159848561 3.624937473 5.420726982 9.032729910 8.591891177 4.337088580 4.433360388
-15.061219304 20.030909196 33.490539160 -0.731239647 -0.221130679 0.639342693 -0.087354000 0.089344336 6.516084548 5.948807885 4.332823344 3.812808315 3.905991642 6.748943587 7.133313160 7.496096546 1.446405840 2.087225086 2.839317471 5.342131385 2.208542456 5.678796892 6.269749439 2.868169718 2.781308130 10.159880583 3.090423941
-1.563121545 26.160304325 29.121103381 -0.355160360 0.005820550 -0.488105771 0.797232711 2.903858619 8.500156066 3.695724043 2.081166572 2.847930363 1.986095044 4.832142668 8.151508529 5.256592528 7.839000222 4.837807868 6.582987111 -2.051507072 5.297350555 -1.539733257 3.014068069 8.399048097 0.618324828 9.203661138 2.378811212
-12.762429892 25.137983380 34.613379716 -0.860572421 -0.465334177 -0.200174515 0.053003548 3.113477928 -0.543390717 2.604846096 5.586462447 2.201374430 4.467514219 -7.554935125 -0.072386263 5.224543718 9.716285071 0.540865910 2.959052476 5.495794535 3.497316403 5.981041903 3.506711167 3.353220097 5.229516655 14.146154631 2.478957844
-8.800572258 14.322474986 34.311896893 0.858902719 0.147705673 0.163451587 -0.462334006 9.764260467 4.118997749 8.711402278 6.355030298 3.669784755 6.334423393 0.779344012 2.964728030 -0.831752899 5.145344524 3.708209956 3.994157920 8.394515588 5.232105428 3.809045001 4.735599294 1.888679678 -2.896810809 1.950267706 0.409183885
-5.488572141 13.285806008 28.384773682 -0.564505438 -0.232963336 0.203930796 -0.765162679 6.325489123 2.621874331 6.591058220 4.235320501 1.630848305 2.865683490 5.290098956 2.758576846 1.672710942 1.048410786 8.666951056 2.411112766 -0.125793937 7.907290708 3.857350954 0.474078507 4.466164187 2.613876298 3.199204127 5.452994724
-6.552579895 16.368458401 21.628199118 0.105053483 -0.265987394 0.086741005 0.954301037 1.630824058 8.511579563 2.119577080 8.307457731 8.942031082 -0.862807023 8.308994907 7.110825123 2.129340779 3.732028453 8.185529433 4.283721129 5.984722410 4.662260062 2.160321381 8.515855445 9.890694797 5.182151352 4.853909988 3.378972134
-7.707293818 26.400132634 34.274286199 0.854174743 0.234572825 -0.393834693 0.245469618 3.261380423 1.531109490 4.797757685 2.228655232 3.996732963 7.501937107 6.266673208 5.948876185 4.465346286 9.754601800 10.008144302 3.842386473 2.728105696 2.855303809 -0.954933707 8.597972903 4.897342785 1.890265551 2.540671413 6.978557355
-10.758031411 11.252436481 31.995728615 0.306043172 0.920947891 -0.193025526 -0.144684848 8.121687345 5.877923995 11.014438982 4.964214542 2.912276391 7.636089854 3.506005995 -0.868705712 9.065097842 2.301661869 4.498417168 2.538776588 0.814653214 0.564436496 5.113641604 7.373408125 2.456411439 5.394447731 2.640626644 1.044066101
-5.769726563 26.789488082 25.771984988 0.356120026 -0.665603154 -0.632828908 0.172274613 -0.753700231 10.904280529 1.412555959 3.073258048 6.496630062 4.287703463 2.844250185 1.990777407 5.099559285 3.630137362 12.561880332 6.821086520 2.760402810 5.673007001 1.155360883 4.441951667 -0.313416857 4.204289105 0.054752870 3.674484040
-12.235393345 24.506454426 23.310625412 0.263358950 0.691950704 -0.538104275 0.402852425 3.791810759 5.396489962 2.710731438 4.015058938 3.179340235 1.912215993 6.306770297 6.095466157 0.740254025 7.557052592 -0.797769673 6.219424516 4.954920887 -1.576872446 4.885113440 10.999814128 1.768296554 1.066697207 4.348877409 6.541269831
