-34.993756192 29.831119939 -0.169042839 -0.373958504 -0.330410232 0.680798220 0.536188305 4.839877354 4.870020549 6.117696105 4.663933757 6.306684520 3.277054720 10.124292040 6.575030839 5.947658154 6.658975608 5.685419009 1.573486446 10.054059366 2.573193580 1.810015529 4.016040099 6.412621463 2.472483782 4.791678806 0.137738670
-27.948685401 22.479031773 -8.292191897 -0.063329415 0.696301016 0.607259307 -0.377346544 0.459210567 6.500899697 10.450631056 3.331359318 5.040333930 6.170160845 3.515698250 -0.182318692 2.448057418 4.806433478 3.723712785 4.272363721 6.047660378 5.329018554 6.190398091 6.346452304 6.947577848 5.379178128 2.873715416 2.035755716
-34.286726322 30.452320152 -7.102728779 0.654899679 -0.627267702 -0.248382156 -0.340511299 3.439166909 -0.521942872 0.375514668 3.552687576 7.781865888 6.397025399 4.435297295 12.012545054 5.081903130 4.776999105 5.821844575 8.799209721 3.829668651 -0.195403853 4.309798855 1.507311166 4.534290003 6.086112357 1.348279479 5.518214717
-35.598254161 33.839083272 -14.314708116 0.764256443 0.329784409 0.530651968 0.159883777 5.180069780 2.971782626 6.812337985 2.738277937 3.474234581 5.641764262 7.649575547 5.936147739 6.431907440 -0.465191964 5.723476102 2.283613284 2.860144876 2.475516391 3.031134021 8.820380667 1.374839958 2.819807156 2.360339142 4.756075880
-34.268884896 21.510090991 -2.052545782 0.735218614 0.662466031 0.033471904 -0.139542035 0.346539563 6.121810731 -1.907120251 4.804889864 0.124736416 1.687724801 4.702603516 5.104246081 0.781876555 2.047682501 7.659005666 0.930707091 4.854787668 8.522908674 8.236512163 1.047061603 4.308514286 1.552428717 1.226980698 -0.856169666
-33.223975115 24.255680503 -2.010710296 -0.597981216 0.674510347 -0.385512810 -0.197063773 5.590844108 0.987657515 -3.108655471 0.839369062 -0.585059929 3.272494385 3.752645646 5.985013147 6.882265011 8.792349821 0.073253929 -2.566703251 -0.886372853 -2.040808968 6.846833078 2.197515569 6.183893626 4.879439565 7.703791064 5.163396891
-27.383883588 29.901392821 -13.444275291 0.642614334 -0.407712457 0.281579617 -0.584405928 4.886135628 3.360424492 0.281128602 2.681293206 1.187132286 2.760792623 1.113032853 5.071293061 0.794004288 12.156331729 7.379247870 4.798160192 5.363642868 5.801501562 6.465733502 5.268121100 -0.215372295 2.247080309 7.946956647 8.399262956
-28.312196264 22.148572483 -10.800325773 0.163077535 0.771213720 -0.516323089 -0.334732108 -1.787269652 4.191864237 1.744861232 4.771858619 2.728939292 3.008663972 3.848396036 4.192669745 4.236389203 2.264761408 3.347853228 1.979779433 7.379151248 4.155395754 6.207405953 1.984404715 8.436861676 5.643028720 8.534926979 4.108301981
-28.459592705 32.058896201 -9.806409532 -0.443999427 -0.839631075 -0.059595359 -0.307136062 2.010584547 2.357972811 8.413507014 0.632332184 4.291077888 1.109635878 2.282919883 2.442236245 2.620149144 -0.111210076 0.206738103 3.324149641 1.272112950 15.667494068 1.607684147 3.829102876 2.940189109 3.916650680 4.955669636 -0.581391367
-35.996338406 32.648988921 -9.240153380 0.017803907 0.816070372 -0.076851894 -0.572543409 2.354775329 5.659344458 0.111343654 4.410179385 1.387087712 3.031010173 4.552914646 9.423605245 5.098557482 2.994719169 1.733174218 6.195400834 4.211083214 9.650111299 7.433422490 -0.154790216 7.596788738 -0.134344698 0.503486823 6.074102939
-36.820534216 30.540245443 -9.195339221 0.733412499 0.675855778 -0.004020554 0.072862255 4.614547226 4.141387174 8.576548130 5.317919605 8.018446847 -1.148658849 3.072996116 3.926307905 1.432703607 1.327929636 5.792371580 0.210343054 9.332782935 7.259369651 2.511901320 0.612961032 2.658272872 8.485247972 4.243699659 5.782033528
-24.978260225 23.877822327 -11.270625440 -0.963657075 0.033769965 0.237651915 -0.117244179 1.721136181 0.180361741 3.854685741 0.800477239 3.474736233 4.528406898 1.730433974 -2.123713678 -2.995195179 -2.466931891 8.921967500 1.241710783 5.852319091 6.392568146 3.769694189 -0.497160692 1.299366390 3.721410289 0.769778338 8.126424446
-31.812492819 27.396210540 -6.119213527 -0.139660887 -0.440584863 -0.270865020 0.844400353 -4.057515006 5.968061450 0.824034667 5.946553215 7.593650212 2.984634893 5.267335990 8.872385708 1.854701888 1.513772906 1.089688102 -0.849719008 2.850154772 4.395769223 3.895891962 12.255097753 4.056397841 6.976313353 1.856513902 -0.109540597
-36.200251242 30.761958777 -11.255486226 0.415825643 -0.037792326 -0.518393176 0.746276953 9.874585998 0.979842575 3.118066651 1.953775836 5.857603851 2.726563803 1.461110243 2.245894696 6.466839731 4.316235219 5.493101519 7.345563260 -0.855934697 3.028308989 7.317106190 8.090379782 5.269548182 6.623034891 0.859581513 5.713679563
-34.133671149 23.129350839 -10.705104871 0.194444079 -0.208928721 -0.018661343 -0.958223379 5.337745315 -4.950542908 4.100079283 4.006264892 10.193797392 3.677877832 -1.438238413 4.051807441 3.718147299 3.903080332 1.057106397 5.281187989 1.409889471 2.162504966 6.951543466 5.720565645 10.213330679 1.403234062 5.278315314 6.885047625
-34.892320327 30.811241508 -0.830777296 0.497279599 -0.665878051 -0.370529250 0.414761976 6.799527953 2.693497084 0.001813707 -4.633454308 4.781766245 4.253831764 5.220541969 0.366633012 5.577024947 -0.351132192 7.394595147 5.532325326 1.240518089 9.725654976 2.663012004 6.536362801 5.588663994 5.486338073 1.072938405 5.934367362
-28.162309462 22.956809884 -5.420608031 0.078823313 0.516007211 0.154855093 -0.838774906 -2.245898217 0.571991580 4.335269905 -4.403654955 5.523954392 4.817089077 7.072145771 1.131176646 4.542561250 2.052289160 5.039647020 -0.070210388 5.825962419 5.556315823 0.778427448 0.812415640 4.840478492 3.116078966 13.124203068 -0.238033217
-40.865657382 28.215031046 -13.999776307 0.696685297 0.716875255 0.006348529 0.026060744 2.732215188 -2.616342684 4.964287100 5.351741971 4.996796408 7.417757927 2.819553964 2.816253282 2.657144961 -0.781843981 6.871844871 6.854311176 8.634880122 2.592223989 1.164401408 3.259833444 2.555488086 -0.244411051 4.728839117 2.021569688
-36.208072166 33.711914799 -12.245820741 -0.898589480 -0.329053818 0.245237557 -0.155303158 7.064573838 4.772719028 0.711295837 11.288618857 4.044950055 7.522046308 4.551139129 0.110579190 5.697455999 4.088555208 3.483181037 2.842789109 5.609316714 0.551831405 5.463602160 2.578643388 5.556623248 4.669156549 0.955422779 2.414988209
-28.866179648 24.991124102 -14.222326326 0.250478255 0.255615033 -0.092189793 0.929205382 7.646424587 -1.987772548 0.392443758 5.876323862 3.058153827 0.754458094 4.594613650 -0.460674423 -0.506681152 5.541403812 2.685530685 3.332458566 4.905484593 1.452110509 5.781600687 0.308657457 5.361613414 4.216343682 3.137228136 2.069244601
-35.589162950 27.867479653 -6.658452290 0.533809567 0.164734592 -0.818365235 0.134863646 5.262466507 11.641794259 1.679865062 3.506754336 0.114530958 10.336042586 4.929523281 0.578499762 -2.793750296 3.887390602 5.917197776 6.030892303 4.514329754 8.390744086 1.022832124 -2.065760229 4.107183946 2.385485092 1.560020571 2.117735122
-27.729892855 28.894030187 -14.556755144 -0.821499185 -0.468887870 0.075559570 -0.315553492 0.096824434 1.496976395 6.358404231 4.311067611 3.038614452 5.575161239 6.440245460 6.288094362 -0.160832329 6.929158537 5.328378631 4.794233939 2.327666216 -0.213056022 -3.123491108 5.078828996 4.771729877 1.837701972 1.526911322 6.978424375
-24.909218784 31.016586439 -10.906737522 0.607785697 0.086064929 -0.640171495 -0.461919724 3.246130130 3.430118362 -1.055720121 6.045361539 5.391829132 5.151329670 7.911920848 6.663956524 4.025659798 -1.506225124 3.716198470 5.150828181 2.233393556 5.046236767 2.668461666 9.333511417 7.860007334 2.938395993 -0.245574273 7.667268654
-38.723659829 29.249762591 -0.356622745 -0.397157573 0.886252368 -0.139287112 -0.193446899 6.501876821 4.364470112 6.658354552 2.717335857 7.858752639 0.072549718 5.895268446 6.023510261 5.635239024 3.532578102 0.508505974 6.832452183 2.774220054 2.250475672 7.381796538 4.449821899 6.120707643 4.695806405 7.549294241 5.987118561
-34.520638370 28.492957553 -14.214458715 0.016312870 -0.376617437 -0.857269054 -0.350689273 6.209547673 0.142632570 7.934928371 4.371398691 3.991070223 3.418791760 5.951886383 4.648854563 10.135558989 0.799897618 3.570060859 2.966416197 5.058274683 1.377315208 0.859420242 4.275265682 6.930044758 3.085220795 0.629805753 1.962183554
-33.107383447 32.512929366 -3.244308286 0.522033619 -0.380572487 -0.562311311 -0.516189377 3.159753624 3.826777020 4.466661448 7.400667057 4.453554639 1.825047073 2.303272750 -2.367836231 4.111180464 -2.476253651 5.640693401 0.077332100 4.261137400 1.821420057 6.609594122 4.793867727 6.934418112 3.087634580 2.398503034 0.785341501
-26.117468238 25.089129730 -1.395120606 -0.403627188 -0.855861182 0.269745439 -0.178393182 -3.176821127 4.434402141 -1.484631839 3.263464704 2.908274187 -0.485192368 1.721072955 7.580181992 6.533453177 5.114065078 3.821537839 6.115590641 -1.749740705 5.362487634 0.329572415 9.015866748 2.046340680 7.796254994 4.872357347 3.538651296
-33.473475094 21.354798340 -2.494800379 -0.790776723 0.234233202 -0.550675406 0.128699570 1.578279916 5.360027027 2.149694639 6.917386095 4.441540113 -0.494795186 10.373561256 5.667368917 7.062850416 4.762556518 1.251964842 -1.035345447 2.796376899 3.632409303 3.088568942 7.670320349 1.752321465 5.406651671 3.493610711 4.393295462
-38.255220548 28.350678848 -11.640368294 -0.144313540 -0.478421178 0.435302003 0.748865105 1.878509869 2.103024990 6.718415672 0.457510905 5.956223408 9.949520305 3.819707428 -0.744093734 1.883846934 4.009559099 6.613031002 1.701596938 -2.466243021 0.367072289 -1.729913540 3.905221566 8.282729348 2.071669758 3.704608191 2.311483053
-37.943246449 26.118212494 -9.738514620 -0.637435240 -0.092596054 0.314994036 0.697051679 1.156684031 1.983052339 3.351874604 5.831634175 4.543971144 1.854696737 5.835203343 4.408004498 3.718767455 4.862545599 9.298504705 2.127628655 4.826024521 2.132134060 4.920922425 1.598886606 -0.154430293 3.587088048 7.229139885 1.683101772
-28.265772817 25.028409502 -6.195189967 0.916079855 0.212243084 0.312950834 0.133462912 10.701002583 9.140853607 6.667651924 1.330453091 2.902512439 7.314898078 9.863494014 3.737551575 8.670852203 5.075016707 8.939413464 8.867068782 2.667887529 1.778325928 -0.655881975 5.902640445 7.466412853 6.904048093 4.766616375 4.595435275
-33.807350090 20.717115659 -8.145450392 0.833360472 -0.305335465 -0.090096098 0.451844300 5.386229934 3.595794823 4.520427582 2.420630496 3.562121793 4.857100482 0.505138888 3.204965567 3.320597726 3.853310489 4.814934928 8.650116758 -0.358750747 1.715375908 -0.016810656 1.394061233 5.478382438 3.034867923 3.269232118 4.247955842
-30.783475169 32.030220763 -15.373034550 -0.715399938 0.234553374 -0.520423575 -0.402923003 3.509546671 6.401414898 6.751137309 10.591686175 5.879538167 4.542035851 1.960937761 1.449758122 7.838016067 7.074249851 4.604874727 5.804345561 4.479185846 1.490908718 1.054729736 10.310579220 -1.100969486 -0.887473184 3.831510276 -0.190853674
-30.535914722 21.681671430 -10.793442895 0.146941783 0.769647900 -0.173463703 0.596624309 4.100544789 1.207742428 8.188061138 1.412699276 2.687014734 6.006419390 8.203480953 5.642496207 1.704179412 2.522214448 7.838096914 6.539969386 5.781940827 2.669191981 6.938938988 1.919181363 3.652503633 6.617337012 7.601706393 7.878759468
-27.930126313 24.391940989 -1.126364174 0.452002959 -0.659027840 -0.382554921 -0.463710432 2.698959697 2.038381511 3.981739900 4.209597073 2.200459481 5.959353665 2.011194293 -0.401324102 7.391504475 3.301056057 1.459747676 6.114842405 3.685177695 2.146547521 3.010931732 -2.331631855 4.135581181 7.112394753 6.598901727 3.615859162
-30.053473992 21.066687189 -8.300661086 0.084933249 0.721493899 0.132058282 -0.674383798 3.105421968 6.726013646 6.492089255 6.477816156 4.232396183 1.900531054 5.094437949 1.103171805 1.801517231 4.983945351 8.473277100 4.268363892 4.334443857 3.775143292 4.680730927 4.510503221 9.148637045 -2.298332702 3.010629966 3.687112254
-30.462679456 24.251617828 -0.127301310 0.026117039 -0.383097684 0.762541136 0.520658314 5.923587183 1.186933874 8.129429789 2.885552997 1.321479890 5.117121609 7.318144439 3.479886724 6.499604034 5.352098261 5.589006983 2.830834311 3.126344316 6.574785852 2.329960973 0.597925159 2.041700158 6.594962981 4.038691203 3.066997325
-36.878079898 29.926699545 -0.001336801 -0.755456523 -0.195233685 -0.546145551 -0.304785641 5.829408969 6.556440295 10.340341635 0.654271111 3.077483552 4.099142955 3.445817339 4.272487379 4.115740309 6.699760482 3.142926541 2.859637262 1.493570829 5.435881015 1.854844258 7.459231282 5.341067872 6.763452154 -1.090771543 1.068497331
-30.549197257 23.506406292 0.220883915 0.688467263 0.440129679 0.523365797 0.241633889 5.365251912 6.510088073 3.569948005 2.774514738 6.024066230 -0.702000362 6.558776182 2.380298166 6.171509006 3.119362508 4.764133146 3.719931750 -1.869772119 1.551465297 0.907834444 -3.059214180 3.607702633 2.186808390 -0.102416416 5.020864803
-39.169586854 32.403242967 -3.574590737 -0.391039980 -0.127684053 0.904302636 0.114110736 3.286877381 -2.235904309 4.767856605 3.971032874 0.267468976 4.064204730 6.351269168 2.374818751 3.184793857 3.850510350 4.650384338 6.503014608 7.463415512 4.194189512 2.151101070 1.611487716 5.335183843 9.915624586 5.984489190 3.412520583
-40.028351645 25.908334106 -15.127117703 -0.178144576 -0.762297062 -0.597143330 -0.174892948 8.035428780 6.810359396 3.439902087 9.280456007 4.957960840 6.260691161 6.679844477 8.339181835 7.638063586 2.232596504 9.685844287 4.589927287 4.912750367 7.718705939 1.315858403 3.444778362 5.247207553 5.834747592 -0.596113942 2.927700890
-25.582236330 23.026801718 -3.516936143 0.336070332 -0.011292680 0.299653955 -0.892825131 12.097109321 3.583913253 -0.776287607 3.108924493 2.368152708 0.993047459 1.503284781 7.236929439 4.285286455 1.006927335 3.022942776 7.947635711 3.645861124 5.091212802 7.632391839 3.248412872 6.166670581 3.860049436 1.253809328 4.138228448
-32.225772581 31.069511491 0.315541269 -0.445980321 0.736087988 -0.505365068 0.062307102 2.423563711 -4.183764846 1.257502495 0.934901462 5.924975848 3.038579966 3.009527743 4.874984665 1.452309690 3.456142585 4.815167651 6.021208296 2.003356027 6.962373744 3.212280323 2.246577477 3.119275345 3.537599888 8.144608646 9.044071982
-26.958528321 34.186308152 -7.935472688 0.160513366 0.357706005 0.788573808 -0.473743837 2.610194006 0.598830233 5.739652489 5.990819035 10.426578804 7.351873021 3.928525292 8.468112255 -0.017684914 6.009213697 9.852729317 0.602235333 6.346123381 3.543010726 0.975281502 1.457740904 5.467058746 4.520124169 4.341404300 4.566728449
-34.471732463 22.404709077 -9.533487222 -0.076779492 -0.975818040 0.160851104 -0.126534518 6.001014258 4.476650800 1.211872149 3.767080225 0.446958605 7.847200976 3.150450911 6.539983511 -0.014744400 7.677511890 4.645171619 1.412280292 -0.165423071 -2.386764445 1.138775196 4.255469075 6.823566062 5.602773884 0.732742697 5.506191237
-31.329555696 26.690644105 -7.773425297 0.719594942 0.200549927 0.269052770 -0.607925533 -0.892004097 7.476756616 5.907221176 5.553637364 3.732603981 8.510835870 5.713934255 2.778805030 1.156903305 5.516478329 0.583992300 2.051421108 -1.635284746 5.831780223 3.875514680 4.202298564 6.264899646 7.641398309 -0.102716769 10.158381959
-28.700105187 31.895255761 -5.788639751 -0.478380773 0.712554476 0.148065875 -0.491420849 1.200379026 5.011448611 7.900960488 0.736798552 7.312276034 3.404028436 4.240856506 4.405390330 9.624778164 3.068662103 6.751227510 4.234574884 3.271654431 4.056039484 3.589619225 7.278080164 8.101897866 5.660570383 0.139556569 9.180736209
-41.725045081 27.661760212 -10.153502787 0.484576159 -0.307974013 0.025967940 -0.818329774 0.435358346 5.332948276 2.116134708 5.673917538 4.110292293 3.987723542 4.149958759 1.647775997 -0.684407635 2.494223817 4.179691383 8.216554451 0.775329686 7.760560242 3.411816477 5.593641570 1.114526902 5.989792814 8.076324612 3.378786562
-36.442957306 27.165494119 -7.401422363 -0.560266439 -0.439589170 0.203542314 0.671887941 2.480355315 7.927269550 5.457279313 5.476787043 7.317548838 -0.868213282 5.567240172 2.389054395 3.854016546 -1.185228815 2.956945019 0.718574150 3.750343949 6.815181886 -2.230048164 1.658552556 5.535568467 1.714640750 4.203543843 -0.145886645
-29.713372270 27.325935600 0.852037902 0.843516262 -0.112366360 0.065573751 -0.521108626 1.937049023 6.264918682 3.212346400 6.392509529 8.616177092 4.281794295 3.159259431 -0.397814653 6.596551680 -1.224141240 3.899973988 2.435429813 7.112768074 6.455965839 3.877370850 6.191741965 0.353693259 3.617576565 5.162195098 8.060020107
-34.117493939 28.379808106 -16.994774275 0.407138863 -0.855168910 -0.320542413 -0.013290715 1.761452460 1.569545837 0.355795116 1.748398766 1.631372841 2.709925388 6.882500416 5.126895724 2.843021280 5.205766602 3.062231206 4.568664895 1.411141918 3.356963727 6.159416636 7.508193729 5.391184499 8.909916795 5.899981210 5.946381997
-30.255858727 30.026949630 -14.022975872 0.046474772 0.266323469 -0.960845706 0.060724251 5.989744364 5.768506837 -1.310251016 5.831436313 3.966151688 8.937738381 5.183088614 2.377972041 2.752391524 2.422557797 1.797213303 5.117832142 -1.195353013 4.255022795 4.491208330 5.882818193 2.717568984 3.391923575 -2.103242674 3.958319737
-31.468668111 29.446961395 -9.574497898 0.495242035 0.073230679 0.738570484 -0.451537634 3.845533057 8.096907870 2.398121296 -0.411496240 4.734755437 1.509161695 2.386191865 1.651659631 5.737193616 4.256375432 6.586541471 4.981374444 4.350149548 1.764740956 2.810059973 9.088855074 4.233193568 4.161524852 7.892902620 5.118560925
-26.594331325 23.567563066 -3.981276075 -0.791941867 -0.367811747 0.379363571 -0.305983463 -0.384431747 4.574465423 3.946815001 6.288757984 3.017654558 3.463464440 2.491906131 6.568898121 3.501561021 2.855870992 6.219099965 9.982711295 7.782672479 -1.920168835 1.770316863 3.742941951 4.650205682 7.749321867 7.570420023 6.266654675
-39.605357079 23.048231471 -13.179145288 -0.139587573 0.833386900 0.078727642 -0.528945690 1.422534671 -0.899616914 6.513392587 -0.076537613 -0.058687883 5.148884285 9.879012479 3.432374795 3.340977202 2.714705539 8.380802939 6.488576073 1.694492404 6.280217043 -0.308229434 5.185126934 8.014570609 4.953441075 2.004551303 5.421355832
-37.522862646 32.650673677 -0.836805223 0.884388055 0.002152925 0.459740196 -0.080573483 7.030014466 2.585444335 -0.143781280 1.678987353 1.845685927 3.538657796 7.625188051 5.750284662 -1.330720736 11.212881953 2.873419301 8.770101338 5.216949009 5.421872103 6.893270816 1.750172986 4.925705433 2.626361004 6.924662199 3.678352177
-31.824377675 32.476737585 -1.495443872 -0.276815665 0.323482445 0.458290108 0.780193804 6.362803484 3.387342000 4.980302539 3.031508894 2.760904987 3.895827514 3.639977523 4.105243342 5.656691886 2.115288969 5.669604917 5.642958508 5.512712175 10.311893364 5.892681624 4.089074635 7.770801644 5.026927261 5.556677395 4.563025893
-30.015386185 31.776898326 -8.392302915 0.572403015 0.707325859 -0.230551820 0.344805416 4.471503008 3.702664498 3.661446109 2.767612674 1.972097501 6.016566165 5.746791048 6.037056693 5.680438579 5.276604558 8.498836094 4.603408290 5.584925773 7.538771904 3.731359637 0.378860454 10.399431635 1.964315323 -1.342719873 -1.104243019
-35.125261939 23.448901799 -15.841261692 0.099618235 0.032244429 -0.964962812 -0.240589432 5.354062588 -1.678094724 3.222442405 2.298224399 2.178688813 2.694919969 4.262117090 0.701874274 3.408458435 0.386265169 3.379861847 3.400209293 3.561643014 7.539570445 1.539742490 4.036641593 4.024119377 2.849377267 2.239425640 3.051155745
-38.082979281 26.820533955 -0.408697252 0.010394975 -0.309941914 0.233518061 0.921573258 -3.563703201 8.069345602 6.975118019 8.558171103 4.217474735 6.417836979 2.829297928 8.337631219 0.579382895 5.680377082 10.201120554 0.791919628 6.973004683 4.843991944 -0.851679487 4.703501372 0.926090121 4.425813273 4.992928238 2.964858274
-27.502946305 24.876862831 -5.066217217 0.383479774 -0.649937636 -0.458466196 -0.469396505 1.490538181 8.885571695 5.421512559 8.641482311 4.261677866 -0.721072896 4.829533185 1.735837849 7.861202838 4.174489677 4.800047295 6.012557690 4.510556603 3.742573652 -3.723817443 3.951606007 0.560534728 -4.331709785 4.584218614 6.268348104
-34.560755135 35.719385785 -5.220180362 -0.868703611 -0.411226428 -0.191617496 0.198820513 5.477440533 1.182124225 8.416142339 3.667667146 -3.862044982 3.018524104 2.451055388 6.933025365 5.518854561 7.220290174 1.468128286 3.854481171 6.517970491 6.794462554 1.572478445 6.778902133 1.944205606 6.607010190 2.595525225 6.684588409
-26.346795283 31.038148044 -4.571731956 0.055607095 -0.095784172 -0.827593208 -0.550293308 8.358135862 3.213425091 0.168713859 3.235970317 -1.595145618 0.321801407 1.463715053 6.287653695 7.722763220 -0.074379350 4.184303152 6.465136808 1.016584177 8.555213961 1.698759011 4.030359993 1.833560856 10.783828689 6.905589043 0.526645662
-26.892475575 22.038246245 -4.812346072 0.657982119 -0.262402487 0.289069462 0.643928034 3.386587960 -1.046885912 11.743259241 -0.597844152 8.361772514 3.050589036 8.379255921 4.495263238 5.350761918 4.404956860 -4.091615110 2.150981938 2.096712868 4.917383932 1.195160875 3.407726646 -1.094299367 5.130181775 -0.951416060 6.332826239
-35.330968796 20.587160139 -0.751690337 -0.106708467 -0.649191042 -0.171348536 -0.733351194 3.468865179 5.764747563 8.062898858 -2.595408242 4.621586442 8.640055106 2.783065758 5.276557217 2.993024479 -1.181476618 4.624509173 -2.351454723 2.114665983 3.470955083 6.036321121 4.332427745 9.642246207 5.703080072 4.621886373 7.204778157
-35.959762569 22.177814782 0.413269326 -0.863260963 0.038583819 0.471104263 -0.177066575 3.282607844 0.722882651 -0.118810467 1.494424292 0.425256913 7.983406455 -0.292239820 6.627742898 6.803785213 0.001115184 0.586127537 2.900272547 6.531413657 5.686863184 3.302131828 3.105685902 6.783244468 -0.138305557 6.226779572 2.052783072
-28.577921019 22.970276106 -1.219611409 0.415100210 -0.588149673 -0.303867033 0.624048559 2.013632189 4.382890790 0.811753204 4.929276477 0.733696178 4.860874043 4.071398083 9.212286321 6.722986662 3.725592361 3.119684871 9.359155572 6.426840238 1.735647702 1.718826538 2.587626361 7.326363625 3.057574166 0.289981495 3.300647045
-32.419370143 18.337753475 -3.890214272 -0.663500331 0.176769801 0.680380970 0.256127865 0.276004748 4.895850554 8.404977262 1.777384931 0.855605187 3.556119041 5.031051508 7.057642490 6.981426011 3.299075649 -0.204869598 0.812174469 2.855217193 9.719533865 6.322664583 1.071642499 6.538948390 7.233850608 5.193468643 8.457872843
-33.567323236 22.378558711 -6.897817128 -0.314612653 -0.336967698 0.098952236 0.881861726 1.628661534 4.771081057 4.276276402 10.550417173 7.529803985 -0.851770834 10.251822830 6.718688993 11.889790563 5.805395102 6.952801025 7.113588000 4.591515173 6.309080720 8.265126617 8.173467449 11.225834131 6.381763774 4.001738845 4.113416305
-36.443976317 23.387437929 -15.116553755 -0.679652173 -0.294010071 -0.386734448 -0.549606648 1.725025808 2.708172700 6.851349777 10.468465681 1.061796975 4.133347538 7.703275853 3.849074211 2.283334441 4.511205976 2.012209564 1.848060472 1.055160289 8.558332184 4.912816788 8.830303061 -4.781151982 3.123287662 8.219249147 3.419185538
-38.078697109 23.203567697 -6.239622213 -0.157439879 -0.335539167 -0.807981403 0.458030790 0.954975596 8.082268910 4.615290441 1.178853028 4.638451560 4.913658373 -2.362882086 5.571193557 1.788748409 -0.243561197 7.579789284 5.666014291 -0.509325875 2.561994706 5.701432243 5.604187294 -1.797664832 9.173042353 1.484917480 0.877149456
-37.362106051 30.686808114 -13.056649473 0.198748220 -0.010566069 0.225433179 -0.953712423 1.283976279 2.674436062 -0.522559177 1.170579357 4.020453359 4.111783951 0.966460978 3.160251438 4.784138458 8.692186313 2.137471232 7.996044257 7.938295424 4.252571693 4.096598893 10.770859403 4.141865721 4.123285905 0.300397464 1.216936091
-28.329531336 30.239731915 -7.307686898 0.390766144 0.369506583 0.825241667 -0.172461293 0.991159769 0.605030122 -0.182381447 4.769364749 -1.755138124 2.705764739 4.472409632 3.992181181 7.174949978 6.425419913 2.149408184 -2.862244229 0.324791954 4.633137628 7.006986937 5.815202595 5.104070947 2.279281335 6.452679348 1.390684208
-38.388001399 32.264324086 -11.696571476 -0.316083370 -0.385955384 -0.040736719 -0.865719507 1.706607930 4.255625479 3.050122248 3.457711517 5.487646342 5.507883620 10.600524393 4.240304969 2.808017830 -1.182568444 1.644305714 5.107399888 4.153226366 3.670305878 3.868391472 1.604100417 1.090414805 6.075751131 3.429196070 3.239592241
-33.824604480 25.043612169 0.209891854 -0.753948240 0.374196383 -0.123427891 0.525646909 2.954727967 6.975616250 1.982817749 2.337605538 4.164423424 4.450598894 0.543044169 2.922885665 7.265221247 3.508492438 2.668787560 7.657899893 0.784337583 6.544583708 11.088932977 4.862225777 -2.006867457 1.389534885 4.298890208 9.805214896
-30.867172281 25.686860752 -7.534393975 0.170239190 0.006466880 0.507044308 -0.844915894 5.289363186 2.020392578 7.531827623 3.587905889 6.495675515 2.896982611 5.047768733 2.774286168 6.754636274 6.670831770 4.500098023 4.528849035 2.518072803 2.774608715 4.204235737 3.517196115 5.465026200 8.353683763 4.323534523 9.695857138
-35.446811200 24.022875739 -5.095184106 -0.673665948 0.100726001 0.710445877 -0.176904267 5.471842659 5.401560463 9.234172969 -2.127506832 0.830992658 -0.599671150 4.396296156 9.296489464 5.470353479 2.275525007 7.720394097 -0.790332018 0.132285608 6.545828858 7.117371697 7.191975308 2.398147893 4.022069104 8.687193892 1.648615746
-32.200443441 27.158606668 -2.925643919 -0.834725821 0.179253658 -0.290152433 0.432333777 6.641285357 7.370625184 5.142631768 1.766518750 4.890479517 -2.039276094 -0.070153554 8.989566865 9.600863578 5.183221760 5.304825923 2.415210611 1.556043810 2.313271877 5.381957215 1.685006026 5.185577030 1.868453005 6.357664245 -0.982510725
-34.103432970 31.479132296 -0.609744720 -0.324962268 0.089244027 -0.480531020 -0.809644963 3.954811253 6.044603461 7.624132576 1.878051251 4.407701124 4.142381113 2.669021238 0.886253837 2.427438375 0.879269347 4.428197134 -1.420159833 7.339661945 3.688231776 3.551680052 0.947561337 4.537541725 3.141882510 2.909615750 8.537036349
-31.541789593 17.925199923 -8.834120626 0.157115765 -0.490445914 0.813849346 -0.269122061 2.832515337 0.620025169 1.696421520 3.115823196 0.178316987 1.421013265 1.933443594 5.499926545 3.685736796 8.563368300 4.663909904 8.749756052 2.525569536 5.227017926 -1.810538688 4.023612628 5.609272967 2.595119122 -0.009877970 7.267150936
-25.956293488 32.621949143 -9.730520902 0.456980320 -0.748303708 -0.022291819 -0.480326579 4.182234926 7.278988116 7.570639202 5.395865643 -1.391196924 5.798098814 2.598219172 3.361348618 2.810100368 3.287315698 3.491301101 3.830961306 1.531177801 1.361169019 4.548867750 6.836104869 -0.269642333 6.971946901 3.790444681 2.026303530
-31.926493033 23.619367632 -3.098956819 -0.447085016 0.032857378 -0.628154463 0.635969616 1.637894257 1.829193144 9.962789163 5.921154980 2.710262397 4.971124109 3.320520439 6.250650341 1.293063724 6.039996160 5.670171702 5.113759023 5.985880206 5.278867775 0.911600594 7.080885689 7.371262652 5.965154952 1.128773439 1.338847872
-32.815440938 26.359448245 -7.064897307 -0.581393808 -0.199095128 -0.699680486 0.364403056 0.162227203 4.785018226 1.246318782 9.972752787 4.696476506 1.996580819 1.561062276 3.257358988 3.983764884 2.701086480 -1.792575309 -2.725601241 1.966313668 6.611052125 6.335812649 3.869064612 2.561912065 4.769137063 -3.239829156 7.768764411
-33.122722518 18.347752611 -8.665356257 -0.083419966 0.363719598 -0.923228739 0.091639829 4.575728049 1.925713042 -1.790209845 3.056052481 2.953442591 5.156448485 -1.133377275 5.211277547 7.090889834 5.411984497 5.037007627 3.813400387 5.458696329 5.105332872 7.500222557 1.115529094 6.338850846 6.750436079 5.210272307 1.870177817
-38.464845162 24.486409165 -4.564702939 -0.627646161 0.260760500 0.289962111 -0.673785005 3.219851975 3.947043009 1.731579845 2.011419920 6.831997673 4.627340732 0.913557674 5.417401877 3.367054599 5.450995057 8.100807995 9.748280031 10.133937088 2.429152357 7.659388611 1.828637199 2.523749512 8.627049719 8.834815961 0.660581389
-37.590198503 28.414532181 -1.773270975 0.245074801 -0.097271110 0.275883491 0.924318653 9.298050083 5.658067645 3.202250747 6.972679156 6.881513809 4.640130008 5.955654953 1.232803442 6.368398842 2.997028412 5.200895434 2.524714749 3.889826978 1.630727906 4.255470796 1.934441178 0.438447082 4.140519278 8.693653840 2.456441489
-35.905266046 31.491204490 -1.471002772 0.935445766 0.192708804 0.016283112 -0.295870574 6.049458421 6.840649798 5.454307192 6.458494234 4.133168219 3.940476754 3.017107578 9.727993695 3.791592231 5.674911136 1.552786794 1.718771377 6.839157993 3.483593503 4.872228108 1.247537926 14.198863106 4.443314823 1.932928379 0.098260505
-28.039818325 32.820333048 -3.898085902 0.004669799 0.819729324 -0.398765419 0.411106032 2.063709751 3.421876246 7.205554503 -2.340348272 3.762692626 2.845200216 -0.949957654 3.276363527 1.378692890 4.810586777 -4.548822514 1.740684303 7.516553056 2.536005014 6.400263937 4.521890408 8.646553783 -1.075091881 5.644937925 3.453100159
-28.570508827 24.165658069 -3.245936892 0.080531737 0.449505635 -0.203640314 -0.866019599 7.518306442 7.308943714 -0.013410817 3.034478852 2.335057141 0.601343308 0.074252948 -0.012641760 4.051463580 3.420765590 7.275730943 2.389370679 -0.500787941 6.530734663 2.311556470 5.461344982 -0.627601030 3.274727354 4.350182427 6.860505489
-40.973346598 28.012435839 -10.705863623 -0.074466541 -0.124051181 0.949005182 0.280098561 2.799888869 7.824844212 4.167389970 3.193137417 7.249176583 7.745691627 0.637833701 3.079805550 0.927410051 6.528312421 4.451460258 6.073394971 3.718852465 -1.258802290 2.554700212 6.417090590 -3.436449950 8.547678933 5.389181007 6.229884915
-32.105418686 25.626049393 -3.124169699 -0.888414722 0.066389864 -0.079418965 0.447218399 4.313141269 6.527003768 8.304267191 1.686641336 0.672531730 2.574464779 3.667847975 4.146492417 2.874973452 3.263632887 8.086414226 -1.421671425 8.985621298 -0.213384860 9.346083556 1.456226792 6.420233926 3.235288383 -1.960785016 4.230893241
-40.286740393 26.998182883 -14.699559102 0.168846268 0.046365823 -0.953496192 0.245328676 2.971345884 3.287416555 6.180946955 0.023647261 4.219208392 6.992000302 4.657001183 2.672595205 11.749431522 2.742304922 5.108125891 6.098206116 8.211974184 3.885605846 0.513107534 5.533032045 2.079503764 7.571916292 4.021889166 4.247732575
-30.264078806 26.781067763 -13.082430582 -0.557116785 -0.184872074 0.251700868 0.769473766 5.082573016 2.124617844 1.620811828 5.803526195 3.091877724 7.257388440 7.045110389 4.486243842 4.555039776 1.994050398 3.298860031 9.423620781 2.350098830 -0.720031818 5.837663971 7.246196536 7.438050536 8.245810295 -4.613169375 3.032755592
-26.837819389 21.198191821 -7.205512206 0.663985374 -0.695485271 0.077072906 0.263597094 3.998881051 1.074016658 1.561558191 4.660588767 4.576805023 2.147908104 6.525990923 7.375383940 2.723667778 6.602817550 2.587597155 1.071594830 1.166243093 -4.316026780 -3.562307504 5.327676123 8.433158171 9.162857612 7.720400822 0.870383235
-33.919704621 28.813257462 -8.873030913 0.038142059 -0.155412063 0.884999111 -0.437228599 5.057102386 3.096301851 2.930419350 -2.727939361 4.318802014 8.807780599 6.819927928 6.456919689 1.006132538 -1.297657460 1.235110799 -2.170900101 3.587361972 11.235487646 4.679341063 5.982242482 7.203643825 0.917724366 5.582687396 6.473799153
-26.680363938 33.997500951 -6.216528547 0.462155916 -0.719438142 0.509550673 -0.095805949 10.239445473 8.577340737 4.497274935 3.157855882 0.033888979 5.721103392 -1.060955353 3.013302638 7.652854412 1.974217271 9.189978699 4.376587715 3.941550378 1.928971754 4.471678404 0.670310327 1.548468455 4.252392182 1.997638117 3.804100961
-31.793798225 29.298687434 -15.940488158 -0.379365177 -0.546068537 -0.381637410 -0.642062382 3.226862910 3.568753811 3.814316592 3.584921106 6.957906900 -0.065519039 5.647461491 6.294997211 2.933035807 8.233689912 5.107465999 -1.564465042 5.120872050 7.036134446 1.923052563 1.244044938 1.805107251 7.069145213 4.175999300 4.248725947
-29.713740292 33.330066559 -7.156145536 0.095459059 -0.191644159 -0.928656175 -0.302915488 6.943671708 4.453056679 1.737213526 4.557961589 4.462970582 8.382111393 7.194835262 8.072109661 -2.586143694 -2.003191989 2.929943955 2.518028155 8.003028183 5.001267272 0.036105026 1.438779125 4.385347462 3.293579248 0.997768944 5.454233140
-38.858353687 32.438104926 -3.753141125 -0.713360296 0.131930193 0.508834988 -0.463463556 7.780245596 1.520439649 2.532057035 1.498247002 2.323622165 5.090255659 5.403151226 4.238324344 6.008663619 5.034798045 4.696735774 4.976284224 4.976408471 3.848412961 3.458704929 7.637569764 3.374620908 9.014559157 2.363446314 5.265254446
-39.221846820 25.067089452 -0.364050818 -0.525904713 -0.079970969 0.760659669 0.372056104 3.639354616 1.932612876 4.555806681 5.805920470 1.742227310 6.713974519 2.123199604 9.482226241 -0.037891968 3.213634456 4.969226644 -2.305460868 2.964955043 6.326991065 2.583289057 6.206468615 3.893916771 -0.416420598 -4.139113264 1.128336146
-41.851889045 30.691783634 -11.190991437 -0.225558052 0.310737780 -0.704286620 -0.597114691 6.260050216 8.158000233 7.880216096 4.196496143 2.126138991 4.610370294 4.035425473 4.062360447 5.419826472 -0.077575572 9.399794894 3.963398409 2.091872120 3.753524197 5.043919679 5.563105879 5.750683374 5.103272205 7.184662077 8.159650818
-25.665067347 30.593535406 -3.697277561 0.761458014 -0.038264416 -0.639995221 -0.095517770 7.425845340 -2.503317288 8.433358095 1.135658351 5.482127654 5.313755134 2.262851648 2.378774414 3.317655357 1.653340396 5.270452645 3.845890340 8.951910948 5.620163371 6.382055175 0.536641935 -2.442661630 4.525415509 1.562656363 7.249959634
-34.328542562 35.878268465 -3.523517040 0.803482938 -0.129094227 -0.355664644 0.459622138 0.899900859 2.459309157 5.273428240 4.118266837 3.781343795 5.617960591 2.577451223 9.651718300 2.071685138 5.072353747 6.156882065 6.424014443 -2.613504026 4.076866216 5.084619615 0.445512438 7.337939337 2.007319907 6.995218897 1.919234714
-35.380803852 30.523512947 -8.043719856 0.193720041 0.455108475 0.570254138 -0.655865107 -0.092767270 0.749442301 -1.059380851 3.263207718 1.308976434 1.877548353 5.540427494 2.591799146 3.246558398 -1.175384196 2.335371292 4.192774178 3.057838207 7.195923571 -3.323245784 4.439860090 3.799332575 5.612337906 5.981248798 6.876462254
-30.327500853 20.068595938 -3.412334413 -0.440922829 0.155571098 -0.361053648 0.806861175 7.131013368 1.787427703 3.908159633 5.026431052 5.400909787 -1.642394522 9.707392890 7.279825335 7.928863140 2.886811180 1.465638365 10.255117017 6.448255668 3.792546909 4.974351530 2.711747392 5.688615017 7.701655278 6.270885373 2.087026449
-32.740461630 23.581266913 -14.942562173 0.944918407 -0.287811728 -0.036793361 0.151459107 2.748600994 8.873533569 5.361049035 4.703741822 6.334218137 1.028743463 0.244456506 10.275080820 2.873388757 1.393008998 2.919691519 4.101900748 3.758251911 4.804127308 5.279916081 3.320895442 6.433590099 1.548208170 0.500937202 1.810648154
-28.369456468 35.007737632 -7.862392567 0.461675140 0.712688884 0.356921188 0.389278672 2.771605921 1.650578767 0.404002740 3.001204786 0.947858937 2.592556652 4.499520851 8.036045770 -1.094731981 9.795465673 1.884150752 5.654725996 5.729250438 2.229506564 4.762631034 8.710084859 5.244941311 10.713280538 9.148968031 3.577879522
-27.817321790 33.425396858 -2.892519108 0.148576409 -0.915097749 -0.208333883 -0.311637857 11.369323051 0.239120876 6.323812271 1.966822969 6.424561118 5.149558761 5.234936226 2.299664026 4.775384389 5.123374406 4.839574743 3.280614930 3.571134264 11.756037601 -0.159019019 6.865595852 4.690452420 2.878705321 0.256054131 -0.107564901
-30.851800634 27.850474141 -9.194063368 -0.342573981 -0.263058425 0.840054638 0.328255292 6.974147519 2.926402823 4.848241578 3.963189661 2.428028170 6.185775654 1.763561082 3.146877776 7.991894128 4.011489369 2.162771459 5.481054387 4.079681316 -2.430144912 3.879287984 3.578369301 6.439166170 5.187053587 3.101465939 5.130690888
-35.351475149 30.938131532 -4.064102410 0.062772544 0.963850738 -0.026605746 -0.257572315 4.453827040 1.638520203 0.546523785 2.882691902 5.009968530 3.881281203 3.406498972 5.056116157 7.538726801 0.520133871 2.349501009 6.290699523 8.712867691 1.205012227 -0.824043962 -3.519532783 -0.041672572 6.527650648 3.471752755 2.104599637
-29.684627397 23.763092810 0.101745227 0.293569246 0.091529724 -0.682182255 0.663375293 2.614351471 5.867709553 5.793572142 4.794593918 1.895701392 9.417792712 8.340911866 3.190105130 1.941768416 4.923106823 4.566549128 3.766770584 4.196954155 2.793786745 4.836571761 2.310897622 6.010018714 6.741548673 4.960781888 0.074192292
-24.743141000 27.042901204 -10.583085746 -0.880148246 -0.211313352 -0.324720596 -0.274303240 7.507700966 6.304224073 4.405210652 7.081088748 0.102289726 0.070093897 6.404919034 3.798581798 3.156838273 2.442747162 2.034345900 7.986789690 3.657466318 9.412218571 4.174260087 6.261001366 3.080417221 3.944521925 2.691358557 6.086122657
-34.880845012 26.345076923 -11.216706214 -0.872569035 -0.254486091 0.328852453 0.256351657 10.575539326 2.505916830 2.532347733 2.096336561 -0.115560315 1.833727474 5.240342521 5.393546773 4.586758998 3.131557610 9.658646540 1.909517030 4.233142812 4.015822044 5.177633415 6.626055108 2.851131800 3.736369375 2.118219769 -0.156135653
-28.243343866 21.738814574 -1.591708313 -0.196107545 0.633968823 -0.364565019 0.653236335 5.341282301 3.972179302 1.708849716 3.248035523 3.673285063 4.529848631 10.056848655 4.353442105 6.649016645 4.321633062 4.187662003 7.020358263 1.400371560 3.607162743 2.036146516 5.044777410 3.507063877 10.181545987 2.846133337 6.731951659
-39.114231532 19.789517227 -6.626984951 0.672196332 0.316074863 -0.391724872 -0.542955243 6.367690544 2.215336172 0.540608159 6.555479326 8.029816122 -1.728588214 5.739102787 4.122450563 3.088883453 3.767470782 -2.253532498 -1.928004074 1.683079454 4.662535928 8.741790823 4.781144169 4.350960343 4.367036092 6.874533536 10.400888725
-29.769188464 20.202970096 -6.729591253 -0.314586161 0.421416425 0.819585281 -0.227428474 2.111354980 9.035863810 4.521205693 4.244995707 -1.820809716 -0.079196412 5.184896386 7.868877770 3.693966894 0.722248482 -0.506533497 6.260871229 3.445911218 5.799034990 3.278136364 3.365428588 4.559273156 1.801665455 4.748833635 7.237708605
-31.399132755 35.861783861 -4.200792192 0.600893221 -0.371384177 0.346627918 -0.617130632 5.139665971 5.976424164 6.654358607 9.648449809 5.887438492 1.876853956 3.904631514 7.640088973 2.056105615 2.479935774 3.504942025 0.452428382 0.889428594 1.798783901 -1.227411952 5.856261174 4.361199536 2.780452120 -2.653447963 0.183571318
-39.608922873 27.128138184 -7.196368527 -0.391877905 -0.221181198 -0.405248902 -0.795791375 6.004365196 -1.012931097 2.235593819 0.499827253 8.949185550 2.085520842 9.895975872 6.184488651 7.260344405 8.291445872 5.970241329 -1.556478139 1.159495780 1.440538783 0.458371516 -0.768167120 5.808349012 -0.492627081 3.375849033 6.946074135
-30.388543834 20.289600367 -2.325609354 -0.031851471 0.113111598 -0.833103736 0.540489977 6.189908482 4.245369495 6.726046815 -0.281478213 5.859391014 3.562795352 2.028664124 11.295123777 2.450368012 3.169914889 1.988406055 0.044356036 4.997138246 4.931068847 5.667162879 5.086294444 4.147339141 7.420555274 1.126150117 -0.141949211
-35.408046679 34.883944439 -7.088389635 -0.386897467 0.669617051 -0.482898407 0.410770598 2.517461825 5.919825716 2.256734530 0.517324895 4.109983525 0.005185527 8.288690005 6.573182724 1.631433802 0.735855303 2.109501271 4.704418416 0.114213911 -1.882654052 3.093497154 6.732081750 3.189002575 4.762261842 6.341179755 -0.112798742
-33.937414976 35.550747579 -4.610657112 -0.345922361 -0.836572381 -0.087232032 -0.415782328 3.643472317 1.572573691 0.512923387 0.445064611 1.422763909 3.593989862 3.257631058 0.381238641 0.136573455 3.428569706 -5.201335978 2.159007566 3.249631798 11.179413333 0.395607327 1.208394079 5.692972219 6.028778951 -1.959961574 4.056142850
-31.815406693 30.306954754 -11.511900236 0.350640116 0.406433399 0.626573005 0.565039530 -2.508465061 8.208682372 3.908368162 4.739969236 1.000239143 5.585980578 11.827524214 1.404360839 -3.332531340 3.223216342 6.202869745 -1.151165773 -0.060576851 3.869063945 7.819660428 6.288825774 0.880305125 0.345123404 7.845489351 8.636776474
-27.100802203 27.346744761 -11.556960043 -0.570439091 0.747658695 -0.016403048 -0.339612514 5.198619888 2.034296103 3.279764061 0.026032822 9.310899957 0.552077163 1.392852481 2.316756122 7.468195212 2.322409670 2.866930471 -0.280393093 8.207389305 3.298080263 2.217514550 4.315809258 6.810466020 4.686102847 4.823966181 9.818497591
-35.410020431 23.254439002 -10.848940052 -0.382993244 0.100220845 0.572589413 0.717922921 3.962452600 8.149354091 0.203642629 0.921247113 3.579499659 7.499954037 5.318829300 5.445440588 5.327502974 5.435973471 3.568806641 5.539699145 8.315633270 3.575754683 4.294430348 3.820947399 3.415558775 7.939805036 -0.244220681 5.548980498
-34.075454652 33.381295813 -1.429713962 0.390436782 0.154045352 0.354836388 -0.835416235 -1.818302137 2.347847601 5.219057905 1.876691939 7.942416020 0.435523762 -0.377430864 5.222067334 1.903638943 7.536867720 -3.078154583 6.143254817 4.450900280 4.298524427 3.501844906 4.649900678 2.041621594 8.970365698 3.858696448 7.067679640
-33.862117389 32.653949027 -15.638494164 0.006854740 0.139318498 -0.258692394 -0.955835558 1.630322376 5.594810348 4.284557126 3.139958741 2.278707241 1.731641912 1.035477572 2.510400432 7.859672124 1.251822022 8.358967674 5.552644809 1.477825506 3.995204584 5.182728727 9.602945607 2.587429337 -1.307714309 -3.083259011 4.949212515
-33.161949334 27.329115918 -6.345108390 -0.429592718 -0.274942776 -0.596004084 0.620190050 2.936919722 9.043853261 4.634661855 2.476347466 6.649402944 7.524945889 4.097916995 1.517622021 4.100712378 6.377167663 7.408207359 0.245519010 8.418253007 2.291863990 5.282469235 6.413426816 4.379165811 2.789590897 0.208344828 6.282816888
-34.706579754 26.145027616 -12.441672830 -0.774289450 0.014454374 -0.410109170 -0.481744110 8.577975378 4.985547259 2.752128801 7.280720237 2.387923206 5.796557392 8.271017648 4.850886637 4.005844095 2.774965990 6.760279795 0.525420093 3.564744236 6.781911119 5.546048177 4.579260875 2.969688813 -2.067449354 1.312976167 6.014611049
-33.844928965 19.910681270 -11.539250565 0.341151988 -0.309038048 -0.723082465 0.515036460 6.476635877 2.175668044 8.310558319 -3.818371695 1.083823432 6.594797686 1.697226564 -1.148636522 5.486036294 4.587621606 4.904041441 7.791135463 7.560829469 0.945082187 0.870420808 2.976181514 4.467837282 6.663675451 8.297793477 2.510706149
-26.220842339 29.202095887 -11.425801471 0.673143687 0.080121404 -0.461058433 0.572610914 6.006042409 5.059612040 3.261075179 4.710119544 -2.122046296 3.513938965 6.747533323 4.116151886 5.618789768 5.150552025 2.587807587 9.920071264 9.927108273 2.900061948 4.859869088 2.782764011 1.591456553 2.628970170 -1.718852091 0.899475259
-34.897818707 22.048592404 -7.372513999 0.288376332 0.624756102 -0.491461898 -0.533839028 6.859159639 5.559664043 1.930844305 3.742221232 7.341026067 0.872607275 1.896316569 2.665138759 0.223112433 7.454682236 4.645890272 1.344296605 5.286141448 -0.324484067 4.408213518 -2.173805753 2.834690731 1.520013567 4.559961364 4.594329247
-37.759632041 30.540565176 -14.560968528 -0.481638156 0.382080614 -0.691816339 0.378720534 9.474827444 4.806892567 4.681360926 4.956121684 6.239465974 4.585968845 3.224551122 2.093368833 7.227193645 4.951575567 4.417337436 2.018955179 0.211814727 3.840888948 -3.679820796 3.212514120 6.285579130 4.517451729 9.293683100 7.856228890
-39.782737279 28.173399047 -5.328250507 -0.491821361 -0.015766905 0.103421759 0.864388277 -0.596369990 5.569109355 -2.549290189 7.910150750 -0.127623448 -3.019711812 6.274373773 4.546882683 3.631487217 7.912270833 6.696083584 -1.650408725 -0.607409708 4.677087118 3.336689213 6.397293046 8.095963364 7.576781150 -2.017442527 7.236119645
-25.782926930 26.541822170 -9.246355321 -0.375981655 -0.064662296 -0.805923639 -0.452707047 3.361127244 2.333966988 3.851234192 2.985111617 9.306542505 4.696847661 12.225082671 5.557607624 4.561804056 4.221174048 -0.816429569 7.923480401 6.473502830 7.977544966 6.237835745 5.982370313 4.181834555 0.868087052 5.754902441 3.647902380
-36.003423726 29.397848178 -16.021608167 -0.101308869 -0.881416952 -0.203083343 0.414243678 5.477527637 6.074998807 1.603050367 -1.826625366 1.650011548 4.831389632 8.788214789 5.410965340 -0.484970514 5.620888786 7.466333817 7.480167216 2.735833053 10.288736944 3.540157408 11.159226026 3.941473369 6.935555557 5.712881373 2.778382407
-25.159592300 23.281368618 -8.845896599 0.220455140 0.709791845 -0.360525586 -0.563574636 5.409111999 -0.130598685 4.323726360 1.148886366 3.437098119 3.714224952 8.775329147 4.601712908 -3.398434446 -0.863548056 1.835570740 6.723655185 5.027680418 6.671561424 8.659618481 7.109071555 5.509326514 3.848156400 6.596684132 3.584840974
-31.269966477 22.047025498 -7.939670767 -0.172767543 -0.198467231 -0.603125771 -0.752994979 9.022325998 4.339987758 5.562437786 2.320159392 6.782057977 3.016943783 4.618510711 -0.691467797 3.951608369 6.557450559 4.657350843 1.794276964 0.936126099 6.291767173 0.878112407 5.238898576 1.577635764 4.096947228 3.905694209 -0.103631813
-31.968656323 23.350536347 -1.701263016 -0.590828681 -0.706823198 -0.245584014 -0.301680174 4.285547541 4.707216161 -0.129737044 0.910716955 1.769772533 2.506125477 -0.032915954 6.481051034 3.077009427 2.884008599 9.628990607 7.177403291 2.848770543 3.788560334 -0.007445307 6.779905847 4.412123283 2.561617789 3.042436486 4.740057562
-24.549268183 28.698875191 -8.054240590 0.996250825 0.084562470 0.006267051 -0.017152455 6.608975943 1.830029102 2.895877069 4.249152073 1.358640758 4.976087564 4.811237779 6.703820160 2.404229711 1.766537825 3.318295122 -1.566505153 -2.916529281 6.677118952 -0.887954847 4.545850043 6.469524209 3.030138797 6.287802804 6.053066034
-26.382717537 29.701083613 -12.078566654 -0.433919628 -0.890076131 0.137836082 0.021896410 2.736210985 4.529198493 3.895016215 9.726859501 6.438100791 4.001470381 7.178198217 6.635421677 7.597213667 1.701020510 5.694253357 3.069372748 3.601074485 5.917999494 -0.677780737 3.828383109 5.511097243 4.084103936 5.975368979 2.234880468
-29.307528777 26.447975484 -7.836074119 -0.127076598 0.881188730 -0.146726795 0.431079120 4.539071933 2.292558164 4.434929451 5.597754823 2.165507154 2.315112039 7.327470191 4.776441895 4.474112077 8.450104032 6.186479682 4.965743419 5.266795184 2.921524991 5.210965511 3.857131407 2.123986771 11.204795448 7.993343400 2.561832786
-33.332784211 36.262519206 -4.176618085 0.392433380 0.718533102 0.392170443 0.419414553 2.857172466 4.970389971 7.045394695 5.519752943 4.126541977 5.875339784 4.452117510 -3.612505843 3.254032486 1.375119478 2.398714788 5.191595939 8.546295435 3.374532414 6.231541048 3.165100125 6.479859828 0.748466836 4.060755608 2.028116134
-37.847160344 31.440891919 -9.984134017 -0.688517797 0.009432739 -0.461228848 0.559573244 4.051368285 3.176715046 -1.070243394 4.437755736 -1.312435652 6.333641380 0.389646564 2.285234820 2.381979816 3.346347116 3.709192718 4.396763394 3.026251884 5.645060325 0.399673272 1.061162138 7.975438836 6.493390231 -1.550293476 3.082254278
-27.476655510 22.641747686 -11.111017075 -0.049203842 -0.202774575 -0.964606477 0.161232123 -2.911742021 -0.916811739 4.993551125 9.135512609 2.086091892 0.440416706 4.449856511 4.770412045 6.422428970 1.090414860 7.331516465 3.740194246 4.780015395 1.320623845 4.911302282 2.489211276 2.945549813 6.173786122 4.917448233 -4.664934333
-36.421448447 18.227230258 -9.731856447 0.034802449 -0.348561511 0.264069017 -0.898644099 2.876152464 0.928219652 6.687681649 3.380995723 4.332641672 3.948976509 0.928036655 1.442438654 3.596524804 3.153996271 5.720476674 2.008077624 5.115467424 -0.419152414 4.797975756 6.456602124 5.051097524 0.689022355 0.171808665 -0.075017175
-35.500877704 23.720552687 -13.062657211 -0.959108751 0.266875217 0.002173441 -0.094251254 3.994176181 5.988358779 2.991337690 1.956557862 6.061004167 -2.586843305 -1.630930810 8.802168198 4.323453332 4.430731693 -0.083363829 3.584191364 2.351888353 7.298277471 5.045783107 0.674111036 3.727812767 4.692688527 3.149643615 2.847514046
-28.310127895 19.399455546 -9.581702917 -0.957241214 -0.065955696 0.147761050 -0.239803619 -0.149293775 4.546731363 6.608964580 -0.566819149 5.132332650 0.600389472 6.178348216 3.764220732 3.994046008 3.511230068 3.783965207 -2.167482641 3.836422282 0.504084263 4.722838631 0.498623782 4.938453725 3.097606160 1.425619490 -3.258440087
-25.764350359 22.268118530 -7.924111620 -0.671616453 0.549715000 -0.442414589 0.225862990 4.293095879 2.565959574 1.798583479 -2.985831370 2.603223082 4.848451509 7.120834954 -2.177732120 2.296130180 8.325838255 -0.086070659 5.263080936 6.753582722 3.617907420 4.449160020 5.763645468 3.538346440 3.812682636 4.104961688 5.654911653
-40.164135950 26.276595979 -12.217426364 0.336386997 -0.507904974 0.012111586 -0.792924735 3.164943310 -0.741865897 4.050187406 5.581074314 2.995619850 5.532005094 1.567435866 2.562276803 10.412811147 9.401657208 -0.423524381 4.162952954 0.572995800 5.748666264 10.733844277 3.709364320 9.530641111 6.257061883 5.644126361 7.928367330
-34.518557007 23.725422331 -4.880277696 0.049959656 0.045654054 0.292819069 -0.953769748 6.467162430 2.547348088 7.857318987 2.233905992 7.326101501 4.870077865 5.967328126 3.626745826 0.751449634 0.534765385 3.971463095 3.755824455 3.595500933 1.394676307 5.141124257 2.469010858 6.484294615 5.105886373 -1.186361686 11.459970334
-30.115415712 24.960954212 -2.675480599 0.301124654 -0.359464625 0.865438309 -0.176424657 0.820342526 7.241347921 0.118402664 3.931430195 8.296440715 3.525182131 4.105701820 9.941685618 7.845675202 4.710545009 8.337132479 5.342522335 3.825415615 3.342777094 2.356736239 4.556077292 -1.533972482 0.295737679 3.245470649 1.099090734
-34.741552904 34.726422954 -8.571210937 -0.814223955 -0.125275739 0.215050381 0.524498498 1.652972100 3.739451865 3.144247366 6.463896282 0.605888580 3.848817553 4.040723217 4.913304705 3.901938905 5.971054909 4.975993463 7.614511543 1.005968625 10.306461745 2.593259703 1.200978120 3.829458643 2.991972423 4.947098720 3.583324528
-34.493191719 21.518943958 -15.400757961 -0.529871299 -0.485067280 0.411996576 -0.560539884 1.400528266 11.179994906 5.320276081 5.096071616 5.539673496 6.342540904 1.754338609 2.414036987 0.216010366 2.519362570 -0.192276376 9.537111549 4.442907948 0.210908727 4.387493440 13.323660769 0.487869880 5.328844223 1.951355834 2.372287679
-36.442508732 26.083900630 -10.276858009 -0.567151639 0.513773266 -0.037655216 0.642618187 8.016307115 7.297364534 3.241870966 -1.026784328 -0.415594225 6.373936940 -0.331845727 -0.311563825 4.071486143 2.296838973 6.935522514 -0.150780215 1.994652530 -3.073929065 9.061620865 -0.718058842 3.568783494 7.552969343 7.640137969 3.712759298
-36.172404691 21.172608059 -3.842203104 -0.104484894 0.942625935 0.204569488 0.242261383 -1.100188499 -0.493916567 0.932328921 3.404235441 0.024200977 1.529431633 6.556914637 1.079267367 -0.815531594 -0.958982064 8.249163484 -1.045745157 3.179530258 1.906498880 5.405177616 9.096192592 6.780272725 6.492833217 7.593919948 4.151659898
-27.317472043 25.002964809 -4.867052840 -0.446481401 -0.154473316 0.813356673 -0.339474999 1.803317453 8.737012896 2.350310562 5.357965512 3.824738462 -0.324230809 4.014605256 3.414127912 5.917456789 3.131970736 7.512982828 8.651868402 8.907183844 4.872270127 -2.449463940 4.615851121 3.429408398 3.730967864 -1.660607661 3.745107651
-30.240618207 32.530319535 -0.313804177 0.787492716 0.396337338 -0.468441568 -0.057744562 3.864410203 1.681487221 5.197877292 3.539013803 6.181062881 2.347677947 1.204414047 6.903618817 -1.198656808 5.351214275 1.210915215 5.782325724 4.483970521 6.976083265 6.694681136 5.888848984 0.127336422 8.625888097 2.122887953 -2.905716581
-28.872471800 32.278867019 -6.510544527 0.068968950 0.993464334 0.088066332 0.022720509 4.959226421 6.418257533 6.894046077 6.921784011 3.850046403 3.539538692 3.559784368 5.001742443 4.303610393 2.292476032 5.583049380 3.161091531 4.979122403 7.691860462 -0.658273705 6.659576547 4.802987723 4.081215849 8.646208631 1.957121391
-27.064660137 25.336855754 -10.148743340 0.176311373 0.245350363 -0.933730041 0.192004453 7.740089646 10.675543019 9.028640351 5.448550276 5.253525928 4.585256822 6.412047934 3.032208572 -1.224197074 3.746234046 -2.639397282 1.237239599 2.871287021 5.451787982 1.840622253 5.712176304 -1.143940158 -0.211143372 8.913290890 2.387084739
-37.344313806 32.007209076 -6.995988741 0.360870611 -0.400477816 -0.835024783 -0.110106915 -0.268281221 0.906090399 1.542241791 1.165015303 -0.055551200 3.127609587 2.798833799 8.285971827 4.514030367 4.822897589 0.996194432 9.776046055 4.155267850 4.063785061 0.128905804 6.980090577 5.113659658 4.284386567 4.549756918 4.447042407
-39.662582715 20.906431500 -12.198737630 0.412610461 0.486189433 0.675075983 0.371005202 4.921490585 2.968935125 8.441885936 6.538515286 2.271703947 4.014745153 11.756425439 5.930535524 5.719170818 3.522314122 7.851846052 3.274839547 4.503481121 4.406793212 3.838928531 -1.048085098 3.291574897 4.162780411 3.119601173 7.763044202
-24.151097464 28.802321166 -8.537058167 -0.102555115 -0.141823625 -0.188855133 -0.966282695 5.378104880 2.491523220 2.414267087 5.539713801 9.504791625 15.388372517 2.544311690 3.423352511 -1.046723241 1.902815595 0.363972463 -0.567956668 7.187799957 5.279002498 0.966571745 0.094262819 12.364373142 -0.432829511 0.370702137 2.292008331
-35.481156287 26.146471458 1.304719254 -0.550650215 0.529772901 0.232108405 -0.601872663 5.879999795 6.565453156 11.051992228 2.159007423 5.087082818 6.459884705 8.087234188 7.466750621 5.260600298 8.762471087 4.675328449 3.388272413 0.604321596 -1.116450777 3.919603460 3.783013421 6.429821891 -0.326587975 6.773369887 8.161140942
-35.884486509 19.442847327 -2.296079421 -0.512618552 -0.474951578 0.066781595 0.712168125 2.394999245 -1.385038976 7.226728032 -1.836433024 5.046002349 5.118868854 7.556463082 3.732225610 3.820940148 4.577473262 5.307684052 4.220625711 3.730472762 3.220686516 5.422472689 7.134806289 4.073837724 0.520613129 5.258729344 2.154088434
-37.330852742 22.603966461 -12.912459448 -0.251266709 0.630979596 -0.036037919 -0.733096896 8.505574820 5.426932584 3.046525314 4.339727883 6.366844791 2.400530217 -1.740528471 0.799498280 5.974977559 4.862659645 5.796621360 10.226802332 2.422677448 4.344360676 1.788834068 7.020949127 3.738417040 4.005003701 2.345297376 0.427699839
-25.797050701 24.558548882 -4.793037476 -0.820256896 0.236527828 -0.330808320 0.402242547 -0.604810315 -2.705285922 2.918190906 10.747636565 7.546137881 7.358093383 2.818072521 2.308629790 6.304342416 9.017621952 4.338347177 1.513777036 6.655524846 -2.368048823 8.001629828 -0.135598809 3.682216171 4.286412261 -0.048333795 5.515059777
-24.744875976 30.621823057 -10.841230426 0.625543507 -0.389014421 -0.400103494 0.545234165 7.840304329 1.023940562 2.248060681 7.710392884 2.377929209 0.752448714 13.157640553 4.168933312 -1.639712022 2.523557579 5.893005449 6.858617701 4.386846018 2.560669353 1.598064868 1.286563088 1.100959638 2.084333666 3.188671312 4.990067170
-32.225377904 30.081844306 -8.694699581 0.749515185 -0.005783727 0.219518950 0.624503776 5.680682000 3.372957243 5.820035216 4.403693623 6.351809817 2.446931763 6.765254806 2.417356381 3.290496730 5.500273582 2.965826261 5.296035298 -1.577066930 1.540184863 4.467995184 6.051323722 1.046051162 2.313553569 3.766131245 5.517293293
-28.838058803 28.688642355 -8.387182407 -0.468799657 -0.872692597 0.127597973 0.048510512 2.926412629 6.507946448 8.960210065 3.604880070 5.216015669 1.722721624 1.347842810 10.383054687 -0.364442492 3.160519463 1.686939621 1.005026255 5.756532918 7.737862616 1.735559768 7.620992208 3.131617501 8.659006521 2.692358949 5.391255052
-41.701174858 28.704184833 -9.432710792 0.250532634 0.628135421 0.498066809 -0.542778726 9.385731580 -3.742374864 2.838215929 4.123353018 3.088572893 8.548145181 3.440255015 1.029471472 6.591830139 -0.715515665 0.579270343 -4.212647085 2.094724618 7.937997197 6.290446514 0.776675576 7.755064025 4.902216609 4.514095434 -1.130545362
-37.568029406 20.520879503 -11.309516151 -0.333269545 0.105301565 -0.098466825 0.931744211 -2.801495786 3.163290708 6.478206328 3.104061289 3.361591090 6.452456339 6.410621302 7.258870422 4.858504887 3.593245820 2.288312094 3.586183881 4.547916956 1.880810369 0.113304928 5.117843590 6.305656488 8.119696120 5.270999167 2.887890905
-33.757981001 33.350518903 -14.103548561 0.584899780 -0.569987773 0.279882012 0.504650618 1.794963331 7.478538870 11.442374749 2.087050837 6.467912638 11.452714908 3.233015022 5.693575346 -1.735145604 4.916068389 1.701923833 2.655420131 2.253562852 4.291030574 6.009980910 1.928155077 0.774478276 8.718806391 5.311898855 1.816623772
-33.331788765 29.603795316 -16.722284134 -0.334260892 -0.596124417 -0.576921665 0.447288194 4.503977487 -0.124353060 3.841101949 0.165524725 -0.361249242 5.468059332 1.151086437 3.797277889 5.955084680 7.986301486 1.417499314 4.613600285 -0.823295094 6.570288847 4.924699246 0.168137645 5.395126521 5.383342893 1.856044233 2.399872649
-34.575453125 22.429406404 -16.281482516 0.547862359 -0.548855721 -0.036774392 0.630279206 3.718223469 4.239146016 7.522624592 5.479806742 9.281527199 -0.204149660 2.706573461 6.287073107 4.459698057 9.805124501 3.397323414 4.285864789 7.046117720 10.092558999 1.866553173 8.204519814 5.484567539 6.172545952 4.923467726 8.583140139
-38.250307332 30.162816486 -7.399886492 0.352054095 -0.921503538 0.161577159 -0.027963659 1.792133676 4.387293105 2.120960961 4.242981253 6.677746122 6.397393023 6.287945499 3.646867335 7.987958833 -1.886969069 1.857715043 0.855046508 8.122585144 2.224586588 3.394880464 3.828162419 9.260834494 5.531531314 5.121634118 5.031362446
-31.027434502 29.922189940 0.061767142 -0.433977878 -0.288185199 -0.201245669 -0.829525571 2.291752086 2.066812719 5.593106903 5.630403695 9.080244542 1.298013815 6.276825587 3.978828826 1.544559561 4.118858837 3.298218437 6.210643818 6.796144489 3.915908007 -0.436649165 3.245260548 -0.014322211 -2.815450547 5.532591735 2.192812818
-27.300478353 28.862709792 -14.979539611 0.875439170 -0.042983651 -0.202711072 0.436654196 8.790857113 4.654994624 8.102447488 4.126561727 5.663378233 10.970833481 3.568172363 9.841063575 0.396939361 0.106211504 2.732671026 5.058825347 0.125906489 6.057113814 5.910419723 1.036176424 -1.177737518 10.543287555 3.823003277 3.204683696
-40.341884171 21.398343637 -10.323665722 0.851477215 0.139349994 0.493454178 -0.109868580 5.190968562 11.116411234 5.013843301 7.585710369 7.594054209 4.045912201 4.663811763 -2.607064162 1.167742455 4.696360022 -0.568923791 5.741273504 5.954356633 2.232349345 4.065399494 3.271081377 5.327595227 4.174791250 6.767124192 2.454300547
-39.146060404 34.367717556 -10.118065385 0.603261503 -0.140037699 0.751848950 -0.226248001 4.036370844 9.460495099 3.953508001 3.359356585 2.122751350 3.460792175 9.291525970 3.989241408 5.909463909 -1.300098755 6.506141925 1.434866127 3.200938495 6.933253574 2.475502876 5.071199183 0.317879210 3.867626502 -1.785101930 7.043732843
-37.840744404 32.838079870 -4.403875722 -0.759750290 0.560775173 -0.101178654 -0.313167020 3.644531952 3.802390243 4.669737457 1.678868685 4.173891905 6.532637932 2.085432489 7.305237342 4.460397448 4.362220508 6.642191516 4.180128389 12.755882877 3.595858519 3.196870686 5.728603910 4.190512271 5.721149550 7.889053410 9.895665742
-38.112081286 27.109959951 -2.286545196 -0.537410733 -0.519110988 -0.661197576 -0.067314580 6.726624385 0.320367386 5.967001758 7.141855461 4.634142984 3.607852144 4.968160414 2.736051686 6.550875734 4.604109086 12.684718540 5.925734594 9.376313126 1.787011532 12.230105692 4.256684197 1.728201323 8.615206043 2.801742314 0.784909407
-31.986996880 26.879893230 -14.236601327 -0.422839653 -0.725349204 -0.380895333 0.387290465 7.590379099 5.751847620 3.340667383 6.351594777 8.549469511 4.130964475 5.845637989 2.378361871 6.760746084 2.997169547 10.278253067 6.287880278 6.072551618 8.867295951 -3.250267791 6.857074910 2.549066880 6.757442485 2.914671137 6.292311372
-33.780800201 17.640400100 -6.587621231 -0.433063765 -0.345563986 0.331167088 0.763786402 0.701268954 4.322728095 -1.286131614 -2.381972536 6.986261652 -3.681605944 1.120536586 -4.275834206 -0.060099010 6.329206820 7.877339179 0.701656875 7.410214094 6.605587386 6.601733967 7.561038971 5.039187403 5.544418351 6.184617195 3.861045596
-25.304421672 24.331626333 -11.073888469 -0.120011833 -0.322912706 -0.629745727 0.696236213 0.452966305 7.780563285 2.210854434 7.461123780 4.798940983 0.591578275 2.008291173 -0.003287233 -1.440227186 6.276547185 1.025633063 1.790155260 6.111245939 5.312320541 7.955821391 1.368253765 0.505558161 1.818925344 2.041427668 0.604428987
-33.443824950 20.186191387 -2.872644423 0.102272731 -0.987880072 -0.106933795 0.046887252 6.463920856 6.641660086 11.165346157 11.270648378 3.624236596 8.221974998 2.159450395 6.902788339 4.486942180 5.352448284 3.562015416 5.765829988 5.885323609 10.877817878 2.987045081 0.315401202 3.859327433 4.060383595 4.763921057 8.754484359
-34.471542741 31.738738121 -13.713122160 0.404846059 -0.209078725 0.239924720 -0.857217524 3.373533283 -1.564106748 1.543632109 3.720150995 0.592901472 3.900106182 0.098452075 5.294503829 6.512826994 1.326250838 2.768147507 3.385308795 3.886098815 1.726574018 1.564940027 -0.749619059 3.186203471 3.360893444 5.172892125 7.289351750
-31.270825663 32.120545818 -11.363489021 0.265441733 0.587572788 -0.083606272 -0.759808460 4.680993428 4.496091547 6.826293492 3.656658431 2.804978713 -1.987024568 6.757357218 4.719000055 4.214178117 7.895342417 1.268821829 6.967552410 5.597689067 5.621225011 5.352492566 3.381832318 6.465034474 5.598632190 8.627559316 4.764256873
-30.086807671 23.695111213 -13.081778096 -0.596621581 -0.302602337 0.677789697 0.305083008 2.402978583 4.358212173 -3.593738327 3.590990395 2.172442077 3.124847372 3.255252942 2.833077470 5.578917519 6.243383631 8.199318618 7.263529134 3.822314401 0.751692653 1.828526170 2.165320664 4.565584124 8.066290803 2.081948226 8.511002320
-27.758147286 26.612261430 -12.567008957 0.568397921 -0.770521038 0.039091430 0.285819862 0.190470392 1.433251034 -2.795195531 -1.931027249 3.687548803 2.027341343 3.031903357 2.052403231 1.665042934 1.995393477 3.456226690 0.862990775 6.806782466 -0.006595407 3.464919124 2.233159035 6.577425643 2.107621946 1.603655727 2.257333290
-39.583582148 23.312649971 -1.239215546 -0.233861685 0.070914975 -0.506846678 0.826671775 3.679040404 0.738762636 5.161312369 4.563025482 3.210471379 3.922147550 5.263652705 2.825171999 3.592143478 3.756428568 4.848743897 3.622020575 8.687868590 5.096715479 9.031820179 0.145592196 3.902791995 6.555846905 0.554132653 1.402131760
-29.707397880 26.141573267 -7.019988596 0.078787661 -0.805814094 -0.409311428 -0.420618956 9.534736949 7.849455140 4.940491823 3.803171037 6.815251933 -0.467576090 -0.874959282 3.005729018 4.136596887 3.920956688 1.827186749 0.518298130 4.546118606 3.540200405 1.790848032 0.267236538 2.293605124 -0.888746209 -3.016322995 5.591155630
-33.858348455 34.150142395 -9.886167055 0.474298378 0.147852040 -0.485979809 0.719030213 -0.229042737 1.726736159 9.885224977 9.386889121 5.143033638 -2.232766624 -2.080386112 1.070984948 1.152640372 6.970431659 0.185191484 2.294174401 5.292490176 6.926281348 2.005327768 2.011397996 0.667104084 -0.648906930 3.418354002 2.987507758
-32.250582881 21.959023536 -2.565692865 0.258383637 -0.718685561 -0.447095136 0.465655345 3.455157476 2.916844194 3.249922111 3.345482612 0.318118856 2.268976861 2.263964253 4.045259432 7.583239709 7.289728074 3.696451944 3.462984504 1.635386920 5.008567957 -1.444457228 1.178245431 9.879836094 7.297895843 -0.374090037 5.269420385
-34.287613653 27.103100804 -9.796799052 -0.086913933 0.145308936 0.672021537 -0.720914929 7.029725565 0.051377655 4.354478859 5.052625006 8.408071907 0.721934008 5.250905818 5.103501818 8.937723750 6.276294108 6.326925976 -1.386212684 0.307382993 5.702317632 0.321121062 4.723719586 4.805170221 6.430429677 5.860913323 6.124492640
-35.966302017 19.692250489 -7.127231772 -0.579699062 0.581353106 -0.428626565 -0.377169500 -0.184078197 4.955514465 6.873131354 1.156217250 9.338509875 4.855689599 1.470125966 3.936270846 2.040832850 0.048678474 4.309873948 -6.853436532 5.442094607 6.888081279 5.425619921 4.856432863 5.203607357 1.661846181 0.269113356 1.204154236
-23.666825286 26.502570276 -6.765544025 0.006415877 -0.921396771 -0.269187886 -0.280222608 6.546310874 2.812850324 2.619864531 3.542838098 3.680760355 1.478307684 8.308366022 3.959883150 5.635113994 5.468318132 1.774578762 7.648829109 4.549172969 4.935566521 1.866274308 7.829332190 -2.320926053 5.246862882 0.487144036 5.371026479
-34.014621785 27.956645912 -13.467722865 0.056064468 0.404641346 -0.441202060 0.799038734 1.094394952 4.574251730 8.815517618 2.025864602 5.117875677 8.913577743 1.203454079 -0.331395697 9.901137887 6.707410341 7.410786951 5.153267227 3.130147539 3.300358130 1.643570466 3.220960093 9.669435724 9.087151436 4.009062952 8.870767332
-37.839382830 27.239805141 -6.100196451 0.206095927 0.291250238 -0.286744057 -0.889086955 5.724099052 4.479892837 3.995027887 6.288232684 2.335193681 3.659564647 6.624310048 4.399408564 3.725776739 2.934745792 2.285577632 -0.960022464 4.171270713 4.497083750 2.396841956 8.626520245 4.695156294 -1.000531846 2.285048797 4.476854948
-30.298933783 34.448278933 -12.768396312 -0.616211081 0.785344981 0.010370972 0.058391844 6.175112271 5.023099721 2.792689974 0.105636830 7.046529326 1.957176127 5.229129243 2.511534452 -0.575593000 5.386982996 5.000714212 8.300281763 5.775290661 5.370322202 2.120047244 1.782685368 3.118932428 6.378116496 4.879239357 0.064278214
-41.602552467 22.260292959 -7.993566451 0.819211758 0.344646180 0.295020582 0.350818988 4.370656397 7.977004537 1.077714579 1.215202068 8.382080169 -2.729203834 6.503403670 -1.937105936 6.532273454 2.076302505 6.068202027 1.729210727 2.710071817 6.123587899 -0.714669127 8.282083706 2.169365513 10.158511975 2.343412648 8.471233882
