-9.134205861 16.885498090 19.824075224 -0.668210962 0.248775359 0.428289608 -0.555133266 7.055754477 -0.870155666 4.886583587 -0.401879610 2.310061252 2.487078491 -0.545957580 1.486995429 2.600574914 -1.625688917 2.189904084 4.048433782 3.338757851 4.438277763 3.505856588 -0.619857416 2.936210641 5.472713636 5.533918276 5.161141244
-13.749632387 23.422318985 28.596931100 0.249937947 0.248388786 0.843849557 -0.404662771 0.667241070 -0.110727640 2.691264873 7.092052460 3.854560721 3.987443990 4.499385278 0.296145077 6.773086018 3.747679650 4.945868276 5.349264665 5.159992574 4.313847527 2.835636501 1.389779395 2.868635675 3.819672906 3.260380660 2.538737042
-6.663365710 20.527501665 28.374657288 0.817268251 -0.356411650 -0.397495791 0.216888078 2.879447924 -0.857975060 2.048778465 10.457882413 3.351197645 6.306025970 3.631912089 3.593857719 2.222729541 7.747425109 5.459364664 2.895429892 4.922756107 8.686683484 -0.303532793 8.151169330 0.405236788 5.094367857 4.548579145 1.983916771
-7.633484160 23.593685323 32.711427541 0.707690230 -0.293052338 0.473679814 -0.434651929 2.430049586 3.645353034 8.055872339 2.745031797 0.615824397 4.543464001 3.016934714 9.674058517 1.988083253 0.996284139 3.717505051 4.285148081 -0.281962147 1.997113163 -0.260393950 5.203936565 2.359253026 6.307219775 5.230217641 5.623252334
-3.913194398 21.694026141 23.865789048 0.382801065 -0.309772916 -0.607849496 0.622914982 6.090357684 4.084346198 -0.952406041 5.055578244 9.324181070 3.646351807 6.823419747 1.063500783 2.997730407 4.977201792 0.533040483 5.225496674 9.954133631 4.766023303 -0.767889925 4.173164186 3.329599667 3.876377573 2.516185619 4.094591295
-0.755245882 22.062937734 27.645833642 0.137345497 -0.157182635 0.899715183 0.383330697 -2.031672319 2.473257974 3.663575036 2.462597140 6.375605555 0.244441233 7.450312087 7.073786182 -0.030279816 1.458663735 0.382008967 4.792493818 -0.804014164 2.329043381 -1.910322837 4.780701808 3.262058693 7.202150898 -1.215273954 1.567312869
-8.038876461 30.072141998 19.464662437 -0.706488077 0.209494941 0.195130525 0.647232991 1.567305541 2.825063466 9.151866192 2.310415609 0.402630742 5.540128203 0.270576389 3.601756786 4.481788913 0.939056254 0.813934701 8.214463168 8.409125560 -0.654509279 7.119421901 5.580527826 5.187898904 -0.282346059 -0.672754026 8.253133292
-13.031561024 19.351368152 25.140942602 0.177346980 -0.153066693 0.962864879 0.134200823 -1.145542828 1.276751215 1.725468501 2.205428196 2.808896795 2.405935909 4.995589893 5.429342084 1.849378178 5.451674984 8.232153436 6.488095972 0.758875352 6.564553024 6.228709308 3.208272766 5.629695008 -0.007983711 7.647970350 -0.232472131
-16.031549974 30.442370162 27.081310034 0.306500356 -0.025418964 0.691076359 0.654083232 1.417048803 5.120331271 8.122464846 2.446208279 5.699776213 3.945499020 5.795038966 5.935452872 3.924481652 5.245474021 5.488941988 -2.815948881 4.334844801 9.344946594 -0.096809122 4.099617978 2.271968241 1.764084995 3.588807485 3.594924165
-8.317928545 31.141853601 26.701352431 -0.099161049 0.488247993 0.722513361 0.479328099 6.430258851 2.948432065 5.532103319 0.996135964 2.564140195 2.898904935 8.649528430 2.434816141 4.898308978 4.292773004 0.663975062 2.753024380 5.015774187 0.910705073 5.081338045 5.799952059 6.133904100 3.291923739 -1.535628585 4.576077989
-11.299968356 27.785337550 18.566540545 -0.001626900 -0.892078056 0.402983220 -0.204447105 6.128525819 2.778612378 4.808783125 7.057821346 3.827917038 1.340853634 3.083821428 1.853370928 3.205352922 6.483424819 6.370971611 2.848936561 2.955035340 7.520024434 9.634528424 0.548647595 1.031324718 4.514282830 0.879580507 3.166259118
-10.757168310 16.388644409 22.606854643 0.027066524 -0.019672700 -0.858925601 0.511006067 1.595002282 6.386124333 9.530915297 3.195164577 5.735432323 7.913454411 3.396339939 8.665045476 5.297374648 2.628599459 7.961648632 1.450638787 4.788268191 8.384050863 5.213862167 -3.539471099 4.600062911 7.675548818 4.593091144 3.886860603
-4.103506789 22.852070432 30.316115457 -0.588678890 0.726682340 -0.227594642 -0.271275910 6.619702651 7.465612967 7.591201688 6.710900962 9.135280868 6.562126127 2.102959291 -0.407829234 3.435694507 5.949685781 2.097051708 5.029186274 -2.840855187 9.326285749 1.193672388 0.790782128 3.071135644 5.305607555 3.801044680 -1.197490352
-0.905801233 23.060219936 28.501732176 0.417258860 0.749024670 -0.476589164 -0.194216007 1.131494541 8.398782115 4.628413261 1.119435521 3.976801953 8.666386913 2.537933450 0.764524688 3.207828979 8.954117701 -4.051786912 5.956957023 4.589439131 -1.934176539 9.554105723 7.414530388 -1.253412767 0.516522825 -1.385621770 5.062921511
-4.595959364 22.237373029 23.373012459 0.777116276 -0.075831465 -0.463603296 -0.418821999 4.008616335 4.965104238 1.833441481 7.178782270 5.413179395 -2.066189598 5.971611386 -1.826249628 2.901401161 3.981460617 4.716576314 2.536405050 1.051397261 9.882608674 3.425834846 3.478323088 5.903980858 4.963010232 1.919605039 0.358585911
-3.315493845 28.394354170 30.076500828 0.784501068 -0.515866903 -0.333372124 0.085454310 6.876722713 0.572287119 7.070957642 5.137955727 3.793767359 2.113222690 6.079561409 5.004865117 3.435843874 5.844154321 -0.534438524 6.094586379 4.899236842 -3.011201749 1.364730501 4.857897926 8.348556241 1.978560784 10.210421912 3.904881301
-11.482394494 24.719595747 19.759809602 0.693742659 0.095985541 -0.705654657 0.107514670 6.129855517 6.142290372 6.210816292 2.662779999 0.751656273 3.500733756 2.164479930 3.519443351 5.735113220 3.868092783 0.316591230 3.672887699 3.987832076 3.888346133 0.767724400 5.015279244 1.210468869 1.577847837 4.025189117 -0.514104738
-9.402245388 22.048781625 25.245531524 0.224973975 0.251817647 0.650684799 -0.680135189 4.727300069 4.472143091 2.803930773 -2.968324883 3.046050296 7.076553336 5.345449754 3.419336785 2.121664263 6.209791380 5.343348067 1.242809256 4.777930765 9.074533233 4.548981042 7.328363758 8.097231748 0.573351925 1.761332975 5.911618970
-5.500232976 27.188709868 26.198868200 0.028750473 0.338489530 0.149348000 -0.928597557 3.250163425 5.566279529 3.535388314 4.524394319 8.955473769 4.166665363 3.258327587 2.373994103 -1.085718906 5.980655489 3.555681028 4.338425395 -2.243297173 4.266005810 7.757515662 4.120534486 4.593167144 4.514010660 3.777215265 4.754332006
-9.500432234 29.268793877 21.353017464 0.411950516 -0.579543634 0.121523777 0.692573405 8.909129179 0.890970436 0.744060525 -0.790480986 5.456316529 7.068887066 9.376462435 8.116917118 1.867805421 8.903103319 4.377767861 5.773306811 4.491436622 7.438937431 6.140686110 6.743430288 3.358373897 8.156976387 5.437904173 5.795817270
-13.969497845 31.235114556 28.026395216 0.672315689 0.190844207 0.433522301 0.568883572 2.637227664 6.382929500 5.465749359 3.497749843 -2.531016164 8.875391939 3.575690795 2.989105489 5.145232149 4.583883814 -2.001590022 6.715518210 3.367868773 3.024040882 6.995510437 6.199893945 6.709253248 2.535773903 3.149019997 4.491004026
-4.208378903 18.339442113 29.808647335 -0.363625219 0.265445315 0.387191618 -0.804610549 0.434722456 -0.311450014 0.019739378 5.595508496 9.126695637 6.381241753 6.471886788 5.695931869 1.491853431 3.302113015 5.845187402 6.927773573 4.363857845 3.378196934 5.098155702 7.042355570 1.996508644 5.759254707 5.060309975 2.121401788
-18.200997573 22.770288343 25.527372692 -0.103649431 0.685096228 0.663592466 -0.282037220 4.210976503 6.495130388 2.610987971 5.394754090 5.618218826 4.657431232 5.618372123 2.068522322 5.509869390 8.187450720 1.837309341 7.613728933 3.245416430 5.641258706 2.563987149 1.480861734 4.186255251 6.547188676 3.404454669 0.313251773
-8.160952547 25.086237131 16.381747082 -0.187886626 -0.790514700 -0.320960003 0.486589972 4.300557113 8.925951619 4.632448981 4.111171869 0.094414859 1.141253240 11.343566253 6.410737426 2.197302868 0.813450228 1.086113375 7.028492921 10.556486775 4.632627813 8.181165471 7.013458863 5.186988952 5.414360038 0.484460556 2.113144221
-8.702161669 28.141455410 25.828227341 0.525974609 -0.298524323 -0.558705135 0.567523138 2.819598306 5.521654670 4.619650863 1.184993228 10.190333650 -0.305257592 5.230390990 4.948521632 6.506963192 4.051848045 1.307189328 1.784015992 -1.324420959 8.423382657 7.836636132 3.497976535 0.566693593 5.534857261 -0.601584585 3.949693089
-12.852248211 17.664621820 23.623183255 -0.363649610 -0.818625125 0.420326737 0.144697269 8.101106279 5.108418503 2.635913605 10.285833163 3.852146811 7.707945356 8.071413725 4.877759142 7.938520757 5.507862005 2.392342484 9.602871188 -1.739880371 2.552139489 1.282832001 3.001488981 3.670139299 6.409533586 2.404191958 7.334131697
-6.819297437 25.226595079 29.970134591 -0.501337431 0.118345252 0.669227689 0.535527293 2.500464318 5.751695140 0.558967476 -1.689285481 4.678671375 3.090044478 0.676095680 5.880197829 1.716057664 0.070269069 5.121667406 4.063859421 0.794656290 6.346261499 1.972947284 2.575231204 5.676562255 -3.790249347 8.104494703 2.506763270
-11.976057002 21.768128886 19.930477191 0.932672857 0.094735345 0.345159216 -0.044851652 5.217211530 6.138402548 5.330165980 1.446765629 3.092224815 -1.189506972 4.624095179 -0.318974420 -3.937090605 0.629667414 9.342630639 3.636985627 6.923891700 3.898522391 3.086158750 7.715310952 3.719707066 4.208447351 -1.788834946 9.354963239
-8.265504632 25.058975447 24.846053297 -0.092794473 0.176362244 -0.157624970 -0.967181428 2.663563018 -0.686115299 2.701036612 6.192353343 11.383595480 4.376333277 5.348555254 5.083225214 5.974317016 0.078218319 1.671045018 2.829251016 7.218846228 6.993144258 2.750896467 -1.722885553 4.512054500 5.529299152 2.988465752 6.995369727
-2.503103140 21.914647308 25.133008083 -0.534991202 -0.588169159 -0.120759769 0.594355561 5.012153740 7.581575503 4.516463505 12.085306883 3.239790291 4.485717292 7.753155845 2.227187085 5.643021255 5.857951245 -2.051641135 4.146555163 -0.732953401 9.790293559 3.494895693 4.777954830 5.947093745 -0.837858561 1.763511091 4.209677758
-6.693117181 25.881696965 33.928859986 0.079337459 -0.253426796 -0.935832781 -0.231727067 4.429862381 -3.061655766 5.231826867 4.977056321 5.357197879 -0.372343926 4.739454212 6.083386629 1.938784176 4.314558231 4.760596387 0.696810060 7.708701724 0.993107380 4.040628669 1.482636592 8.208459728 6.772242866 7.993925369 6.219920187
-3.673921872 21.468334093 18.558430213 0.382246720 -0.785680438 -0.471064820 0.121209036 9.757135056 3.551232514 5.418725151 7.437413145 1.379311589 2.841418086 3.332595548 -1.305572891 7.610730042 7.501959010 0.460822555 5.774028920 3.819585642 4.294290866 0.167184955 3.721707814 4.815422717 0.513172819 4.996505392 6.390084652
-13.001010818 16.991019456 27.061010641 -0.807791164 0.231917829 0.534582895 0.088930783 1.593601399 9.211558809 0.651810850 2.723874504 5.063296360 4.517205181 3.557822495 3.610413852 6.548827739 3.281598777 8.085144076 8.448105798 4.262593217 8.118169259 -0.524575060 6.198619894 1.536056461 4.936895439 -1.520965974 2.773338747
-3.696589603 28.183188083 31.483536303 0.191317889 0.722996981 -0.529108461 0.400895333 2.547704413 3.455916658 -0.556106434 3.074492718 0.171876309 2.712622845 3.675243043 3.602886276 4.704606860 5.764958267 4.018492372 5.056071789 5.848985763 2.625869081 5.124844041 3.402835380 0.429390283 3.480922667 1.396901883 5.721713929
-8.325350148 31.596016527 31.222955417 -0.570628995 0.407559756 0.683455364 0.202894950 0.567441853 5.311114538 3.524442662 7.204420860 5.892525939 6.623579935 1.234701401 1.601245730 5.772324486 -0.503877946 6.918385029 6.238169346 5.022837251 5.433333132 -0.208972772 6.791714443 3.084712020 -0.340977750 7.292300260 2.399459096
-17.576777143 22.392591932 20.060788826 -0.149121236 -0.302932956 -0.535148040 -0.774345567 2.741764916 3.769682828 6.106926880 8.224051669 3.797527595 7.767420435 1.648155343 -0.341429587 0.373648300 1.320377443 7.834260189 6.910028432 4.647561111 3.361461252 3.699552897 3.379113152 0.777847956 9.665943298 7.711053066 5.813305237
-9.654966260 17.352341719 31.619634879 -0.584913041 0.687879178 0.411999807 0.122291168 7.469824457 -4.047072206 9.459765498 1.467724786 1.831828396 2.284275609 5.392213179 4.796110930 6.666835711 5.287273947 4.743614009 0.046877242 3.607703755 -0.295496521 4.931816604 -0.568188044 3.666272257 -0.630855426 2.363824461 4.823104157
-5.765447492 30.516486979 26.074895628 -0.463528732 0.199113385 -0.547438728 0.667686913 3.595758465 2.791143644 -2.695044613 2.760949131 1.084343465 1.185062287 5.525059887 -0.797220328 7.569417664 0.564202316 6.400176015 4.174343391 5.433926994 4.690674887 8.159760728 1.766930064 6.144088551 10.981774974 2.267377057 1.978680925
-10.982508814 16.862804018 31.026253757 0.329908086 0.718580279 0.363692918 -0.492473857 10.004158068 0.006079703 2.714377631 -5.156646387 3.932844622 0.479056299 4.133379979 -1.235581833 3.614708486 -1.784075812 5.381594722 7.074706043 7.977143846 8.090834399 4.195226062 1.736830082 -0.527540637 4.620896563 1.296896053 9.190935910
-10.385876400 22.254354583 19.928726181 -0.327884094 0.495378463 0.266323424 -0.759054697 7.074340137 4.099176786 0.080749687 2.518191137 6.530921581 8.353759708 0.083242467 8.806184690 5.104763027 5.337839210 10.594018782 -2.373075529 9.828542935 5.106917173 7.420469739 1.383573055 6.395581394 -0.941076902 5.166351462 4.678676137
-15.679977552 21.535856532 28.981314853 0.445627191 -0.717526144 0.144279725 0.515515276 4.449316900 4.637869632 1.365097018 1.666167882 2.961457171 -0.539272397 1.641231475 5.220011873 4.980223774 2.258866232 2.777139707 0.601795450 9.006282728 4.207576543 5.392184173 2.604094835 7.661828247 1.354676339 4.104770553 3.965376091
-15.809745304 20.531722168 27.000011577 0.327924671 -0.510608175 -0.118753267 0.785902261 5.525442012 7.122897149 2.817204581 1.319264731 6.644124405 6.227788272 2.925218439 5.929923190 6.728920698 5.008402155 4.549686278 3.872114357 1.962291273 1.797015143 3.489527035 10.471594932 7.668330049 5.413810448 4.850057479 8.340394588
-11.983119481 28.386103617 28.132831443 0.380894521 0.558733052 -0.107660310 0.728797639 6.200072693 1.115459520 5.415221181 0.779930766 4.571835581 3.550105960 5.309083013 4.281281198 0.422197605 3.307384549 4.844985849 3.234256384 5.732238152 4.675419407 2.823195903 0.972555110 5.642107935 6.929629058 5.234699300 2.703816785
-5.985291905 19.228467743 20.059456869 0.280722000 -0.937132243 -0.204932376 0.031321543 6.534639921 7.067189155 3.621361845 -0.523254638 2.089091228 3.174029421 2.059859217 8.205073832 -2.514355853 3.209984841 1.252137639 4.816079869 4.148697852 1.190771506 3.961527612 0.578001734 6.719297305 0.804054949 4.894778664 11.255210161
-10.525705709 25.902726688 27.107551120 0.599227097 -0.688602902 0.267245263 0.308760262 4.367915112 3.112619608 3.312586444 10.184686410 5.765724795 7.874855401 -0.150940946 1.013768894 3.512638421 5.111694501 5.389352263 2.021702269 8.412785443 8.252328954 4.370370379 8.064193640 6.317655215 4.119745782 3.786961506 4.508973655
-3.534348925 19.460723718 21.253837130 0.186021529 -0.863630574 0.236506565 -0.404478513 4.537110093 4.605137577 10.968906370 4.356209074 2.265140896 4.698875248 2.759721237 4.344243080 0.273178312 3.705727540 -0.237408698 3.557677191 1.625720014 6.347140849 3.248928763 4.576972476 -2.118603464 1.574380963 2.943185807 2.955070047
-8.378782670 24.123063555 30.894020261 0.249248188 0.615172144 -0.705817793 -0.247507205 3.723219265 4.124072231 8.192531971 3.803078007 7.421878859 4.441041368 1.361923180 3.466651077 7.533641020 4.426183723 5.016072321 1.868019445 8.575240567 3.932438044 1.511174722 5.609460606 1.782164568 9.725865647 6.620899883 2.746324081
-14.263931788 18.793086642 23.445862774 -0.302031848 0.892666529 0.071332961 -0.326855993 4.808087275 3.808858312 3.458152140 10.741604732 5.465268532 6.792329390 5.811861328 2.902064871 6.662770185 7.223358660 8.701258429 5.379153749 9.215036583 4.756152335 1.308886093 1.429344616 4.644430100 3.549441595 0.463995571 3.861452729
-0.695180280 20.561085496 26.579005627 -0.500229603 -0.248970370 -0.144651853 0.816614928 4.359620882 4.481185714 6.629078442 8.118614983 6.404273930 2.005342330 5.804922730 6.743067593 6.419608813 1.393895840 3.646299632 5.463577804 7.521696499 -1.275992841 2.384958431 6.874567304 5.693076635 7.579236995 5.068613416 5.799238163
-6.433420487 22.966570653 18.610328571 0.433244233 -0.182465460 0.225831425 0.853232652 5.241922083 0.685931981 4.789892196 2.077334094 5.704674732 -2.390772256 1.400227495 7.368318932 7.276370527 -2.039653900 2.791658591 10.889074788 6.000018414 4.396957430 9.379904565 3.784537631 -3.126499278 8.891878509 4.726389585 0.678490259
-16.284234297 18.170158624 21.116218230 0.534667350 0.225261149 0.598989424 -0.551905708 3.001754305 4.835880495 -0.411181635 4.168479478 4.250048969 6.683163164 6.876205048 3.022704155 4.052618127 1.844926394 -0.118013585 3.107880527 2.578680960 3.294770470 0.754086195 3.928869321 0.720172682 3.425164531 1.754583782 3.422782119
-7.442785507 21.496769938 26.847340839 0.213717428 0.495816582 -0.256139774 -0.801799971 3.696118390 6.479652518 3.813813051 3.581202971 4.008597797 4.294984365 13.059397319 7.070010240 0.942101818 8.616225294 0.543363378 0.418470542 2.862530796 5.683649068 3.667970537 7.473744118 1.571643558 -0.332145888 4.581919963 5.379561470
-18.136302667 23.941434339 25.029374006 -0.545256759 0.237003178 -0.031112959 0.803465335 1.250911534 2.256690884 -1.320862105 8.713030080 7.079754304 5.280966586 2.165273757 7.157269081 -0.657639208 0.757721135 0.712117765 5.728499967 6.424690295 5.494214613 1.062212959 7.017500607 3.168304362 8.167449141 2.333603786 -0.865162716
-6.467396290 18.549649659 18.487667551 0.342332640 0.042980257 -0.118386670 -0.931099166 1.499591640 1.034697616 8.061697168 0.442161724 3.276247240 8.261435669 2.885096171 4.114365486 -1.637370264 5.717402014 7.128794268 1.184837489 6.257732928 2.069956829 5.243509308 2.913497131 2.609518140 5.666884260 4.156196654 0.323699103
-8.844078646 18.406130289 33.549467790 -0.577057366 -0.333051539 0.745537189 -0.015992759 4.410041692 0.940659687 6.815226074 5.874495987 3.061391011 1.883562915 3.786603066 4.484850500 2.319038453 2.221079815 -0.211773655 6.880916021 3.857970352 0.694845918 5.372358866 4.790333910 4.731142157 6.321604916 4.833339496 4.371397555
-5.269188573 26.912697684 28.066413115 -0.471695585 -0.685818169 0.300646721 0.465583787 -5.827432001 3.904768071 1.349505975 2.940431030 1.677176853 0.797603380 4.364722676 5.386580363 -0.739011976 4.943287860 2.640457568 3.535404992 9.298158520 0.205152207 -3.514719503 0.535542795 2.061643412 9.995375782 1.822231665 6.291273901
-2.021653602 29.501395468 23.056986688 -0.086128128 0.719247191 0.109498682 0.680643418 8.776209172 2.421874477 5.138818739 -1.544485277 5.087234273 4.996365157 3.841986985 -1.937164441 3.510005818 2.386956505 0.437299796 2.395390187 1.644081174 6.603376271 4.535832928 10.463943769 3.275356477 8.644379822 6.446956233 8.675679063
-11.281563583 26.060163712 21.266665653 0.087244043 -0.562321829 -0.217436906 -0.793034570 1.484748265 9.438119476 3.826186862 5.116755671 0.628547777 6.225594631 -0.042611077 5.402205808 2.412715830 -0.059445596 6.514782554 8.167501242 8.093352042 3.429684158 7.007402343 4.116175569 3.073307871 6.589804784 4.499393073 6.786455344
-4.204293921 21.903963540 22.391688594 -0.332334505 -0.161355986 -0.877585482 -0.305551541 7.934887863 1.544996332 7.009396371 7.914304542 5.235269075 6.125471233 1.775220890 -0.355751678 8.171170467 5.391005414 2.987926206 -3.794499832 6.718484716 6.983513388 2.270905975 6.070039362 2.459796611 7.486240893 9.096838498 -0.568297889
-12.918930682 31.873386459 24.504950815 0.330710724 -0.038980158 -0.935397038 0.118925799 4.481874101 3.703199759 4.788012903 4.209402241 0.280179525 3.846581237 5.806150143 -2.183944413 4.596497402 4.054499184 4.833887838 3.720199737 2.216647535 6.991001898 8.401848195 5.548505914 10.690887057 2.017337021 -0.642195670 1.466623941
-10.933781998 15.660014215 28.703414543 0.777694986 0.223607439 -0.578835343 -0.100696914 2.152520220 3.857480417 7.010626637 2.801343032 0.423370707 5.005486428 3.865811889 11.109267587 0.073612900 3.147693080 2.674741831 0.138990435 2.266352876 1.606211535 7.038211249 8.320580045 4.766212028 -2.235440898 3.732737135 4.450335303
-12.330954843 22.564832229 24.553659333 0.005486532 -0.707937925 -0.657780050 0.257136534 0.359126744 4.227684346 0.648392358 3.584617861 7.303636282 5.198377115 4.895310890 3.081283344 0.380699029 6.181047165 4.611804427 6.756355595 6.132773561 -2.055696411 -1.261327434 10.428750247 0.241906304 4.714768371 4.758171063 5.923884451
-9.502403589 16.184179659 30.601892586 -0.109967623 -0.717839053 0.680129982 -0.100186946 9.504581038 4.469172392 2.076929875 2.298597918 1.875744327 3.997173565 3.905280219 1.004375585 5.061395481 7.074966389 3.256951436 6.473011950 5.793160390 0.606322626 2.096868540 3.260519115 0.109093275 3.246861898 2.381609006 6.875231497
-4.190350818 23.834757364 18.841037258 0.075510615 -0.537127887 -0.334584171 0.770613530 4.083242622 5.872886976 4.507607126 8.670187340 7.283159797 8.220828355 6.860581833 3.250420500 -0.503015742 5.466639395 7.191574101 4.277643861 6.850725057 4.141950045 8.778349928 0.174896083 5.612590993 5.624987443 4.166446167 8.132840257
-13.109540845 26.031152865 30.754541880 -0.037442365 0.633469186 0.764214073 -0.115289678 6.155514480 1.507696039 5.358492817 7.245000262 1.663271682 3.756099718 2.041247984 5.295005318 5.581819717 5.143373642 4.827785022 10.335719598 0.850401676 5.233167463 4.980365855 7.008900025 1.689360438 1.809039860 3.750340177 3.011380427
-8.031483834 25.631732376 15.685523844 0.000003177 -0.155485271 -0.738418877 0.656172152 3.626509610 2.071078144 4.681221780 1.666114100 2.876956365 9.503536326 0.130120535 0.849836565 5.543325339 4.625197347 4.729184005 6.761765154 2.990055689 7.009567502 4.067709362 5.891239991 4.889947054 4.733160950 1.440625074 6.829933510
-6.208617674 19.042812251 27.143857962 -0.595784412 0.043477376 0.699159109 -0.392844997 5.622522315 1.763842632 2.323120911 1.967504817 4.497795594 1.652819406 1.809019394 7.490472809 1.853469800 1.502794279 0.505154462 4.835884519 1.402762767 2.584509455 2.968662202 3.634842234 7.844204596 5.789432953 5.214828083 2.552303199
-7.827233988 25.695871409 34.564872399 0.861451169 -0.147643869 -0.462625804 -0.148595212 0.324848543 1.123747136 3.218682468 4.844349476 1.516460224 1.846550641 1.748321902 5.082167262 8.206148046 6.993314293 8.641291313 1.696985192 3.784742713 6.536977116 0.127238435 1.249244693 4.950257746 8.320425338 1.164724732 6.453602736
-8.967305190 32.522890258 24.143458138 -0.480740275 0.628094750 0.606822846 -0.078433452 0.550917751 3.867338749 -0.276010943 -1.644126469 6.170420754 4.523626414 4.705109083 -0.555336155 1.436065986 1.352928033 3.427452499 4.908187554 6.700245960 -0.745199446 5.816129459 1.549404995 4.331208452 1.931443913 1.825851909 3.411123242
-3.660556928 23.226921194 23.681288044 0.585630130 0.566478551 0.434486100 -0.383876583 6.543170181 4.635865624 5.898610761 2.478465078 3.195567994 2.001318773 4.095246564 4.517567198 1.838925816 6.524673617 7.507314247 4.413860852 3.273396324 3.348360643 1.507062486 2.779171673 5.600145010 5.319441308 1.800104086 5.407314935
-13.365214706 19.027530198 26.840725505 0.492794917 0.763122748 -0.415611254 -0.045432660 5.709806550 1.838796683 8.200489757 6.067506240 7.399848317 3.040542894 2.710880564 12.388337869 -0.029082226 1.236469852 5.272494615 4.683705666 7.262451855 3.222780472 7.892598159 1.714524750 1.989468124 4.007925156 1.387995600 0.074687663
-14.203670379 21.114191627 23.729597670 0.073016611 0.930754108 0.117882437 -0.338332818 2.982133616 1.404864246 9.915605781 -1.022408499 -0.527016474 -3.173201643 -1.466088793 2.818811455 7.910058058 1.667467427 5.300604860 7.304839475 2.350679184 5.347933106 5.964342889 2.774182511 11.541579747 4.706629233 0.701280529 1.205364409
-1.361407554 28.358902304 23.713305209 -0.430512985 -0.890080614 -0.014803552 0.148982967 1.014613015 2.511013489 3.450785651 11.190074451 6.566167499 1.454304529 3.279623666 -1.067690875 4.624025176 5.771662873 5.673296616 -0.630725265 6.227859991 -0.379720434 5.473551968 -1.914569916 5.903337276 2.950650044 6.193870766 2.263776776
-11.310652531 24.239034545 31.009754799 -0.018178009 -0.571304136 -0.815497402 -0.090802705 -1.908186089 7.242203442 0.469549133 3.168162900 7.145703287 -2.712443576 2.877816025 6.220959730 6.569563925 8.836300005 7.490868363 7.710031306 2.345847515 5.728996268 3.788916171 0.889904493 3.257907310 5.888448370 10.265958210 3.305391206
-1.081106329 20.906373972 22.046025416 0.230378033 0.224059942 -0.223957560 0.920090276 0.804883283 2.321724921 -1.798336422 0.208726895 6.003566690 2.932930934 3.433215674 7.087311437 0.353712501 3.987555713 6.268770576 2.982121761 -0.200315572 0.408760910 6.046760071 3.527990378 4.459972577 -1.498987689 0.498401811 3.051430137
-19.303238782 23.740361280 26.401924804 0.330040984 0.331724105 0.883044805 0.035551926 5.963698566 2.979789281 3.861456429 1.759571731 2.736508490 6.821956461 4.434246702 4.385080050 10.443003196 5.171933130 3.113983836 5.090081137 3.027529350 7.296355873 3.743563673 3.334846584 0.207946905 2.687417694 4.583380805 5.225310623
-10.528212906 20.098452810 32.644849949 0.500611249 0.603273524 -0.405399946 -0.470213055 2.425749339 -0.014444708 2.902346937 7.132717982 9.852167425 2.787090177 5.886042377 2.045103111 2.140936214 4.004800258 1.697431861 4.770242793 9.172361991 3.666033187 7.957393967 1.784049735 9.072428322 5.385936592 1.127596272 10.082548736
-3.687874470 23.323907845 31.053305200 0.167435915 -0.559528276 -0.499812355 -0.639594350 1.657036425 2.233475955 3.172258552 2.514469336 7.739002168 3.273226500 0.876272491 2.895693031 4.633755153 4.324747112 1.786701263 5.521826732 10.400873032 7.548408746 -1.192527242 8.559538131 5.624062149 4.323082877 6.122609685 4.750533036
-7.814014351 16.658423045 22.769905038 -0.296237089 0.781018225 -0.126796726 0.534954867 9.289420379 8.166289499 5.458779777 -3.983967677 0.016616827 1.917078537 0.581296456 2.327347179 2.627097469 5.380639692 4.654146904 4.253476797 -0.187570291 2.773627309 7.435783165 -1.115568714 0.150385645 9.561337232 6.405735664 3.271116358
-13.288512169 22.459437110 20.145480129 -0.023399313 0.291263168 -0.879283881 -0.376135742 4.898795768 4.796284121 2.810718398 1.802587728 4.602522808 1.513661626 0.007267689 7.073662747 0.368822922 1.325070323 5.663670154 2.796319980 10.612938417 4.641939420 -2.897088858 5.189674504 3.266826347 1.082371602 2.650891065 6.650600814
-12.973552487 18.782333696 24.583098941 0.365591538 0.015716177 0.149954298 -0.918482192 8.686249365 5.470826627 6.189949293 3.554593878 -1.749428152 5.561809695 2.153664867 2.101382983 1.971824260 6.594863082 -0.038316942 2.958428371 4.377854876 -0.004484116 5.486155241 5.015113047 1.485664949 9.314732997 5.906657256 2.231043761
-7.483052152 30.909814439 31.980065612 0.014965854 0.882312139 -0.445153591 -0.152117039 5.003589084 5.383117820 5.627572842 5.852938338 7.894496836 1.617950583 2.578372138 2.081585845 -1.981033667 -0.523089886 5.257949329 2.559036316 4.029494043 5.536090418 4.206831078 9.375087563 4.196155000 4.602984858 6.899883001 2.908334268
-5.328090825 20.584083087 23.722521835 -0.703763365 0.059486933 0.067804477 -0.704685025 7.917288036 9.125442400 4.149022068 -2.015841349 -1.687904451 5.756957359 5.972517264 1.844555256 -0.839738044 2.677586127 4.003797480 6.058432855 3.479205107 4.737477734 2.938559841 6.245735802 1.492336223 5.240901257 8.196349701 4.576630155
-3.673377091 22.319246919 31.895925604 0.057109664 -0.616829762 0.286862418 0.730732156 3.554971123 5.016485249 -0.520636123 4.426234209 5.755881447 1.402589102 5.821870510 7.987302859 4.494494071 6.039327712 4.094287905 1.495733636 0.587646092 2.883637937 3.855108210 1.002620272 8.927874440 2.267205616 -2.190414456 0.968321958
-10.692681653 28.452300687 28.657211633 0.823777004 -0.317104046 0.415998587 0.218590133 1.380033262 -0.305475486 9.725734701 7.185456879 6.075314254 5.473375786 5.222669702 3.695054463 7.021730713 -1.090808370 3.038623243 3.355752114 1.775602686 -2.545575463 6.654970594 4.572841580 2.802726785 0.185446134 2.448419438 2.499219041
-8.986065339 19.667067310 30.616853443 0.512614124 -0.729441616 0.432625833 0.134076760 5.129782352 5.921360906 -0.979446099 12.369581453 6.473953005 -1.926781621 6.312279634 7.115280144 4.390458778 4.242303592 6.801842950 3.932825643 1.421372281 4.628032476 2.532186281 3.849676142 8.202794568 6.651604015 3.165409719 5.641684653
-13.934742245 26.087769893 17.538759317 0.147089687 0.691253672 0.411490307 -0.575507352 4.196415691 5.629931265 6.188926943 2.503714943 5.835361020 4.744857295 6.241750177 6.329728118 3.530983398 5.089265838 -2.841016878 5.295648112 6.343193614 5.883957387 8.506595494 3.395348219 4.503181375 3.816169819 3.728424208 1.410375789
-7.874792085 16.190471441 25.591886125 0.238701119 0.379651928 -0.575391552 -0.683966923 8.405557140 10.096880874 9.302604093 3.481884151 3.552294082 0.763664213 5.902182097 3.293223431 3.553513379 4.778222444 5.820962318 9.857720841 4.535202701 8.061093891 7.561265883 6.545376723 5.294090904 2.958144995 11.608784178 6.228871400
-11.867117210 30.858021540 24.670080674 -0.076596360 -0.008166847 -0.309486795 0.947778573 7.658195311 4.774151438 1.898082248 2.647111292 3.409754784 1.659305003 2.183737781 6.892833460 6.962133265 5.884264197 8.360758458 5.197101064 7.619935291 3.077903571 5.305916593 -1.200275483 6.834346511 5.006033967 1.221983458 -3.468792986
-7.481411581 33.165915621 23.074779685 0.820771400 0.203115914 -0.262430054 -0.464982475 2.346135617 9.257967256 1.052433001 1.514388659 2.010226169 2.373104103 6.432053273 5.399908767 5.037574002 0.667223451 1.018448265 2.749096283 3.338290003 4.916500922 3.397007258 -1.334831547 0.410394501 7.174341356 4.422363272 6.638976233
-1.539972985 21.243576024 22.520134073 0.500782141 0.652922645 0.559273219 0.100611795 8.756741614 2.267759424 -2.084010829 7.326148235 -3.180991407 4.667600494 3.186435872 3.839390696 1.384233570 6.909900010 1.693528872 5.511109869 0.513065592 8.940422966 3.036327878 -1.198859106 1.770282161 5.585672212 4.372332467 1.494250779
-10.632940120 26.720630361 17.439320728 -0.457722719 -0.522073068 0.244539431 -0.676853079 8.286982490 3.452468531 3.502879359 3.046656899 4.429411454 3.064520384 4.627371512 4.422596664 4.125011221 8.613366334 2.044208153 2.988862531 1.849956357 -2.014352513 1.405805760 1.718888317 2.662092382 1.548160716 2.843087448 4.692452461
-13.113272656 29.087352630 32.382631749 -0.846229881 -0.303448030 0.435553571 0.045906079 2.464377564 8.097574837 10.464610675 3.688282622 0.904869331 1.158433569 8.262100566 3.921690529 0.504275295 0.597214256 10.822860593 4.218018298 5.385085066 4.133581420 2.062194834 8.789064032 2.307132701 5.878557918 1.724130393 -0.275150337
-7.250059055 28.796984979 28.567922140 -0.304622196 0.296984248 0.280087026 0.860556176 7.037406833 3.437097414 4.837147280 1.945550081 9.571721879 8.410044055 5.469205258 4.261515344 5.383245396 -0.507905295 6.795080294 1.246075216 4.346360477 4.440977746 9.527523572 6.290288807 -4.727503228 0.974886934 3.763328654 3.750313652
-15.792893368 19.306131666 25.081986725 -0.010082752 0.106857894 -0.120590960 -0.986882743 -3.638746471 7.106403211 9.828462526 1.454643844 6.339535426 1.718378660 7.153456982 0.576247895 6.741836670 2.824600986 3.594246158 4.885057623 3.130211801 4.932776465 3.580023733 5.340723923 1.836113532 2.954682996 2.203718798 -2.345474541
-11.167838987 29.627710499 24.755095409 -0.199163684 0.929314546 -0.299440552 -0.083926496 6.068524243 4.298972470 5.147326501 4.149424268 9.101687313 8.304420859 3.206070075 -2.574923845 4.048114826 8.913516593 3.144213256 4.577033627 4.887732820 5.917753393 5.307794252 -2.189312550 4.915666000 1.387447627 1.940367532 -0.962891448
-14.773106490 17.232309606 20.342415319 0.455451760 0.823046083 -0.214446734 0.263004633 3.338534969 3.784114045 3.524662558 -0.143655056 3.540583425 2.997383813 2.009526111 2.423599420 7.890789653 7.975621572 2.253690352 10.330406769 7.893444547 6.126684312 -0.377341852 6.793513881 4.321172283 1.821656248 2.550568815 -1.368463033
-3.125094817 21.192520892 29.652015060 0.140275419 0.278220079 0.257448570 -0.914678429 7.259629354 -1.008682036 6.287894505 1.857726011 1.500282301 10.596774525 -0.326544999 5.281361514 3.650486573 0.497986585 5.016261239 5.369951173 6.188301236 4.429934114 0.326180562 4.626030239 3.379451217 4.826714809 4.042813925 6.759771039
-13.293703379 25.225631481 31.320914999 -0.404149880 0.837526651 0.059058266 -0.362938156 3.084184555 6.318653708 3.632691657 -0.282673623 2.178909131 3.281108438 4.983313792 10.314476402 7.636689104 10.080650650 1.221593030 0.964425459 4.350703541 1.798462718 8.262027120 3.612498830 8.563194741 6.901751159 -1.740535447 2.153710615
-8.007333211 22.974777318 19.110749585 -0.598022124 0.788661167 0.110307705 0.090638365 6.468424067 4.676621600 7.309050372 3.679194014 4.308867193 6.304680144 5.310065883 7.925264111 5.578108026 3.066096313 2.299097736 7.907551921 1.573221924 -1.559937586 1.450383008 9.604020171 -1.144634986 6.960926921 2.054621135 1.510944692
-16.408217109 24.242157601 32.376277208 -0.260261323 -0.193385541 0.751801462 0.574160811 7.762978917 7.105134456 1.945474378 3.462060836 4.948397902 5.729568852 3.197178176 7.373543946 7.868688777 6.305178031 6.308080937 -0.047496514 8.097881153 6.661968803 6.874202290 2.607160872 7.677125936 0.174019393 4.712306804 0.895309983
-4.691047937 22.691416702 17.812593938 -0.672879229 -0.353999926 -0.227129852 0.608547143 5.373217735 8.589087881 7.456404259 9.152680184 3.236759658 3.033286942 2.779671099 -1.708374201 -1.153268593 1.910301660 6.190688840 3.393606391 6.739458201 10.596242651 2.986210369 5.095659229 -2.085929490 2.176221690 4.743891960 1.840170215
-9.330888469 14.563893668 26.975686757 -0.856073635 -0.129751515 0.032222893 -0.499263618 6.148816429 5.061548444 4.579020780 3.157173913 4.019178256 6.805129827 7.647547850 6.465438695 1.648068429 2.817170472 1.865148010 7.091745379 4.157255346 1.158151181 3.948870577 -0.587262501 3.465512801 6.769264209 3.744002187 4.284363277
-15.072984090 23.541437199 22.991929271 0.221968673 0.402970365 -0.773242690 0.436394931 0.609520073 -0.342340460 4.207651303 3.814073117 -2.448189261 6.166102769 3.484733878 2.892282613 2.433868717 2.453153949 3.349768440 5.607749411 9.417725307 6.057875564 5.145616894 2.994934137 5.769811512 8.676647601 3.131895780 7.174238314
-3.540504296 21.337904070 27.366830349 -0.607295668 -0.627107375 0.458688428 0.165931423 0.031200321 6.968430089 5.901020692 2.962909676 2.046452613 -0.619054705 8.330200571 5.571272811 -2.049803999 8.342811578 6.446407869 4.476368606 1.650473688 5.637922677 1.451070504 5.301894987 0.908826630 4.738214040 6.157942582 5.104985933
-13.935660069 30.948407892 29.761139637 -0.116539593 -0.748862319 -0.484133106 -0.437308686 3.668048317 0.143186213 1.596601970 0.250058417 3.040676241 1.819028870 2.886168220 7.817382162 5.698935862 7.163069670 7.835927991 -0.204605652 3.965973904 0.976832203 5.832981984 0.663178989 10.042183864 0.468478932 7.187223051 3.123912196
-9.901534481 18.478655918 23.587882218 -0.584889758 -0.004975763 -0.544195163 -0.601440635 -0.378607491 5.350546380 10.407461360 3.340259920 2.828007524 3.928369699 -2.371299140 2.031448591 12.267003730 2.998133774 3.639536897 0.715698423 4.319768955 5.760702590 6.433826180 -0.676375714 3.673950535 4.136374097 1.292611093 7.147125591
-18.940148104 23.685597562 21.740540815 -0.666890996 -0.282475666 0.638783481 0.259652773 6.757869716 1.318437445 4.495718235 1.064655437 2.985017642 1.693346856 4.539546599 2.906016958 5.871190139 7.509218356 2.415638385 4.677486215 4.097987988 1.375773308 4.722306914 3.052303593 4.870819860 8.972670371 5.143953933 1.677132582
-12.854251798 21.199474472 30.072425870 -0.028861017 -0.906982882 -0.114918827 0.404156847 7.978110219 6.760215332 7.443637349 6.422059793 2.277778823 8.692067436 4.129039684 -0.445423514 5.322401527 5.833467825 3.679128538 2.735381286 7.552867056 2.537611503 0.694607692 2.478975463 3.359891787 4.810796348 10.109846039 1.540131561
-17.837828531 20.097133054 21.991190043 0.217010174 0.000214935 0.975485134 0.036541652 4.321525025 5.283564259 1.009915969 4.562385028 3.860388587 4.652914607 7.261892015 2.206859353 1.980249508 8.721306843 9.370036140 7.426977297 2.663780818 0.845103392 5.022000104 1.190538330 4.105036067 3.270454448 -0.437656176 4.899818973
-5.587445325 28.529960297 21.179225149 -0.043862334 0.657774978 -0.511736935 -0.550938730 4.765278615 0.976349574 -0.149815101 6.222403938 -4.494871515 5.547599153 3.655420145 3.915759654 7.872150468 6.103511124 4.277964423 8.927165281 5.916329072 11.886747663 -0.825602645 5.867990541 3.541654995 4.406396545 6.059895149 1.895215437
-14.800683098 23.068377812 32.102791699 -0.720618337 0.430602717 0.431071958 0.330858701 5.928882632 1.337833908 2.552942589 2.935185354 2.639490219 0.275036384 0.551759000 2.891430744 5.630034533 2.233515475 5.557283068 2.052022226 5.426934142 3.259055740 6.855242498 1.362954578 6.294453002 3.598097325 0.452891259 5.494136033
-18.143867035 20.163681227 27.187832347 0.262264400 0.831648943 0.028639975 0.488627846 -2.863108370 -1.168673696 3.529110759 2.813718634 3.345186931 4.859466542 2.325435977 2.141695655 5.205802726 6.637419617 -1.559284775 7.447487584 4.025127497 6.839066170 2.934797816 6.553740333 7.340051041 -3.528805383 2.226752692 -0.309653282
-7.020465764 22.332069865 32.165392350 -0.309741280 -0.413550342 0.602001187 0.608794732 6.292547741 -0.180810364 4.610673031 2.954383414 12.906988779 5.371171889 6.047331497 0.030868817 7.447823372 6.037939251 0.067533884 3.256685885 2.257028798 3.678138399 9.545822862 0.113232316 1.724101765 3.949670256 3.660890486 -0.518096937
-11.972380198 19.993477757 32.369240754 0.162601151 -0.578614541 0.262636065 -0.754843279 1.391543022 2.847487456 7.562124617 5.921999884 0.748737714 5.611114961 5.911151594 -4.561173649 3.044092561 3.583516022 0.456212747 5.170189344 6.761289844 8.529772941 6.992375973 2.554703826 5.929275378 8.138051648 7.381383150 3.414816607
-9.475755435 17.293638822 21.731411326 -0.428566712 0.460575742 0.664571920 -0.403168355 4.803731180 3.843535932 2.969177428 4.121790402 6.373411435 4.955513061 3.114554732 -1.072651031 3.062933156 7.636309123 6.939968469 2.098004191 5.693132129 4.074864842 4.127982020 2.057194161 1.749781473 4.102264740 3.820747639 2.682752345
-5.788360104 22.982003017 26.212236706 0.163278320 -0.263567055 -0.934187150 -0.176541686 5.917210915 2.211309358 3.861224228 6.469825078 -0.899547765 3.138391309 11.951933078 1.866277286 1.475755121 8.361748971 3.651674374 7.969837985 4.718237518 -3.281141331 6.723800373 7.754900190 6.026277811 4.028151728 0.882760201 3.192261601
-18.040093389 19.033127579 24.587195950 -0.683462352 0.075147293 0.193878127 -0.699745218 5.088585040 5.852107596 2.470371248 7.916396496 7.121422952 4.196228397 -1.155701419 7.391983800 3.505268767 7.563775138 2.550810165 9.141000808 2.102434576 3.404133361 2.863830272 2.505042199 8.633396419 -1.571915780 5.752015398 0.297451384
-12.252946764 26.027497275 18.671112480 -0.823165968 0.284468714 0.350883858 -0.344028862 0.884841836 4.926643692 4.343612445 -3.469827832 8.925812345 -0.093668552 2.665546730 4.256008508 2.494509469 4.723091892 6.153049387 6.817482256 4.252566664 12.468693036 6.293442725 5.236042172 5.759659605 0.538072153 3.694712303 3.589371557
-8.069934898 22.041979724 17.120128784 0.041123381 -0.265898126 0.328547154 0.905352871 -0.214185124 0.310704060 7.882517212 2.669621362 2.026399802 5.735307728 3.206581556 0.124858281 0.370933681 9.069767676 2.216504897 3.483619545 1.181721121 3.048986794 4.534159449 5.711405343 8.114335052 7.839270157 4.421844310 4.344362801
-11.997006123 25.617660803 33.794703979 -0.678063751 0.335652589 0.269678950 0.595684609 4.579330997 3.376766907 -3.232511804 3.638151311 3.204134778 4.636384952 -1.755923738 4.726492908 4.892875007 11.411983779 -0.360741675 9.484690630 1.245828906 5.142622922 2.953662439 4.789051035 5.997655552 1.379091311 -1.052189472 2.759177898
-8.455260433 28.857252224 19.288817047 0.823991397 -0.287628790 -0.184661551 -0.451893757 3.361863512 2.042809280 7.455704519 7.743911885 2.324312380 10.913368910 8.345193084 -0.441601310 11.984916637 4.584036656 1.368386564 1.111171349 7.796716799 2.296759047 0.087747942 5.840316173 6.072423974 10.364704742 1.776005571 3.670160573
-1.717440215 21.940857638 22.315631097 0.534567544 0.639848452 0.550734302 0.039028560 6.370543341 5.796412635 2.571239023 0.283360003 11.848197014 6.785098484 -2.065688267 4.276735414 3.294669484 2.058571421 4.951551761 0.783902058 -1.660602729 3.186297566 5.247006869 4.171195495 1.025678989 1.130211850 3.556702965 -1.005086273
-2.379791876 24.440006288 19.070537493 -0.174816730 -0.065243866 -0.573700467 0.797527506 9.910161065 4.452303170 3.084572240 3.520020058 1.049475972 1.770219466 2.415757874 2.414081204 6.697046589 5.522371848 3.743941156 6.065612935 7.795902741 2.315668903 4.642155584 2.240592931 6.351400726 5.129425246 6.290338894 2.505487779
-9.694296491 27.254683399 16.969429628 0.110462111 -0.875920429 -0.138270435 -0.448823809 2.143439451 8.592116887 6.699603477 5.121601323 2.503889173 6.717577626 0.997221183 2.600290261 3.801186953 4.980473616 3.489911538 4.074865737 -1.876354950 5.290556983 2.371012795 4.112185080 4.493499767 3.813002626 1.647764767 1.903008594
-10.025108229 28.744034769 21.675051956 0.138408008 0.682111663 0.044117181 -0.716673271 6.048290459 3.011283256 7.644099202 3.831419077 -3.411540012 0.216232718 -0.891804458 5.090607966 0.276120017 9.106385170 6.049903554 8.390257007 3.568791810 5.527479994 8.171932895 3.861294302 4.873024797 3.817453179 4.316175121 5.778839504
-13.541048288 22.791893718 31.696622955 0.445959285 -0.270770751 -0.826371325 -0.211929116 1.884714655 4.763285629 3.552918679 -0.441252894 3.537428890 4.264698138 2.942910102 3.471905513 4.455902858 6.320895053 5.254083137 4.986778324 5.902659095 4.765445128 0.459528381 6.680300707 -3.059486017 4.189847710 1.424753310 3.896007861
-8.711528455 26.212739867 33.143518727 0.874468183 -0.051338210 -0.475061969 -0.083581756 4.866299835 6.954183412 10.729468885 1.448636996 4.574510911 3.955619972 7.594839805 8.109371961 2.505479789 4.760506478 5.412225099 -1.979465283 7.445326489 0.141809368 0.520376308 6.105282514 7.763194188 6.484322413 3.934071481 2.369141034
-14.841978374 19.272937389 23.477395514 -0.265417712 0.868186781 -0.386934885 0.161513302 1.260818503 -1.583711874 3.692265006 -1.082382106 4.484963889 2.542085695 7.531345147 1.353007327 5.976227250 3.691895949 -0.087644864 3.509012546 2.508301325 4.253941915 4.520660364 2.578128376 1.480728659 2.725910902 -2.391970302 2.099727994
-11.829447237 22.909358224 32.233750249 0.484630347 0.183981726 -0.722168432 -0.457992256 -1.923706819 6.352991033 1.746233893 9.004966951 4.820271647 3.204506099 2.836193230 6.477614326 11.556402724 0.743017372 3.637706518 2.444114814 9.036705595 0.239546973 1.135798575 1.900743612 1.489966310 3.160724553 3.683578947 -1.548744071
-9.143089792 16.402629044 29.544333080 -0.107419388 -0.947893296 0.277301299 -0.114295078 2.370447312 5.728667317 -0.383681013 -0.790613247 8.916657280 1.009437635 -1.323047298 0.964762224 5.381808207 2.701655563 1.089201994 6.161730818 1.073483660 -3.264055769 5.647185054 2.859553813 7.150170157 -2.150793340 3.199456331 1.908394321
-17.115061071 24.388495461 26.778199635 0.161091149 -0.787293859 0.568628492 -0.175726090 3.821541960 4.377980603 5.916443251 -0.406094844 2.516823379 11.017998411 -2.109526391 0.676830088 5.303459181 0.779956260 1.383946147 7.425204268 4.958052955 -0.516293125 1.915673700 7.400651514 3.004292165 6.986140484 7.459319438 6.588155712
-3.643741114 18.803436671 24.589133315 -0.616959916 -0.623197582 0.435365744 0.203572848 -0.148297907 2.566532046 5.660893392 1.159521988 7.392204161 1.947167575 0.664403278 5.566045264 6.762020771 5.520848465 0.170370422 1.568389230 6.493017561 6.076993678 2.726464246 1.917965540 5.459801893 3.624536351 0.699645232 4.621314075
-13.457634448 16.943528545 30.483803885 -0.072904172 0.881852426 0.108340893 -0.453082258 6.155163060 5.827636802 6.223916399 2.720450578 2.400604907 6.975305948 4.445784771 5.928529743 1.614767918 3.307774205 -1.560839668 3.992783425 9.555685815 6.529889896 6.628272516 1.710252754 -0.282786285 5.271855799 7.040720780 2.021415409
-5.851415601 31.535713674 27.128027201 -0.832403742 0.450124933 -0.051561600 -0.319112764 2.456168020 7.290439712 2.441330673 2.521798200 -1.616762410 5.075761846 6.343022924 -0.197629243 4.063178821 5.781490105 2.984594724 7.015041863 0.691228888 2.676411763 4.919025375 4.487448807 3.912553472 3.187615619 3.346401010 1.528236263
-12.402063827 26.937080179 25.663360456 -0.847906275 0.427841518 -0.195931488 0.244166820 5.989323059 1.654788054 5.834472353 6.644824975 1.896911350 9.031940800 0.879163888 4.105597480 5.503627508 -1.225224972 7.129392666 3.466879980 5.706975494 3.647672934 6.215454615 1.906189151 -4.552052793 -2.169171426 5.951183856 3.678696460
-2.217915008 29.677958783 24.183553112 0.319000376 -0.018263087 0.930639332 0.178369433 8.369952638 -0.224517172 7.817582881 -1.518146144 1.313451156 8.689976231 5.127197628 -0.352150106 7.634923804 8.016807153 9.736643757 3.974292794 1.306295725 -1.789463520 7.601705438 3.906368668 9.288869727 6.190898051 2.371546770 1.816047005
-15.261196286 18.586457198 21.948861233 0.873581376 -0.212943787 0.180706718 -0.398566939 2.260764643 3.882548312 9.321996919 8.882999442 6.338409236 9.645538994 6.424882761 5.957290148 2.857665249 2.221022772 5.731439452 0.492667420 2.981865983 0.139888822 -0.866471763 3.359526456 5.978757043 7.806807438 2.239575458 6.109688950
-4.914539128 23.329361983 22.050573227 -0.351266651 0.850804746 0.080260419 0.382493516 6.919383508 4.106337889 4.011203446 4.434396991 4.203836590 3.633839127 8.932054790 -1.320724802 5.285408113 5.622154339 2.175501043 9.536485911 2.595210137 1.433456126 5.031358903 7.974580309 3.808774224 3.964600710 8.327005679 2.128522586
-5.819495554 15.740287749 24.054753005 -0.052607022 -0.746931606 0.280110269 -0.600719498 3.292429495 6.623263709 6.682674301 4.755133291 -0.309883674 5.036779609 0.544098705 5.744125032 4.993876450 1.098054924 3.806705482 5.243305591 5.506100557 4.446415395 5.623119425 4.155675421 2.105152736 10.135532639 7.953054724 0.097591248
-13.335511244 19.066889260 31.010105113 -0.708194904 0.454736840 0.256351105 0.475350918 2.499829589 2.944347700 -1.628417693 2.094792562 6.373454442 5.614746423 6.894197831 -4.819340894 0.472844360 7.197947259 1.032551865 -1.998802111 1.620828472 2.624801456 5.850055205 11.363077775 0.527809344 2.023424769 4.024109345 3.138017084
-10.495474121 24.672100434 32.465208968 -0.122295563 0.497097812 -0.417696655 -0.750644433 3.029791221 3.242268848 4.502108921 3.235517569 2.393859912 7.241829970 5.461044231 7.044025024 -0.108134599 0.105127674 5.978722099 2.538052980 9.741136953 4.237859283 1.428959221 4.132673145 4.391174941 2.602132508 3.719841505 3.057969326
-5.156387548 24.118492785 22.335146823 -0.810306451 -0.001992477 -0.473138101 -0.345745315 4.112753313 2.852482540 -2.724578425 6.043534612 3.888036710 6.025032406 2.681342057 6.664388709 4.658495506 2.618083927 7.848886608 4.512998545 3.646443175 2.065465527 4.836000806 9.095911723 4.688963815 3.706193601 1.250912154 6.926906359
-2.539085338 29.497764955 24.796658071 -0.815113541 -0.068842598 0.255182012 -0.515492729 6.202520674 5.291244734 -1.080867310 2.283718095 0.859701521 6.459298311 6.503342928 6.511024743 5.961185418 8.532453256 6.184752795 1.970544244 3.873824612 10.078745075 -0.249686641 1.340766156 6.494507860 0.644017746 5.936568751 1.946128620
-11.183705159 23.310401236 16.403063338 0.091063463 0.565082149 -0.115600631 -0.811804228 0.819273956 10.907966467 2.172689093 8.789936501 4.496495295 1.314416358 7.134778860 3.319055617 5.295695788 5.754782683 2.356792891 1.117690438 -0.931814364 3.536481804 3.076032705 7.269381341 2.131606079 2.226034229 -0.289874275 5.288091460
-13.273565410 29.933138961 18.399442123 0.752650719 -0.028906839 0.523222264 0.398647403 6.411728240 3.575472411 1.810473665 0.218334832 -0.313571451 5.533879135 3.424495012 6.033677573 5.727699318 1.654143231 4.895974880 3.370792704 1.821787508 3.258676689 6.130087211 4.455785762 1.896253275 -0.194151398 2.956990884 0.986459701
-9.039278816 23.476579511 16.623628830 -0.505080231 -0.369325015 0.061760461 0.777610853 8.587233866 -4.915191419 5.762781037 -0.067871082 5.620461828 4.402371585 6.814415184 6.055880321 0.476508257 3.485872718 6.486415474 7.168871301 11.266456220 6.671579345 5.512392459 4.276553656 1.695854947 2.858384120 3.932516869 10.641638891
-15.235787142 23.880895933 28.980331330 0.674789246 -0.269211759 -0.590341466 -0.351683743 5.068190926 6.589210659 1.353082327 7.404743786 6.410073656 1.089772518 0.383962538 5.601019370 0.867171576 9.543979679 1.678559847 0.764710722 4.723072567 6.369810222 0.601378829 6.232662444 1.313923025 0.626435444 0.927366646 1.633900280
-6.182574322 25.996354237 31.729838678 0.294811022 -0.118593318 -0.295702461 0.900878538 4.069726970 7.720130263 3.437515617 4.877089352 -0.741270747 2.982904815 5.710762093 2.361897411 3.108089697 3.060499290 3.465603821 5.612581833 1.644271476 4.149514863 2.175502240 6.818102458 3.931938204 4.955980782 5.276031420 5.185993804
-7.829988342 21.108238149 16.838232423 -0.221823825 -0.834935471 0.379255684 0.331424313 3.213847265 3.453893713 4.654689721 7.695021000 5.423614986 7.378508216 10.239830294 3.904900972 0.063704249 5.487698045 5.839149614 3.921834201 -2.528188212 4.085587737 4.553285567 6.562536313 7.884301245 7.378128150 -0.657809539 6.979512987
-3.964886978 23.607381058 24.248456015 0.208009091 0.478281213 0.807026982 -0.276923726 5.804617601 2.971293093 5.383402995 4.208964265 6.047858262 -2.532102773 0.988058847 4.695919116 1.261422475 10.295420156 2.884329454 6.665386550 4.733913279 2.247312280 5.227036286 8.492798348 0.030444142 6.249606345 3.211686431 7.041316422
-9.318305623 21.967717888 34.602344346 0.243032442 0.841641582 0.281872050 -0.391309119 1.638045272 2.192191941 4.084107170 5.684486399 1.558994147 3.331958856 2.289062614 0.277712449 6.838961938 2.738714290 7.997067034 3.658715445 -0.213887127 2.089186673 1.944272392 3.277733337 0.353446715 6.868373243 9.380937063 4.947068731
-7.705015994 29.558138552 30.125160244 0.399476989 0.477558578 0.780269802 -0.059455658 2.345323745 1.873216373 8.753856227 3.800913880 4.591820405 2.704947629 4.109951250 4.609140014 7.279178173 5.720827547 3.280932126 4.826181809 0.690917491 3.355225738 9.288166084 7.271092305 0.556659447 2.459818579 6.870805522 5.062541517
-18.649821663 19.859706461 23.402693839 -0.168787899 -0.765287484 0.553842851 -0.281253991 9.538973156 7.875042915 0.712415180 5.777658052 -0.782855504 1.890711175 0.116256999 0.975601072 6.298700158 7.979120557 3.798665872 4.746613255 8.638756831 1.356729070 2.917785152 4.032732107 5.670025909 3.151923541 6.337493718 3.307797124
-0.582746714 26.506924222 27.599156191 0.668711810 -0.689420696 -0.131963801 -0.245171724 7.567875944 3.381400268 7.089545820 6.273292524 1.844873637 6.761245138 2.722826985 5.730165238 4.865596306 -0.357028620 3.364419912 2.446586541 2.060868042 -2.551318237 4.204348939 8.467361609 5.837290889 4.349886244 5.585995847 5.879049832
-2.636758945 25.932413155 27.218142033 0.306940342 0.852033002 0.320150736 0.278084334 2.875640172 1.225970356 2.919517156 3.907204110 2.944965943 1.495516084 5.447206874 2.346351285 2.581496197 11.635418013 5.795793291 11.530794407 4.179968295 2.719699083 5.329105401 2.247521841 1.680314909 1.838685122 2.256314040 5.086781149
-8.023324894 26.033064384 28.910496993 -0.021098061 0.230794077 0.489035489 -0.840912158 4.141787961 6.389006480 1.941971197 5.986580123 3.717113330 3.265905448 5.912918562 -1.981755812 7.058553300 4.481405376 8.705659195 0.275659045 11.561497237 3.424798934 3.362594749 4.212769246 5.621632572 4.358341247 4.792560547 2.355977184
-13.277754969 27.568313423 25.515157036 -0.092049991 -0.651237348 0.718174140 0.227250129 -1.645030410 1.960138564 -0.744997507 2.280926007 -2.987733298 -0.967839613 3.017955965 2.782530605 1.681742832 3.972600770 5.780282279 1.957468191 6.069786883 0.647896258 6.661184997 5.476810494 5.746603941 7.611136377 4.574637758 2.531097583
-11.321855812 33.527190288 27.486176259 0.114842166 0.509074195 0.827351261 -0.207712860 4.045952537 7.708477774 5.491875812 -0.254179006 -1.356269315 3.116741062 6.276155930 4.126615352 1.079741334 5.140152913 6.381880738 3.743513754 3.042214208 2.596871584 5.349531772 0.299188307 12.391432615 4.192545664 -2.514427254 7.872065208
-16.668901409 23.205632569 20.307000273 0.631836250 -0.309626498 0.192262585 -0.684068332 5.468375154 5.508100858 2.559404977 5.625004163 3.252471498 5.308707975 4.805736607 4.089820906 3.095607746 4.600752586 0.556253512 2.689376688 5.192651471 -2.576881464 1.050958900 4.454214070 6.830311331 2.067915593 5.254377161 6.615999392
-13.038467145 26.135288160 18.815026236 -0.405246375 -0.219147718 0.046843808 -0.886315582 0.987145492 1.198092096 1.791278098 8.829933668 6.245847093 7.815011474 3.272618781 8.917633765 0.451260068 5.767821510 2.818051330 -0.519556610 4.182790459 5.386610902 4.585530164 2.370258467 6.218642560 5.801601993 3.621613401 2.996337809
-9.748587200 18.482485020 19.282091172 0.394077588 -0.818208641 0.327754282 -0.260412377 5.252782158 3.415505895 2.774221857 7.189064670 5.410997977 2.617936077 6.096467480 2.588740428 3.885179279 3.978762264 2.478861489 3.135570995 1.840586764 5.508141025 5.748580215 4.772759261 2.240296947 6.470804175 4.105202871 -0.264195356
-16.963939303 27.961802550 25.251082899 0.847823970 0.497589824 -0.083212520 -0.163323479 4.504021383 4.461915376 2.966214566 -1.600037759 5.570055705 8.658739273 3.269477113 7.625804139 3.561921856 4.940187037 4.837207634 0.713203644 6.188107282 3.603533643 5.567592616 0.917985276 1.899332361 -2.014439568 3.172941865 11.234873621
-0.731483713 24.632834935 21.853605540 -0.358174307 0.875908785 -0.263571421 -0.187149866 -1.440943437 -2.335354732 11.108503460 4.499111665 4.675132607 1.511543479 3.842445222 6.203312262 -0.425369922 2.588878361 0.447953440 -2.748492227 4.240667533 5.302013773 4.244076471 1.678998441 9.217772521 4.280803068 4.946261209 4.123017644
-16.961435017 27.309446473 23.153181863 0.348780384 -0.372451074 -0.736436009 -0.444178394 2.108235751 1.539059730 -1.660777352 0.246443746 7.258131560 4.315786283 5.787287449 4.536405198 -0.527950947 4.624936079 9.788585745 10.221007428 4.123494325 8.873183929 3.420290103 10.291475310 -0.487257519 3.334777779 2.071377725 3.052399697
-10.477657952 23.350751170 28.836327296 0.661367100 0.411107881 -0.134966939 0.612672666 7.282816305 1.059613530 2.755972134 4.454603036 4.229171390 1.719950359 11.754109185 5.990120828 0.818792228 2.976496933 4.392189257 0.156846083 2.632262726 7.660613685 -1.657909018 3.484702963 4.270106695 4.252601351 -0.340139584 -0.319853984
-11.632504454 29.988048653 29.685668064 0.833208409 -0.399135754 -0.360196676 0.129277809 6.397433446 -2.464479206 5.230311316 5.122508240 6.446916295 3.929027248 5.925251870 1.148743067 11.338771444 4.008161821 11.235832298 7.956265920 5.324081765 3.531221375 -0.054171091 -1.270624647 0.437447409 2.466291853 4.736453404 0.904435696
-2.381093172 30.261052953 24.153711498 -0.117389103 -0.312451920 0.331128254 -0.882580124 4.584567946 2.547392648 2.916007633 5.713182158 2.019742159 -2.375356538 1.666594572 3.959097758 3.028498419 -0.850657912 2.453368676 10.290181755 1.648155478 2.366011191 -3.648814785 6.546896647 2.989804454 5.596962612 1.371841485 -1.013482468
-16.623740057 30.871567319 26.625052392 0.253644640 -0.394003740 -0.883302195 0.014236615 5.981682197 7.143633136 4.771141207 6.650024256 2.916154057 0.259844250 1.753770310 3.792810074 6.455601105 3.257769339 6.141220248 2.671690297 5.917491798 0.418922696 5.802810209 2.652123179 4.234302072 6.531134151 6.405117430 0.921671270
-6.183417170 26.594129465 31.979310701 -0.881753954 0.074839043 0.189995755 -0.425218409 6.370759712 1.473629318 -0.143149289 2.315734026 6.188648760 5.239938824 -0.146303468 8.424966288 5.487504247 6.257233788 4.409629869 6.704090814 4.964971414 2.871005250 3.384370532 6.543994298 7.845005142 -0.956466612 -0.565101423 6.677644923
-6.726494788 20.578209178 26.691810086 0.024548306 0.672075183 -0.034679976 0.739262895 1.637696240 2.224415974 3.484511899 3.263503476 2.455209523 5.203884165 4.129012521 0.591875169 3.239104214 4.237541068 -2.109855716 2.361691737 -0.637083654 8.266376957 5.006381154 1.268802822 6.825519482 0.608970224 11.511710483 5.383315667
-9.902428661 29.405806104 33.189520276 0.823087636 0.199390907 -0.523329040 -0.094322455 3.064584190 3.707013496 4.075616430 3.544684669 5.030762386 6.060123033 5.368694572 6.072152268 2.244844958 -1.851666546 6.944299579 2.316982265 2.909063020 4.447102368 7.370183559 4.236115613 2.231974096 4.555752744 1.627081459 12.050336299
-10.295938647 25.540349687 30.923771269 -0.095761409 -0.745588740 -0.591351021 0.291943750 5.577679514 5.935551458 4.137214989 7.429669519 6.284017039 5.478681257 2.326481711 2.693697837 5.990685089 3.147298504 0.742446156 6.329210185 1.040651544 6.880405521 6.699913689 -0.770564734 0.345547736 3.314595888 6.308711942 4.264022868
-2.802838071 20.768659050 28.405500627 0.705905940 0.027129796 -0.291267904 0.645076574 9.295523570 5.457338740 9.156207246 1.003231732 1.793646004 0.120599899 2.965970883 1.561672247 8.200724351 2.180291398 -1.171263000 8.921970863 0.349383863 6.559778787 1.194584850 7.169283800 -0.860375375 3.298002306 -0.159389281 0.800429612
-11.759446195 16.638257199 24.120398696 -0.617623942 -0.669143153 0.150097535 0.385043942 1.870861667 3.838767137 1.122978894 5.052016755 10.514047414 4.169471431 1.535301824 6.971062490 -1.253483697 1.701705895 -1.398746687 5.758235999 3.020655600 5.955872851 4.944828367 1.381457348 3.729028611 5.009967445 2.891534920 5.782270601
-14.493118383 28.515509335 19.842117768 0.046828679 0.338700276 0.935317255 -0.090944101 3.650920397 4.411134157 6.236817992 -0.429074973 1.704451750 0.587432080 3.103706504 5.068880558 4.868600631 3.692000853 -0.719734840 8.396104258 4.834475783 4.494197111 2.718971680 9.663498488 6.240962051 2.614004584 0.113219331 0.653494282
-8.145118291 17.612382848 30.972468156 0.413564420 0.383641666 0.715356645 0.412369267 0.485208065 8.575285238 2.568348072 7.846622855 2.354952768 9.519206887 5.214804895 3.433072066 5.416389849 2.537877811 2.551920793 0.292329888 4.716599278 1.275324351 1.805294952 2.980349879 5.277419650 0.391878189 10.602730674 2.463603018
-1.692826912 24.453701776 24.944583763 0.382474012 0.395072631 -0.504051949 0.666005164 3.782643321 5.338124679 3.709730882 -0.188495752 1.383895389 0.781542682 2.017248892 1.770586037 -2.706386363 5.078861868 5.344646617 0.525427092 -1.469029806 0.953588686 2.136542134 8.435878910 -1.488399485 -1.731622219 5.850848163 11.169868471
-8.885939192 14.127885438 24.491847763 -0.056892991 -0.651233800 -0.084823431 0.751972547 5.593708076 3.986625971 2.670894481 0.153107264 2.906863264 3.681417650 2.893064278 7.938830229 1.981753230 4.605550029 8.370052070 2.562185295 3.840308425 7.455540259 2.507824707 4.861598851 2.299325679 5.294055933 1.797675911 1.572743261
-5.144874610 23.787230304 22.340454033 0.036559828 -0.475739054 0.227621725 0.848836899 5.173214131 5.805512950 3.682393237 3.985739200 2.696402719 6.477357769 4.359659846 0.723225213 3.756738734 2.862000876 2.031874621 1.888214892 8.837689495 3.778854657 2.651994197 5.646848942 5.091970991 0.678385389 4.959629541 5.694781479
-8.565908386 20.461485299 32.276461355 -0.451797452 -0.254275516 -0.760042325 -0.391865651 2.836835177 9.601926503 1.078559625 5.038081019 3.104952182 4.694023029 -2.316223052 0.798041259 4.959031061 5.316034437 -0.738461683 -1.366113439 8.718673867 3.756475232 6.326047888 9.390875559 2.460422856 0.370110907 1.549297148 5.812492101
-7.880046425 27.925599590 30.502892705 -0.404361589 -0.374166723 0.492485718 -0.673757216 5.136339052 3.246971144 2.584807333 3.789043770 4.685052596 6.068606063 3.855908809 3.186687881 4.093305411 3.913645156 6.007643812 4.150446066 9.953434401 0.957570592 3.145189762 2.130529442 5.722841195 0.667890274 4.879074755 9.377530407
-9.131412071 29.677579283 20.426467137 0.260763622 -0.446793346 0.779974760 -0.352161062 6.008752501 -1.012013639 5.749997358 -0.517289266 5.400897736 4.270326654 7.981840385 8.228207679 2.843285646 6.450925694 4.022292685 5.273098346 6.542381865 0.802819903 5.890729104 1.829909796 -2.072645053 8.789275268 3.472263647 8.315432813
-2.042362384 27.640773182 27.945243444 0.499790040 0.556348521 0.270387239 -0.606281271 2.911845047 7.295503568 1.275237769 -3.840685334 1.856555579 2.731409222 0.644948993 3.783532151 5.421062812 3.568591416 5.452087439 6.814344879 4.395997624 5.112951933 10.191156417 -0.080905888 1.870456312 4.241899342 1.456407638 0.557158778
-3.637069112 28.008573705 25.301006154 0.120796206 0.365983812 0.899527421 0.205704995 4.879667149 1.813697188 6.597854739 3.963947886 4.917379902 3.073674287 2.733431867 7.264118481 8.899104942 7.156610867 2.489016123 2.639404650 4.179572394 8.251151688 5.812140477 1.017060358 4.325936262 6.072831240 -0.419511752 6.651071409
-9.624857723 26.147242465 31.902842583 0.056183110 0.027114439 -0.729669859 0.680947988 5.024183344 3.809052969 -0.789075456 3.690778843 5.592644800 6.274933953 2.851256111 3.153108648 4.657948538 6.050883319 4.203035291 9.081005416 -0.461952452 3.891764170 1.780092619 6.778126355 4.431719280 9.792969492 2.461083891 12.547816826
-14.251483249 25.981666588 18.788621727 0.069472272 -0.356298811 -0.636082745 0.680899040 -0.148985937 7.674112382 0.442500456 0.045682503 4.255394119 1.882136781 0.650290076 2.084381915 5.748248003 5.100606581 1.184775332 1.078142138 8.724048560 3.064920840 7.626471370 3.353313456 1.540870811 -0.366626890 6.944450864 2.819001996
-9.186698821 19.079082700 17.390872665 0.077264934 -0.541108753 0.404349613 0.733302692 0.271090918 6.105741400 2.197634985 5.219269981 2.350345940 5.809253766 6.074234904 3.680702858 6.418098387 5.624298317 2.361578377 4.257042640 -4.436462007 6.953964960 0.101827863 3.197077188 3.156322532 8.218941669 5.732341686 8.780069818
-17.907949637 20.732091048 29.576236412 0.523332941 -0.091454086 0.827436565 -0.181954703 7.878841589 7.651628493 6.637143466 7.482861895 4.452318892 1.200990096 -3.289287228 4.685095797 4.213593880 9.396903887 -1.941929869 7.388035500 3.959649744 -0.355261545 9.607304379 -1.606129217 6.907948958 3.030181921 7.136743505 5.075795204
-16.953896870 25.617984855 29.283296387 0.286367938 0.074165500 0.311593128 0.902996459 6.549037805 0.081759176 1.562199768 1.854729045 5.489194879 10.119202574 0.252680887 7.923666321 4.331435162 0.023187683 1.647791300 4.356650850 4.965096273 2.511430430 6.126550301 0.990532710 4.214671202 1.121580269 -1.758484242 -0.712498101
-7.629723877 26.346880070 27.408352950 0.127155261 -0.907749933 -0.397196884 -0.045345727 3.349364078 1.449269762 1.788484121 3.945829322 0.491354332 5.055827116 -0.790667008 -0.402314274 5.786228210 3.898278021 -0.248517542 7.490365276 0.835166909 2.314850873 7.183170025 0.989620573 8.348553233 -0.541187794 2.037953740 5.916449429
-14.169456199 24.334214375 18.402264841 -0.644083019 -0.239767817 -0.419811484 -0.592812598 -2.006254202 4.379197070 2.380862553 5.368359980 1.209548350 7.418779469 1.051628694 2.110707135 8.492381259 6.320641490 6.009799941 2.350847444 0.874291196 0.252143789 7.261860044 8.100496937 6.983227787 1.672810799 4.495925552 5.244836311
-10.317232836 17.691577173 22.415286200 -0.471263286 0.130548151 0.607870967 0.625588509 -2.877860864 6.143068242 7.231979413 6.140315734 2.471430178 1.693179397 4.362912895 3.222142836 3.781483802 -0.888893399 10.048532943 3.682987342 2.512551515 7.712522680 4.383791698 -3.947835125 0.976067507 -0.144561130 5.417949086 2.875387269
-6.302063316 22.207261155 26.486121821 0.773947752 -0.535848395 0.281669250 -0.185832743 3.506268820 3.013111833 1.850194173 3.823769019 0.409167504 4.842117298 4.424721725 7.458184807 2.643485191 4.591800220 0.133331413 4.911218685 4.303272806 4.627149866 1.846245250 8.793446602 3.516983556 4.989804348 6.439100308 9.901447154
-9.808115103 20.608939054 29.383667014 -0.693981764 0.322444849 -0.516474546 -0.384282023 2.097280230 2.575332297 9.519609066 -0.666174409 1.806607442 2.292219361 4.620598804 5.927232136 8.833613943 2.908060882 0.521334250 0.117183366 9.648247014 5.987901671 3.663831683 2.133689991 3.221217922 8.285102992 8.007993843 6.944593436
-8.549070179 23.200337490 18.517229082 0.074996858 -0.963551091 0.021680110 -0.255880321 6.859334426 2.432680938 0.538891186 6.169615003 0.983337136 0.753114496 5.374933968 0.479267149 6.657909029 5.582913876 6.797274742 5.396984149 4.764458245 7.601820737 -0.774348457 7.462226771 4.927194607 0.585217614 8.568037001 2.624609920
-18.293382632 25.564457258 26.284913793 0.542148701 -0.092085053 0.808485404 0.209634159 7.749823766 2.857227552 4.564688908 5.130736254 3.236902060 8.069380546 3.506231184 8.531373263 3.002209716 5.324872757 5.846836059 1.694416352 6.152112306 2.069705936 2.580686568 2.653988800 3.712181520 10.033103247 3.776387294 1.801000479
-10.121691277 24.203013321 18.484177012 0.299749936 0.600261812 -0.059511631 -0.739117108 5.896552877 9.830188952 7.946591881 1.516696016 3.857222727 8.438121696 7.766669577 7.025858478 0.600428325 1.116525573 -1.764108872 5.335988249 7.150867261 4.993657761 3.832714457 0.827939477 9.426025659 2.786924593 8.703708149 4.793478764
-11.427171394 21.078178109 20.782423901 -0.054331807 -0.190520963 -0.651649939 0.732189986 3.631431387 5.772948079 4.367391515 10.133036699 3.293730640 6.962810649 1.642459128 -0.477735787 5.120108477 4.017556502 0.174442898 0.307508507 3.229239114 6.447628117 8.650580716 3.895554039 9.555372965 -1.355619509 7.102097135 7.289409885
-1.564420082 26.675700234 23.607058120 -0.731742101 0.615315468 -0.293155810 -0.000207950 5.815899286 8.748594670 3.925667366 5.798518553 9.110016499 5.378916543 4.532572799 9.872197340 1.042641987 7.922483501 8.014217035 5.255414570 1.940685563 4.995205254 8.233268431 2.705208177 1.316408561 4.313699287 1.379246335 4.846372615
