-31.622646762 15.704662514 -4.253978973 0.478015813 -0.803988306 0.316499199 -0.157898522 5.760678356 2.015164631 1.241527274 -1.147285781 11.064782319 7.333937941 4.383873964 -1.326913242 5.525681895 2.510943974 6.277146738 0.749957348 5.410383205 6.831952491 7.730904601 -1.707903022 6.055678080 9.953253522 6.502575652 4.858573770
-35.910112988 25.871449828 -4.614228932 0.125311442 0.343179478 0.328074599 0.871144044 5.707025970 5.019364922 7.022337746 5.235866680 14.022812368 0.905805622 8.211176612 1.081769431 7.979667815 1.707397872 1.688576720 2.382130904 5.782103348 5.914043098 2.195845475 3.942702394 9.833713205 5.876259014 2.461283204 5.921405772
-31.441512791 19.952592719 -14.091253932 0.236636833 0.557709271 0.795428904 -0.016007391 4.598710990 4.804159519 5.387260517 2.826788786 5.442977603 5.925746281 1.879045466 -0.878009238 4.975091208 -0.823306422 9.813009408 4.457101805 -1.326461731 7.064125878 5.616526554 0.685902573 3.673887948 -0.901978828 0.243580542 7.204490151
-33.247734787 20.248929960 -13.983324702 -0.759116102 0.565007365 0.238211875 -0.218550963 5.229520332 4.346861556 9.569631291 3.752248518 6.350370121 -2.456633466 -1.444867177 4.995806980 3.465134213 1.707547550 7.860691564 6.326123527 -1.134652076 11.193352194 1.808426547 4.769717362 6.964509378 -1.051538362 3.403757172 2.908047280
-42.766170688 23.936822148 -6.178682494 -0.446995313 -0.497921654 -0.731268805 0.132344821 4.993934430 10.183474702 4.795442656 7.061116432 2.631148611 0.647239111 6.590996133 3.728535086 8.736865377 -0.922162508 6.085941933 3.846817149 1.434445356 6.007618517 6.660889251 1.603506148 2.176281789 -0.356251389 5.664072705 4.678955910
-32.492999310 16.380922138 -10.346480739 0.940669871 -0.118009640 0.292312976 0.125566885 10.197329117 1.397878190 6.534867909 4.309838122 8.435537802 8.031425429 5.647941674 8.405743068 6.050361294 -1.893140767 6.615900236 7.417686465 3.348355424 0.651501143 1.615040897 9.834646898 7.033149480 -0.628776169 6.723609799 5.508131622
-30.279095353 22.045007952 -13.737139570 0.478368864 0.663306866 -0.283671154 0.500717393 11.211999114 1.522633749 -1.521483429 5.644155488 2.641332515 0.987459853 4.433564556 -1.238347300 -1.196161918 6.363688749 4.456526372 -3.717957386 3.047868905 3.704851709 3.768753698 4.563251871 -2.198002829 0.480808522 3.000223329 4.254282224
-41.477860353 20.782034532 -6.491522513 -0.648815917 -0.092273576 0.631957603 -0.413706517 6.006401605 3.919702352 7.402662440 0.602974859 6.152683334 0.161246250 7.849978570 2.302282838 3.835794750 0.413100321 6.887421433 9.659919913 4.384018463 4.604680991 5.907891022 6.680382395 3.841087907 2.806722513 0.718826116 2.153530197
-46.535003156 14.500160778 -11.244266951 -0.567595300 -0.559725812 0.382322816 -0.467302745 1.977145554 5.916014524 3.216859304 2.022881329 2.609939773 3.921299924 2.642443909 5.599109952 3.304619413 6.353156756 8.118315863 4.138317364 5.690236843 0.962150421 3.474698582 5.331932558 3.976821226 4.195544063 5.400465506 3.145334145
-42.006157198 23.190277162 -16.382250076 0.291982028 -0.040951079 -0.789285110 -0.538607946 0.744238638 1.359888444 4.411277659 4.995876754 1.268636167 5.362683835 5.674513579 7.477102638 6.922083839 5.163814621 6.015351170 2.927960931 -0.630014163 2.040143370 4.509499075 1.628952646 5.009979783 5.181640809 3.980373294 3.675726224
-32.873341430 14.149037040 -6.324659599 0.877692988 0.022892467 0.478369256 0.017140852 4.302783141 1.686902613 3.854043791 6.693152313 2.487412066 3.118992109 4.078255017 3.782120615 4.898027043 2.437648966 1.669356235 0.904598183 3.822459684 2.986193649 3.320584766 -1.459423051 3.160995641 0.202109946 6.247347225 6.528929635
-33.224754879 19.793394531 -4.028472750 -0.470302907 -0.664073543 -0.260281499 -0.519687451 3.924172943 6.742897034 0.774815165 -1.452055818 0.008121462 -2.008358580 -0.633804657 0.103651621 4.408587580 -0.046510871 4.259720964 6.049617801 2.177653153 2.165455175 0.355667452 2.655825408 11.164951339 -0.166408756 8.471824799 6.926914824
-37.310764686 15.423064391 -6.331415006 -0.906472680 -0.050711263 -0.279213420 0.312690765 1.421542414 3.986037485 5.863725114 7.760600694 4.769688455 7.071017486 6.064437498 3.335179045 7.116956252 8.380006013 8.975313796 7.732039258 6.158450466 7.106076472 5.231203354 1.548158138 5.539192355 3.638356840 5.965290337 8.536617580
-35.176196452 19.851818749 -7.453839663 -0.005169489 -0.402952476 0.526790471 0.748394534 7.947902641 -3.225024098 -0.354320764 6.160573345 6.513843880 5.461921037 5.611214410 2.444209196 4.185277355 3.313771323 4.207840007 3.488875723 7.479573279 0.083299886 2.626009997 3.094249188 -2.992625825 1.598404633 5.957497684 7.789687818
-42.379555584 11.887739077 -5.704117088 0.325438887 0.561991010 0.496856553 -0.575664139 5.112248504 5.212747852 4.068913977 -0.325972522 7.599121839 0.276758417 -0.502887393 2.719471097 0.828734222 4.949050129 1.868007166 -0.015851989 -0.507088860 3.095010460 3.046761084 2.078310180 2.118350057 2.763116984 2.327888339 0.760170704
-35.760514944 16.655286099 -5.580747717 -0.588302450 -0.764224194 -0.097523266 0.245664040 12.745426682 2.767206078 11.447115400 0.643511955 -2.664811483 2.135361200 7.306845701 2.002926863 -5.553269191 3.799663090 6.705760420 9.943895707 6.702689142 5.930874183 -2.091093951 0.072481863 4.412460491 0.054567996 4.296702291 -1.028201298
-37.369498620 12.668921269 -17.249027460 -0.389803209 -0.145201078 0.661015663 -0.624522536 5.933989570 2.347624293 6.012016395 1.444034958 7.505891642 2.768147856 4.197595334 4.803816048 4.726994182 4.947477438 2.369360575 1.534187304 -0.044933972 3.403940029 3.453460830 2.978478421 4.301239345 10.176468755 2.443355248 2.976678358
-41.745281024 12.732192329 -13.646352279 -0.486690550 -0.738838507 0.272462116 0.378172400 7.894973765 9.717829443 1.677584734 4.565583943 3.621183533 4.179569010 4.201924981 -2.163052938 4.452623693 1.479056550 7.579023917 3.378480245 6.295677041 6.454721165 2.887958355 5.611579005 0.227661192 12.047700875 5.353029081 6.739457802
-37.665683513 18.545851860 -19.005999584 0.725076161 -0.477592004 -0.429141399 -0.249014253 3.720941981 3.695626166 -1.024590262 2.165882938 4.617377495 5.464730438 4.296660148 1.994727008 4.304109732 5.170959969 3.231963735 3.657522058 7.344649030 8.334131472 5.818277243 2.982218868 6.749031268 5.629910489 11.070428878 1.078897883
-44.540285995 11.995533542 -5.739663441 -0.056509654 0.775947095 -0.504089064 0.374975973 6.626987010 6.015807599 3.289009689 1.560210641 2.744534461 8.667169815 5.162658751 5.279111903 5.468398188 3.294000904 8.328390203 4.110348594 3.008991623 4.598553053 5.344755629 4.928944323 6.363409724 8.237844397 4.349339928 5.134459996
-39.250375813 14.653822166 -18.037071210 0.409355748 0.875126524 0.248863894 -0.068177718 4.495296500 5.994084363 1.074246072 9.553943352 6.157700664 5.675518184 3.157967734 5.496296581 -0.962891050 4.490005793 7.765110451 1.232252107 5.618578897 1.908493275 5.179830022 12.380510302 5.867717226 6.754589665 3.563128429 7.655778715
-38.901641076 25.512136047 -12.287878574 -0.452395216 0.485651948 -0.747654492 -0.022215182 5.867397520 8.517418097 4.503867431 -4.688316326 -0.928677915 3.619963948 7.526795770 3.864890025 4.340160813 6.511237628 8.568676161 1.807450249 1.778810365 8.047413903 6.337975750 3.945601440 -1.689840121 8.147211037 4.534049343 3.918677758
-38.939113108 23.799265535 -12.092725923 -0.198929117 -0.187604162 0.917780762 -0.287941588 3.602662996 -0.943160190 3.961568457 6.191767661 0.440373369 1.621785588 4.787504739 3.168367272 4.005062039 6.176591613 5.244416523 -0.480840921 5.006730788 1.842682725 3.699983482 1.536003643 5.976576853 -1.381715045 2.109888557 3.980422837
-30.782938265 15.751414696 -8.883672728 -0.439898042 -0.803615439 -0.195101928 -0.350181633 2.434091810 2.390983291 8.241345811 4.266679289 6.020127636 8.815988855 5.215118425 7.473768394 4.421564177 4.296067281 1.500022816 1.577294486 6.400170501 4.063427097 3.772681911 10.876700982 2.394475279 1.511432488 8.011819354 4.009496698
-44.068698748 21.997452925 -12.520429394 -0.753040064 0.551845248 -0.353263856 -0.060017771 5.284021588 -0.328954717 1.393985893 -1.542294146 1.358849611 -1.520393182 5.033120843 3.844583794 0.347128716 4.488462627 0.428609774 2.917670010 6.655427149 6.506946541 3.896420915 0.991229009 2.859742737 8.550717327 -1.515306065 3.749325553
-43.889723155 11.473158480 -7.762075649 -0.351488785 -0.065253330 -0.868800330 -0.342612936 3.905475730 3.735444493 2.706062078 8.275996250 1.681031097 2.415801034 4.250208485 2.014274375 6.609507168 0.704868886 -0.995805002 8.461326107 1.868954653 5.627517358 6.095502773 7.744409319 4.387343326 1.401642435 -2.866727629 3.335297128
-39.372157913 16.790273548 -3.270023677 -0.405367070 0.190915997 0.893353628 0.033880910 6.538943054 7.772964552 6.476080218 -0.201488924 0.235429770 5.956577800 3.566435772 5.237902590 9.199720548 3.205262342 9.836232372 5.586340193 0.123874445 2.487032648 1.976883225 6.443728677 3.801832727 2.955027834 3.900852367 5.646781792
-37.971105907 26.663035801 -10.850148058 0.761981405 0.282135637 -0.022239425 0.582485389 3.039292681 2.866283443 0.842171546 4.294564326 6.336099436 6.649676413 4.809328970 1.254731882 1.371181032 2.601352900 -0.039820770 9.128655311 7.327556004 5.719618154 2.189467083 2.453827464 0.693575946 2.282469383 4.699016391 6.523082791
-40.296853983 17.900915809 -6.269025469 -0.036897946 -0.543879540 0.825726999 -0.144943129 0.265599723 -2.900009103 2.083291038 5.282488822 2.795313457 3.872353132 -0.746217365 1.450167282 4.302002225 2.161806010 4.241689918 2.072400535 1.588679144 7.140363484 2.819978487 8.324198697 6.031132921 3.389913147 -0.705523828 4.462505365
-42.934250219 16.265043636 -5.607180045 -0.497016149 -0.295529593 0.652869388 0.489283936 2.869546589 2.980674244 5.228660893 3.125338374 1.422946611 5.862494381 5.569010654 4.454465954 6.049758291 0.552264197 3.679910246 6.527627980 5.385078471 6.951714258 3.238694176 0.816362406 4.480784225 4.736186325 2.786386546 6.896300266
-41.205397845 11.507910014 -5.679372091 0.861820663 0.303504534 -0.404277425 -0.041351004 8.206942528 0.817693851 4.208469377 -0.083616820 1.780394740 6.483606192 2.405185467 4.507243519 7.034093660 12.734036158 7.202474475 7.154312930 5.425654572 4.984058675 1.737844067 4.819026487 4.866089991 -0.722934599 4.945069478 -3.082008787
-36.832815951 11.333789663 -14.599265788 0.803444204 -0.170554658 -0.287976649 0.492400212 9.957549905 0.236012966 3.178068034 6.695274524 2.745232579 3.084193477 0.058947077 6.876966881 3.982490822 4.169175217 9.538233843 5.256186102 12.055346214 1.952531435 9.100836332 4.650634513 8.649184276 5.948975632 1.521923486 5.313854325
-35.230473112 22.232658157 -4.000428976 0.668147983 -0.171707932 0.489060822 0.533773521 8.329133221 7.112136304 3.044671835 2.849464116 3.824238714 6.583530662 4.521653591 0.537621322 0.919115594 -1.182691463 -0.700972118 1.037271659 6.227469391 6.747145915 5.361590082 2.148238402 0.702703938 9.911828293 6.324006556 4.559502307
-38.218723841 16.866893001 -11.664300940 -0.564072672 -0.333821058 -0.730694534 0.190973876 5.817821943 1.803993107 3.035580251 5.747045452 6.437078732 5.935766839 6.395518247 1.987613490 6.293665796 4.918248320 6.775277932 8.292417064 1.351094540 7.787138576 1.269004927 2.060784915 1.461934531 0.451218892 6.392947764 7.089296554
-39.877461112 15.287912561 -3.651099518 0.393055337 0.801939621 -0.128764322 -0.431068552 8.211002343 4.236063511 -2.162869162 3.741180557 2.581197777 -0.559428680 0.407344841 1.075271960 -0.164730352 8.314952857 7.512482717 6.954412942 4.917862279 1.029554658 2.300349213 0.479794365 1.461714725 3.189917992 2.340803912 -1.517457939
-45.075117614 12.731033116 -6.620784612 -0.052706993 0.977740461 0.201707555 0.023656426 1.666376030 0.694760134 1.261134908 -0.150371508 2.486186495 4.590929215 0.147545082 4.608986583 -0.437372662 10.794487955 -1.868913069 1.125528401 4.852971707 3.190480892 -1.047252574 5.952020432 4.331779118 -1.509188515 3.138058387 2.640257527
-46.576801326 18.206524950 -8.838887294 -0.524414292 -0.279009934 -0.237132061 0.768707677 1.127867603 1.494858951 4.276971190 3.936496606 6.173241188 6.560810353 0.814953729 1.398879842 6.763949718 4.015975870 1.080853749 1.878303912 4.002274460 4.353129578 5.697907491 -0.253196798 4.925847799 4.908482452 3.352411235 -0.795100203
-44.062147389 16.317442063 -9.268313498 0.758744275 -0.002271689 -0.329054027 -0.562161375 5.456170381 0.377025273 0.140643526 4.173762950 1.547343768 4.525869806 1.688993065 2.178515412 4.917244162 2.322323276 -0.102714647 6.645472952 2.917777957 2.360646219 5.920707388 2.225451056 8.821291716 6.478865734 4.882613557 2.254214586
-32.395976590 14.850075412 -15.402068184 -0.517954831 0.292592373 -0.471794445 -0.650786062 0.001489929 4.518487599 8.655581312 -0.834430968 5.148313963 -0.692105521 -0.773604795 3.070854964 3.725682386 5.643575500 -0.550767667 3.898663452 1.811255180 2.689149552 3.219464618 -1.027944711 6.016545907 1.123929489 5.421718243 5.425662145
-28.451268199 18.530791771 -9.927656156 -0.036475468 0.898123543 0.427352772 -0.097021903 7.699485693 4.885645504 10.772810417 1.804674403 5.176413163 2.177579239 2.209068167 6.862136013 6.835376041 4.152238822 2.876555892 6.261392054 2.914713561 1.794481314 4.479639598 7.767518816 9.465030285 3.527666348 4.236428101 1.542917439
-37.164446874 13.956464469 -4.831290725 -0.763877425 0.625472677 0.004751633 -0.158910770 5.578650725 4.356998732 3.513158158 5.088748128 7.684858468 5.638137664 2.812153631 2.342179300 3.367697147 5.079316830 -1.284230599 -0.018031525 3.212957241 4.692150974 6.779555900 2.514783513 8.017494679 6.969010263 2.410297766 3.228656426
-33.604976432 22.057285709 -2.707222159 -0.019978770 -0.548555537 0.130097163 0.825689046 -2.577272955 4.550657387 4.316426145 5.188676031 9.356532293 1.437045572 10.333953147 3.435208816 3.471616026 7.080717507 5.739331403 6.376546469 1.031275450 8.355700949 3.671581133 4.666943483 0.938778378 4.026480003 0.989782109 2.612091305
-32.964003907 23.078215168 -4.765867848 -0.706637271 0.098759864 0.400165960 0.575132559 3.181739599 1.825769843 8.305553152 0.603391231 6.141043336 0.140425939 -1.515516899 7.372835532 4.745791903 5.255558488 7.056789935 -1.862725062 12.745322145 -0.632389401 4.926360894 4.358944474 5.708927719 6.598336122 2.276841192 4.311763883
-38.170733243 17.637212622 -6.915778064 0.203316744 -0.706772599 -0.659970919 0.153535601 0.852918334 3.071519435 6.851767349 4.786873157 4.447900827 6.571203202 0.391416130 2.539129363 4.917875983 -1.077610270 3.036947959 4.429433373 2.617307924 2.960398233 0.852103878 7.900742584 4.080915472 5.703285243 3.246243304 4.025638616
-45.169263366 20.706240067 -14.562400652 -0.321224827 0.232209594 0.184916433 -0.899277059 3.981116407 -0.199102835 2.491156626 5.755050761 2.837619313 3.056914461 6.454327076 5.697504746 0.173315898 6.149285880 2.649389134 3.865173218 7.599064989 6.899872591 2.223296850 0.445616736 3.892734124 5.088270391 1.382195155 1.775643924
-40.649910449 13.394686957 -6.266299008 0.566862944 -0.319587719 -0.300231595 -0.697417437 2.514159747 -0.057218079 6.579417381 6.782280305 2.441193870 6.214036460 3.992224332 2.866701206 9.062653364 5.112221681 9.122101258 4.340491351 -2.463997050 7.247614593 1.679758960 7.151349499 -0.023747444 4.455581436 5.036757657 4.631455553
-37.812594471 19.766711460 -4.925339045 -0.196242954 -0.073160445 -0.375497466 -0.902849880 -1.116650765 5.152601173 2.369331300 3.527167394 2.901100808 -1.540984866 1.997214345 -1.106899470 1.963101168 7.045129112 3.666478224 2.658794677 8.845327910 6.392726813 -0.915728146 8.398801722 5.299672044 5.441999453 5.905714445 3.703515052
-38.654341501 14.972325839 -11.210394442 0.491668027 -0.170965585 0.692228958 -0.499852368 -2.030771129 -1.517678204 3.860908174 4.703373824 5.105662146 0.161750850 4.504064351 3.168783307 -0.074431657 8.194147716 5.348887052 5.711631349 2.466962972 1.336632241 7.712893724 6.373071008 7.182140530 6.309306257 5.973827807 1.125345757
-35.673344444 15.931003948 -1.626586234 0.508183053 0.437325992 0.733554719 -0.111325807 8.876852493 8.921936828 4.202794350 3.390861127 -0.090005512 1.464737549 6.219844485 4.429056973 4.554447090 5.000132299 11.772613764 1.287249423 1.664829330 -1.555038956 6.876379269 -2.145355217 -1.926234856 3.981702997 8.284564713 3.921227903
-41.161709452 13.926550035 -13.820982039 0.043177964 0.250307877 -0.389328903 -0.885383892 0.580352357 1.752499487 4.399137088 2.863773068 3.849039905 2.495459686 4.725557161 -2.306665563 1.413352308 5.751887283 0.951941372 3.465657015 3.447205254 3.646033334 5.084773707 5.936699091 1.096584747 11.428821963 4.354176322 3.622838167
-35.014911358 14.233484420 -10.148068336 0.316799686 -0.070526563 0.403160654 -0.855643296 3.721182625 4.329624493 6.856189472 6.016663661 10.003534429 -2.212704717 6.821393683 4.361421612 0.658572793 7.873673159 1.239419790 0.987619649 2.238672820 -3.214524834 6.249082123 7.523611162 0.232051984 8.559424550 7.650314979 4.884603399
-42.774536741 15.854596314 -9.630812340 0.314450588 0.201302455 -0.927500646 0.018458083 4.026838409 3.443632561 8.870104652 8.212923592 1.198619563 3.735220981 3.185934459 2.732321057 1.357516727 6.512626285 4.550430355 5.791227484 6.522523079 4.218832745 6.706505856 7.203250014 6.589165690 7.664238754 4.745501043 1.351380137
-37.888795555 18.507013573 -17.599692486 -0.025227243 0.954724729 0.261005348 0.140500844 -1.028790217 3.320215117 0.478156577 3.857898278 4.311999909 5.493919171 2.755264507 6.435285795 4.937962183 3.395014024 -1.113195529 7.061681401 6.812206552 4.271322007 10.682680988 1.702058578 5.616310939 3.682087144 4.335837832 9.384681025
-39.683869788 11.733918525 -4.997282158 -0.897500743 -0.326013219 0.186125192 0.231441590 8.563753005 7.078970746 4.027196402 3.517767811 -0.922501034 8.640243160 2.315828508 0.777704567 4.975983390 -5.244692804 6.071344399 2.702690098 8.480202911 10.346244306 -0.415278271 4.958514826 7.467276610 3.913670413 7.949045552 1.248163150
-34.062382827 23.581509911 -12.882220634 -0.031247595 0.875664071 -0.467924408 0.115250904 -0.545137849 2.083609138 5.674054339 5.037702874 5.057056444 4.124235494 2.168392443 3.978817084 3.129518283 6.308852495 4.229525116 6.518246252 -2.169598939 5.198734035 6.899060032 2.539068445 6.735338494 1.791258115 3.438881191 4.776806645
-34.908835674 13.531647693 -10.835695107 -0.393672054 -0.147729149 -0.464221482 0.779549119 7.460672335 6.404094611 9.478208256 3.606796595 5.139835636 6.071612222 4.593197886 2.417445177 0.090944572 3.828987023 4.429509718 4.364635082 2.455751476 3.622996126 4.183774734 2.597549883 1.394767073 0.178924480 8.062416664 -1.086023849
-31.224359349 19.775702864 -11.468659225 -0.648440020 -0.092208406 0.587089151 0.475761999 4.222815880 7.073058378 6.885842236 4.752770577 8.290297504 0.607159589 0.949644465 5.189490380 5.390570948 10.722611899 3.417305938 2.908899988 7.763015603 5.178806095 -0.557104186 7.309417397 4.533519398 -0.261149014 1.728009786 4.019607115
-28.721329431 20.961388837 -8.364598629 -0.291283760 -0.048717766 0.560138758 0.773967003 0.572603649 4.430390161 4.628457229 3.575651832 3.025381609 0.189796059 5.126910182 0.657283433 0.890426862 3.856597321 2.482639270 4.606738945 8.986175612 0.889836419 5.423075517 4.555790595 3.070877457 5.651772420 4.728594793 1.179607329
-34.903343303 14.765783063 -6.013593855 -0.224513500 0.128427105 0.121161972 -0.958342289 4.577663214 6.560871263 2.815860967 7.081679607 9.956179697 6.594443640 5.850723538 3.300611446 7.191034999 3.243907192 3.936173872 1.852448121 3.794538668 9.174167296 2.397511100 1.007076002 8.138872517 3.517728255 3.954550439 0.172916629
-44.854728112 15.973967970 -8.685838769 -0.823491060 0.449488065 -0.327648005 -0.111667980 5.174309931 8.859950186 5.182405797 4.314884694 4.608472873 7.618441857 5.381909584 6.670976491 6.315540807 3.399347867 -0.271011580 4.102189213 4.623863159 3.170406815 1.796085946 3.064220916 4.892606272 2.414304798 8.053722086 3.229760051
-31.252738279 14.424512323 -8.588448815 0.816078926 -0.353980759 0.058607595 0.453076108 9.603415050 2.756023399 -1.074825044 2.501084862 4.049041739 0.309850434 6.462508272 2.599089475 2.287635397 5.924365221 5.249203454 1.764914080 4.588957743 7.334716384 2.320446494 6.203195683 2.506203361 0.035674229 -0.787004934 4.842989323
-36.022843258 21.323492671 -8.077352865 0.148888365 0.687082667 -0.708177030 0.065076551 4.767128288 5.228558706 -2.726808928 7.848470540 5.036484611 4.922703602 5.405597354 0.316139417 1.458317490 9.626425317 4.182939018 0.900611020 5.190494272 7.196257632 -0.443554219 2.416384341 3.087673178 3.444191963 2.240273871 7.232497639
-44.887553338 15.103967448 -14.703837368 0.321832102 0.049963121 -0.492122167 0.807306359 6.210530650 3.779404345 -0.635601481 4.816682447 5.108455374 1.543698435 4.865846941 1.515750987 2.850469236 2.438677124 5.117735827 7.023169059 0.898522304 6.305422794 10.120827042 2.349177975 3.532934680 5.036556818 8.003553330 0.468419263
-38.883291998 10.293018747 -9.700052454 -0.419550868 -0.498400088 -0.059669741 -0.756316034 2.113973064 9.235233773 7.500388839 6.480448679 -2.061612182 6.559555988 1.670801518 0.980855320 1.870577397 4.639031538 6.412105236 1.620610056 3.918376728 8.704320533 2.541119075 0.200166632 4.352061811 0.370850468 1.856584680 1.721364190
-38.314006881 27.572698093 -10.514316947 0.611799639 -0.522235261 0.299604633 -0.513038593 6.892113113 -0.514348175 4.359665939 8.022566458 5.041485149 2.221728944 3.244579303 3.727280123 2.042540271 3.423599626 7.570222354 0.394436001 3.305347645 3.102092381 10.196663624 -1.048630628 2.034948635 2.893600025 8.252477190 1.761936965
-31.357774962 12.958143378 -14.534717533 0.004355462 0.056169137 -0.627489503 0.776584176 4.904623524 3.599751906 3.927195173 4.676446705 6.385689896 -3.622688672 2.534255273 5.155908873 5.561040685 8.677468164 -4.058701874 6.865627877 8.004435646 3.087090565 8.773907524 -0.169085564 4.664777168 7.840920036 3.357262379 2.618142478
-38.398391608 21.642984950 -13.404064315 0.253641274 -0.229351002 -0.619752511 -0.706378827 3.390347969 8.874863353 9.955666938 8.485809932 -0.691757682 4.721351115 7.174068916 3.920458942 3.362793030 6.904591227 7.513499485 6.494374001 0.321209834 7.743135126 -0.402643410 2.015223110 1.924434366 2.666158394 4.601913677 2.532610282
-41.155518182 11.239828906 -7.717180715 -0.377839714 0.321659200 0.001896305 -0.868198660 3.567267728 3.431925404 3.506207733 4.718509014 6.990439795 4.524699103 6.086782875 7.290934406 6.428308718 3.708934165 -0.694092366 6.371627847 8.346071077 0.161174214 5.661787341 5.333513480 2.776027292 0.456683845 1.021039323 0.894398553
-39.836678511 16.114774820 -14.501091060 0.200659970 -0.017989313 -0.979494933 -0.001279700 6.176594332 6.165733337 6.685896111 8.627159985 4.266627544 -2.779802144 4.405899272 4.847275008 4.062570176 4.483812396 1.691197474 -1.313955426 4.292438168 0.291330407 4.556318125 5.380233524 6.125302837 4.234866036 6.852283651 6.427648255
-38.087459281 19.089252451 -2.923366985 0.634588748 -0.330025612 -0.098628527 -0.691847259 -0.894790432 5.422465303 7.297384262 4.105557566 6.857362554 -0.318329255 7.642829057 3.156761528 1.903695637 2.682816108 2.718509359 2.528045779 0.627043244 1.403389091 3.767994855 2.308497547 10.287214603 2.327562083 7.237027034 8.058636548
-42.362853388 21.030092788 -7.858492702 -0.080361038 -0.041178660 -0.447727248 -0.889599198 6.165437934 3.199600067 3.516123118 -0.374565615 8.196325500 1.568812591 4.498832648 2.235621794 -0.950453332 2.592314603 0.071627541 4.107327150 -0.098166719 5.659039056 3.731820070 3.420041517 2.659414765 8.560964300 10.182145211 8.656646329
-30.816059621 21.873410223 -6.436476890 -0.571082660 -0.588268572 -0.369406552 0.437428259 -0.522871072 8.442557447 4.451502010 6.909633655 1.684061882 6.031975980 0.918722642 -0.226265643 9.379898457 7.073826939 -2.396373198 6.254569017 3.430986844 0.089783987 8.405386466 6.001558332 -0.626473718 1.964749468 7.292694963 2.352022967
-47.206460308 18.580590108 -9.719001955 0.962564323 -0.092495382 -0.079793355 -0.241966008 5.218115446 2.773569431 4.033289475 4.978415344 -0.294386423 5.046014578 2.296713571 3.362524011 2.422744668 3.035253840 10.634323713 3.246373261 -1.033476797 8.576214832 0.049390145 5.065493343 2.131052634 6.703963496 -0.358930133 2.981829614
-42.289064381 18.843380019 -17.745067281 -0.002210582 -0.109589034 0.797320234 0.593519841 8.714103163 10.106885288 1.223908893 2.136437040 6.425008669 4.314972843 1.743103778 2.958149454 5.511550030 0.096599571 3.660567651 6.702178504 2.462821786 8.404860664 2.904839529 3.976049868 5.127906606 10.387651599 4.953533674 6.293590672
-29.645185208 19.431033554 -5.534694186 0.398403648 -0.040188527 0.507984911 0.762634084 5.507010271 6.806094493 5.973678367 -1.954224946 4.642402737 4.728548111 6.844652060 7.599090840 1.960774115 5.251373757 3.387158154 3.313336482 -1.420952938 0.232489157 6.823540837 3.146988599 0.664473644 0.473886644 4.862087086 5.596924023
-41.578901642 24.506593063 -6.320115934 0.475891005 0.252796544 0.606004911 0.585132213 2.618240820 3.919287225 -3.122923254 0.158569992 2.096501639 -1.384000454 6.428290492 5.423766263 2.124850942 3.806075493 4.104085722 3.809599329 6.878098268 4.995461668 5.574154933 2.013024071 0.827162609 4.172979430 12.617878141 6.857565459
-38.875209807 24.026504293 -10.270137010 0.367948626 0.047649605 0.557116880 -0.742942869 -0.944723330 3.736666631 0.641129107 7.588771647 8.524225613 2.677056375 9.683920115 6.973734776 -0.684553607 1.196836480 0.641478578 2.103270286 5.244423155 4.644433511 5.349588510 5.932921464 -0.621480763 0.466340106 6.194888102 3.448741031
-45.621575947 23.209569066 -9.198216013 0.561857173 0.131011134 0.479325633 0.661361881 6.519353090 2.143841526 5.400619640 1.734405600 0.652753267 5.258118587 1.000442106 3.882070059 1.512706851 0.181853813 0.023598595 3.888390063 2.833603788 1.462729825 0.462562727 -1.606932434 3.155427168 6.355806549 2.633025520 -3.202491848
-39.065500549 17.609796192 -14.755611027 0.653398852 0.558348654 -0.201064927 -0.469988953 -0.048426666 -0.695800056 5.645037715 0.289231428 5.487284746 2.801577289 -2.011524458 3.152650246 1.068329167 4.238789005 5.769373459 6.837889944 4.076444710 0.703231696 4.168093606 5.733754988 -3.648992588 4.668307253 0.163317247 0.064137299
-34.980262565 19.298338605 -4.715409860 0.692107346 -0.650088679 0.133939117 -0.283606142 2.684053425 10.600651067 11.533994376 4.324885555 -1.200496769 1.658688891 4.110590868 9.698120097 4.004946752 4.024689365 4.642541117 5.719466184 0.958187888 8.302351721 1.763885527 3.289113880 3.702323689 -0.831755040 6.023777316 4.870559319
-42.184180668 16.870524303 -11.911015363 0.440487343 -0.556536153 -0.673354292 -0.206959917 3.173266212 9.227108662 4.122660706 10.323632028 4.069989598 7.527792538 8.082972640 -0.660733036 7.930562024 10.942563872 -4.702721662 5.203647073 3.510570372 0.773187358 3.222390892 2.697370437 5.524111195 2.666372118 3.466327505 5.453759424
-37.200753267 14.347115667 -15.108136231 0.105872222 -0.656030970 0.126970926 -0.736405339 1.486383389 7.730430156 4.325997815 2.949958562 7.160471402 0.934274546 6.033594700 8.504682995 2.206018548 3.436317637 6.461575699 2.891178999 6.621338353 7.807356614 4.831973067 4.011009547 7.213199413 6.607340031 10.723970445 9.774818580
-45.008503661 20.658328347 -6.600579937 0.757785374 -0.603765318 -0.151954632 0.195290958 4.331924906 1.485229567 9.098096859 3.984297319 1.451704555 4.672888358 6.270472593 1.198192699 2.309734349 1.679746295 1.654913140 4.925979451 1.515782353 2.436064227 3.764430071 1.260891329 3.678091331 3.203307453 5.516091644 2.715065827
-42.682229590 23.863090907 -11.716081507 -0.693539631 0.318728479 0.010376156 -0.645993245 8.677045980 6.242987635 3.982729674 6.167155302 2.428106018 4.432341810 1.849097876 -0.982336742 0.287213810 7.263534282 9.166476596 3.484330623 3.436585454 9.793801114 0.861239941 2.327273066 2.075947402 4.797976572 7.637069591 3.624050000
-37.160819793 21.536558169 -11.899686890 -0.760004481 -0.238211399 -0.195992471 -0.572044990 5.667799070 -2.952179458 5.145799692 0.431819174 1.766343013 2.679951835 3.751295587 3.253258164 2.585592096 5.202266732 5.394919613 7.545266477 7.600807244 5.975911960 6.583986493 -3.039376699 2.900900245 5.800381131 7.096460131 9.825019088
-33.335881404 19.873649668 -14.656892498 -0.708843009 -0.474052997 -0.368706754 -0.369960367 2.419330629 1.300392087 1.041709571 4.060159890 3.356485618 -3.194200279 1.686695751 3.245972070 3.264927722 7.423818286 7.109198422 4.336421151 5.178594409 6.439618643 0.500232994 1.276743754 4.477353274 7.794449340 7.256333030 3.806232735
-44.990942032 20.057119548 -12.201602603 0.088746725 -0.165065035 -0.386277189 0.903143115 -2.160508039 0.739726579 3.023009874 7.001514230 0.463504940 9.101242290 0.108961647 -1.475727985 0.702860283 1.311368122 4.431777286 -1.333619185 0.871724580 3.289165358 0.641777624 -0.769484988 7.665142668 -0.572561873 4.692135822 7.579194315
-32.665535242 14.079675419 -11.940094642 0.434302266 0.875357255 -0.209303402 0.036377253 -0.985057142 4.312418978 7.664977632 3.521776054 -2.118913426 -0.669501493 -0.365977364 0.188558179 4.888171413 3.839082632 6.138321500 5.483940274 2.598936150 7.198065190 5.708351505 4.770659688 3.124289966 0.491441268 4.110665972 4.274304027
-39.411956078 15.561145287 -9.796415263 -0.998465348 0.033226467 0.000284845 0.044304292 6.778359338 5.057123182 4.411846271 0.353803981 -0.241421928 -0.439471387 5.417277188 1.255633568 1.172491176 3.629145135 6.219275107 7.375327135 6.068121536 2.861187782 10.613975591 5.192367463 2.345341026 3.472759308 6.830610922 0.452466651
-36.112767284 21.093093152 -1.732175972 0.758227010 -0.470400511 0.441220663 -0.095600664 4.754087947 1.899650530 0.016893978 7.513705382 5.556627464 1.197629975 4.273575619 4.793548568 5.321582188 4.606888270 5.387551227 0.270757415 6.002007626 8.193167983 1.953166306 6.230912745 0.226431020 3.236596481 9.483258740 4.282783070
-32.089531204 13.788156063 -4.833388293 0.667798435 0.583117322 -0.457641972 0.067699805 6.235311219 0.714729352 8.925977863 3.468891805 10.647988841 4.542968152 7.068541982 9.281136453 3.087733027 5.821087676 0.720710072 3.266415390 5.253920081 7.558194478 7.920584487 0.544061936 5.353454450 4.695041985 7.385018552 8.572347247
-41.280026764 25.055403129 -4.726631946 -0.689779164 -0.150309078 -0.351879273 0.614648569 4.532701569 6.085737975 1.229241049 7.609939868 3.841358917 4.503893480 2.508137989 8.097440284 3.302268929 0.235909648 1.574719105 3.453580912 2.338996083 5.598383481 3.265391900 8.596290787 1.502281272 7.642722103 -0.488322161 1.025459609
-37.382083979 25.579776805 -7.919349554 0.447590154 0.502996611 -0.497433916 0.547007278 0.984019859 7.237418904 1.018565598 4.819017483 1.126489043 -0.837158494 0.896377464 4.735707127 1.493438208 5.253419001 6.804833637 7.692057941 4.272233842 5.464750616 2.635835740 3.235700898 4.410862495 6.304891921 6.739085631 6.515630208
-29.233381472 15.555434897 -13.991211156 0.115350206 0.557338706 0.513333345 -0.642305825 4.432338093 6.098334978 3.317674302 5.618385127 2.132696716 7.490491616 3.330457506 5.402396704 1.126446267 7.649175476 5.375241547 1.004030312 1.471279850 0.687900807 7.392405946 3.858564957 4.241399336 5.577928674 5.229414411 0.617300902
-32.492653937 10.343326843 -7.611013515 0.326744166 0.368998606 0.850934893 -0.181626226 7.116079841 7.100238038 7.656646610 5.436104017 1.138865345 5.058952804 2.435675933 2.675482758 3.302280276 7.510327417 5.100458884 2.888960636 -0.211681351 7.941207140 9.189775441 7.385787883 2.967870333 -1.364921128 6.895886248 2.875587076
-43.305332591 21.398356695 -10.633838307 0.438971686 -0.312774746 0.088540802 -0.837637358 1.340682058 6.986543052 -2.010468313 2.376209336 4.415993160 -1.407538428 6.456912354 -0.386271676 6.841975512 0.606944440 1.610370359 3.275639161 9.902047684 6.681212487 3.955525724 -1.168378189 5.207954616 2.412282162 7.117387060 4.142145040
-35.249692618 25.808458221 -4.021625595 0.060070840 0.244525136 0.323037418 0.912275057 4.270581007 2.567045193 1.067356574 4.160110580 2.438546223 5.210882229 5.934679324 0.479138857 5.748960200 0.776569681 7.952442717 -0.089614861 3.328112529 -0.534231126 3.391096507 6.612685999 1.900858545 3.374643440 5.537032472 4.677279707
-32.948325907 18.025382040 -12.712908023 0.315861921 -0.252232975 0.790876592 0.459482307 4.894043848 5.204380629 -0.425240870 6.106376645 5.897674015 4.398139120 3.586203533 5.653346849 6.635115829 5.541273675 -1.592760688 6.020025239 7.905784208 5.480616282 2.470138033 9.659156204 8.109672983 4.614661072 0.639920872 4.922510001
-44.106950141 16.514381013 -13.451985940 -0.107660792 0.716858171 0.063098133 -0.685960744 5.024969089 0.632676740 3.104516476 2.868706113 1.472180504 5.245737549 0.778935058 10.739607918 -0.497116033 -1.462626251 1.691795901 2.174805368 7.836478976 2.146990927 5.309904535 5.559050334 2.254973444 -0.017882470 6.825778826 1.529756864
-39.440863813 20.224346993 -16.969269177 -0.168611799 -0.468533838 -0.425301855 0.755754216 9.707238007 -0.354380332 6.986857259 -1.430929429 4.681962383 2.496843869 4.822638491 7.432272032 5.943739713 -1.873983346 4.619675388 -1.982631052 6.173885101 1.876181508 -1.935894816 5.923024513 4.736327819 4.672552188 8.492421192 -0.941027709
-36.277436956 25.352506572 -6.117612001 0.003776583 0.813785236 0.568704561 -0.119643008 4.464762922 8.180426158 2.930832684 3.409114161 2.270567744 -1.312935582 3.618372731 10.578841501 4.634561069 6.954371428 1.650983740 -1.375078809 6.262364674 4.193405307 4.998049380 4.579529096 0.658624593 -2.194860547 6.058265709 0.194819937
-36.383008082 24.895688457 -7.961356536 -0.081360027 0.556462417 0.803391438 0.195684242 2.624112644 2.590460603 0.973438722 7.854903525 4.881622961 1.980266773 6.779125292 -2.594520174 5.741023169 -1.112022775 0.546579696 4.454363683 3.115166830 3.803914253 5.310848858 5.606815242 3.271237666 4.300985808 3.785414484 7.625581453
-39.919523426 16.692721989 -11.706579574 -0.609055182 -0.745142827 0.137914719 0.234080077 1.116564679 3.004367807 5.623011421 9.545160125 2.711321216 1.469098056 1.374397029 -0.641675515 1.926978171 9.343942343 0.388913575 -1.809617824 2.440804358 3.422493639 5.742179595 4.349135380 6.615116620 4.412504667 3.620631167 2.198002746
-30.400878365 18.600079603 -15.842203031 -0.415214596 0.632901168 0.183426094 0.627206360 5.871879141 1.805020659 -1.846736162 2.230379790 2.609223039 5.165111148 5.971540867 1.778890180 9.316612373 3.992304686 10.392629576 0.549220636 3.723310564 4.290530954 -1.027536092 6.934482028 5.945051490 8.970643154 6.972066289 6.470252642
-30.167578449 20.555496275 -6.682075373 0.171133855 0.386640235 0.528330948 0.736266896 6.102519602 3.375654820 1.319967997 6.236626332 6.017497346 -1.908184350 3.981379213 4.787356053 9.204489189 -2.689146578 7.425729595 4.763980331 4.834686200 6.264681800 3.431171007 6.358686446 2.714104407 6.939473184 1.543470625 4.326256134
-35.369912758 10.724698690 -10.558475496 0.045809854 0.552421798 -0.671216951 -0.492137602 2.846817690 2.263946654 1.954254721 3.124390503 1.382210943 1.308414326 0.757354929 7.921391129 -2.607757313 -0.397037521 3.005498764 -0.665345458 4.533849952 4.650498106 -0.704996452 4.270199361 -0.262646334 0.681766957 1.575958311 5.367638364
-44.734093990 17.751079736 -7.909269162 -0.327811180 0.555764153 -0.432499516 -0.629769962 7.751713960 2.597026239 8.285172599 3.371241156 1.875092128 1.681118544 4.040279847 0.477384456 4.394381419 10.657291226 6.992833435 4.725947062 -1.175114663 4.912730158 7.230062537 5.727580311 5.123620188 9.592537124 2.036471364 8.286222272
-38.684018196 16.246808825 -4.530215874 -0.461927307 -0.170828419 0.866496073 -0.081396379 0.632682243 4.312885505 3.758226381 5.954116065 0.789137641 4.262189571 -2.194137961 1.632730105 7.021480185 3.125347488 12.046941604 2.117191304 0.001654432 2.134574028 3.809467625 4.219576662 3.096460050 -0.510014998 8.204965282 5.235929495
-32.228000158 22.860793162 -13.200368807 0.029584018 0.446628747 0.803551730 -0.392367385 7.447189844 2.444027654 8.160664152 3.535379894 3.713001730 6.945150792 3.393305313 5.853892070 1.727534556 4.528227478 2.263769674 3.325766926 5.473115268 8.548234544 6.995782007 0.649488995 5.523637370 2.437593059 -1.817206656 4.064333328
-34.677149649 10.636780218 -5.364004817 0.136794311 0.676431312 -0.534601026 -0.487780422 4.364961914 5.185707166 3.237524927 8.108287376 3.169485967 4.678107208 2.194019599 6.043216475 -1.252777523 2.036459251 6.060366441 1.860953076 -1.987310941 7.185148479 6.561499646 6.149210341 11.109796220 5.102950814 7.285475271 2.021332755
-38.699264123 10.692384693 -13.278424094 -0.044451041 -0.293281446 -0.022335283 0.954730974 1.827358765 2.825299608 5.733924945 3.990017138 0.888677059 8.753780544 7.358479337 -3.098964397 0.941871125 4.021463433 3.248028438 2.699904386 8.743087615 4.303839968 7.556656534 4.465679245 4.654846290 0.753418419 0.880865634 1.517057224
-36.802200748 10.716625361 -9.124178168 -0.301442561 0.099643593 0.903198457 0.288853049 3.890140984 2.628009654 4.214531011 3.998996460 1.893213167 4.919590519 4.594888874 -0.090617637 5.253837155 5.439133355 4.291305924 2.040734803 7.204589173 2.362295538 1.388631789 -0.303332561 3.004908454 3.778047104 8.039639923 1.320408886
-39.349675139 15.149601849 -7.114187826 -0.136486080 0.621607858 0.515592207 -0.573707153 1.375175637 3.974392466 2.416919533 5.297500703 -0.698222318 4.091687514 6.539283664 2.820128567 6.081186180 6.466219671 2.360702179 0.077512866 4.721758900 2.780904185 4.953126243 2.799802035 2.441275097 3.236403162 8.999642418 0.623798001
-37.113380307 11.103342814 -6.681052133 0.437936500 -0.568086263 -0.688904124 -0.104406551 1.704307042 -3.791954539 6.905841979 3.661287306 8.084049937 -1.026153331 -0.057027284 3.485618786 9.709676654 0.907810736 6.392650883 -0.857397233 7.411329226 4.510520240 0.378004540 -2.568428375 5.273471811 1.117318930 7.535978478 7.155350439
-36.054030856 19.333049137 -7.652987900 0.853102169 -0.408009535 0.031685730 -0.323637025 6.372785423 0.475422424 3.752656078 2.677988005 2.883913026 1.279759452 3.671608890 5.524002070 0.507337730 4.937530265 5.023695368 8.572686737 4.830732366 7.267921127 2.870282960 0.502195329 5.818360603 4.364001744 7.316009991 1.287440280
-42.385365339 13.031350485 -9.390533176 0.012206888 -0.898936712 -0.301209019 0.317863032 8.044878281 7.493394036 10.682854126 2.734115846 7.470918692 -0.563870153 4.509613224 2.609780385 4.928738979 3.680484630 2.370925525 6.152824543 8.783708116 6.419630883 6.114789355 9.753078390 5.855343470 5.371797620 4.835708332 4.375387138
-29.777500026 15.339655236 -7.404912490 0.381590214 -0.610536707 0.539623836 -0.436394264 3.887823253 5.291594145 5.368345297 6.944272583 7.796635452 2.783081978 6.510302227 1.644573426 6.336075911 6.465576431 9.720325746 5.230980236 7.220560440 1.696186626 3.637553293 4.852348256 8.506229424 6.395345860 2.288087452 1.229010037
-31.021132187 18.774171936 -16.590031579 0.246315480 -0.923112353 -0.270481044 0.118457895 7.866609450 6.552101774 3.889154478 4.842853143 1.017195989 -1.866381867 3.030036736 1.142123654 8.179146386 5.221405866 4.007833744 5.740541140 4.069218317 0.665283405 2.842153385 0.085420027 8.227861960 2.215784092 2.638416870 0.380042660
-46.288588412 20.682390459 -5.899781435 0.362663783 0.804172118 -0.229416162 0.411278992 1.530557545 3.995784645 2.906296952 2.952037844 8.819371454 -1.763191814 4.154282879 -0.526679134 6.465024817 -0.096183485 -2.576978919 5.102393089 2.651599275 0.108608832 3.091134669 7.234974442 1.281498304 3.071019759 1.974919645 2.965743476
-35.965400119 16.057498740 -11.386828469 -0.842974826 -0.019197968 -0.519364178 0.138873076 5.625850509 3.593818814 2.498357622 -1.260678486 5.470514888 4.967054187 2.679933697 0.433020466 -1.926312350 4.305500846 4.175878011 9.275573838 6.859914565 5.939654033 9.849563599 8.738175502 3.042575152 3.002823596 1.904501234 10.568714616
-33.854317294 12.337645681 -15.429136336 0.641949530 0.524933590 0.252876761 0.498396299 5.112358373 4.155792070 0.938724029 1.792974940 9.956957970 6.412077811 6.611565338 -0.006468999 8.250844271 1.043928096 7.797423989 -2.413243302 0.669144391 13.125645633 3.522547876 7.031358018 2.731592181 6.828763654 1.903053732 7.512176120
-40.903678365 15.072119834 -0.671366795 0.088076093 -0.637560976 0.490541395 0.587475739 2.221114042 4.873518391 9.554727373 1.128494060 -2.671731452 -0.082471075 9.392874950 3.746734580 2.784229482 2.350939401 1.785071136 2.974527284 8.638306568 4.489130557 1.870891213 4.192560426 8.769360998 3.961158678 3.904347899 1.651618841
-39.032989320 13.082147730 -9.009660368 0.530109181 0.238788153 0.714615102 0.388959805 2.034582391 1.915316869 3.282004035 3.806858885 5.263757971 6.207796588 3.603724137 6.315465418 5.482202694 2.118617467 8.425237742 10.716833635 -0.343708849 3.230475104 2.282944260 2.604305328 1.839611641 6.899316714 3.664842998 2.826138068
-43.914094444 23.061257968 -7.675009688 0.664721877 0.201881110 0.389953647 0.604421208 -0.925614005 5.469430098 5.946926905 7.263852019 1.044378438 4.654372689 6.184945411 3.185038548 5.588502409 4.374497667 1.439127368 5.559528571 5.168754059 -0.441498338 1.742028661 -1.750151453 1.676382084 1.350443534 2.090238652 4.632416345
-28.552804494 16.219730288 -8.940855335 0.579778487 -0.810036873 -0.082338212 0.030291747 8.045851010 7.311652280 5.170084587 3.005761622 5.505920255 1.122295769 3.918329551 3.253171097 5.435477298 6.538169934 3.212525840 1.291209944 2.929344798 9.083916690 4.130149822 2.757785447 11.381580562 1.857857036 2.169596044 -2.257880279
-44.539506363 20.594078550 -7.254330878 -0.095164909 -0.791930187 0.495807795 -0.343460114 2.441099734 2.792698594 7.857423582 5.139947749 1.089589378 2.621320693 4.911293625 0.212536435 4.755092853 14.083026766 0.840290838 8.467052486 3.892058164 3.507410864 6.765216333 5.191901573 2.634394473 0.592679339 5.011705259 -1.917150621
-29.448566359 22.307764697 -5.545810285 0.203895798 0.653456556 -0.088797925 0.723557850 4.241802961 -1.306022683 1.939173964 1.134670367 -2.144418871 3.452337277 0.733778799 -1.654809641 5.284483171 -1.987874812 4.195672023 4.936922100 7.575475901 1.000094963 0.953731625 -4.627417335 11.184869017 3.976755019 3.383087832 5.557761461
-41.272489062 20.495040158 -6.409998268 0.779919712 -0.423647024 -0.074453392 0.454648364 6.208876337 4.061523096 1.268953854 3.011651074 5.506347088 1.140059212 0.197772417 6.220579991 3.716086612 4.485245932 4.707891540 2.231855464 5.793184758 4.331148480 7.505135694 4.961777810 9.480148772 5.511174331 5.962931855 1.919497490
-46.092944744 18.624070903 -4.976470322 -0.340624026 -0.221027941 0.066861182 -0.911400848 8.221158089 7.404211224 2.097950144 0.234471337 8.518559552 3.683429232 1.965874213 0.758285724 2.750702059 5.976386674 7.640289829 3.014366461 6.068368488 6.938022460 3.972226587 8.738707132 4.658119367 5.002298879 8.116968337 5.935877569
-36.583328714 27.162362436 -8.226918665 -0.800901097 0.037472291 0.437638410 0.406971598 3.020593521 5.163882675 5.106873902 -5.769751873 2.718258640 4.220536222 4.554656137 3.977329231 9.671562930 6.100841011 6.209321560 4.102239697 0.183016757 4.321969241 -2.261517746 4.789273160 4.450682593 2.620666770 5.594262915 5.862311115
-41.988912414 17.272836096 -15.622753964 0.499841006 -0.683501090 0.527204599 0.070996759 9.093009221 6.126454875 2.994902162 4.356140349 2.411426331 5.650570052 8.500830832 -2.542078935 3.549101471 3.775453057 -0.115020095 1.208027753 6.875550999 8.423682252 4.109814491 3.842298185 2.832161588 4.385285225 0.262933127 0.928707272
-40.071125692 9.938883617 -12.300817177 0.171532327 0.401096818 0.472544260 -0.765767541 5.820169575 8.129051389 1.177347739 1.275073722 6.696316341 1.989397559 2.148045097 3.287591460 2.425950082 3.533659232 6.574879435 6.019660385 4.512797431 8.907180201 -1.773087000 3.505155539 -0.108815402 2.776840404 6.494285452 8.066370241
-31.922802625 15.385061424 -7.065533056 -0.337942400 0.150267567 0.216332327 -0.903556814 -2.003239138 6.104323558 6.151363567 0.073909471 5.815541203 2.158601278 0.003826668 5.425096613 -2.078312263 6.783614757 5.148121469 7.499608651 5.827827606 5.083680978 4.692341714 0.335211737 3.014367355 5.127736855 4.577249369 2.335693763
-41.451756080 18.788338641 -3.165343286 0.618575956 -0.213861161 -0.068241019 0.752974338 6.523504659 0.008418046 4.826566714 7.165518012 0.504216363 5.353207559 3.767568422 3.615568385 6.757805935 5.536120415 5.325418835 9.234707709 4.911872034 4.033677578 5.255644045 8.295561223 -0.540537142 5.437643344 3.447327299 3.385018251
-34.113261851 15.260873041 -1.860353036 -0.860321025 0.302382108 -0.408763762 -0.036400308 0.449859143 2.854434180 4.966087715 3.810419929 0.660268661 13.889992823 6.355616796 1.869058848 1.263406254 1.588994714 2.274937975 6.168527431 5.402172074 3.299436178 1.894920917 6.958181071 10.180731128 3.481715251 2.810871208 5.644264601
-34.325438325 20.185068894 -3.484893244 0.138862790 -0.106027585 0.971663758 -0.159200561 2.160698221 4.877815324 2.236621900 -0.018116749 3.979498180 5.620182930 2.560200445 6.947447859 -0.628525772 1.085994019 2.947655189 4.889077633 5.698671325 5.078443280 0.987629527 4.831796060 3.203606740 4.559729848 6.046245205 0.660314954
-30.471181410 22.368103376 -4.452709405 -0.773801595 -0.066915930 0.616607136 0.128642880 -2.245424897 5.738773421 2.442832234 6.944982312 3.211335164 4.148935615 3.366902617 2.773999318 1.916813933 4.781235295 8.859010434 2.571648568 7.991705915 0.895096984 2.474322742 4.394546265 6.197296830 3.568714062 1.096201057 -0.636364442
-41.049674795 24.269507131 -6.057270757 0.081939890 -0.958252874 0.231145111 -0.147000754 1.649671914 2.670742465 4.507535020 9.603808185 4.979749481 3.175332863 4.865423999 12.698656889 0.770340394 3.648024243 5.430774777 5.099577918 6.882374601 0.971910046 6.858252128 7.113575875 0.134941278 3.554799579 3.599710648 4.328245065
-38.992044666 22.967195673 -14.224092887 0.306081631 -0.776585542 -0.187409748 -0.517790032 3.934493533 6.092243869 5.832066511 2.053811074 6.953871337 4.583783698 4.576721045 3.757195560 1.377749927 0.513894858 2.855202379 -0.503316121 7.094272925 -0.312278105 -0.397082302 0.877760626 2.131277557 2.855590371 2.242772643 11.276835888
-43.241928039 14.299887714 -10.127364308 0.596968070 0.075485989 -0.612046981 0.513156391 6.010053982 9.072911058 4.385067110 9.433696054 6.052919300 4.472645698 5.566718207 4.848461684 1.590629400 0.542288625 6.001509981 7.216772798 -0.532850047 2.129005629 -1.784029066 -2.404026489 6.239338715 8.595485164 4.447727189 3.548403956
-32.648037522 14.831071826 -10.665294592 0.629809218 0.539233635 -0.559072480 -0.002323406 4.791402325 0.313341393 8.172081406 3.726121020 1.710464858 4.559655532 2.133350436 2.556666853 2.597934932 3.785378896 4.766105454 10.293020560 9.936770425 2.451215195 1.656000363 3.926083182 2.147267974 5.213037107 5.881799892 8.053844876
-29.593344365 17.479259740 -9.196038090 0.163001252 0.502220478 0.492595872 0.691776330 0.320163768 10.142113828 0.556519069 3.623995386 2.898045879 2.184474821 4.882180074 5.160240080 2.204056228 0.479458680 5.976087621 3.386943405 4.183795761 1.561700928 5.704517162 -1.445791783 6.438920294 5.463683315 1.131110698 4.636529713
-37.632648570 17.701173459 -4.148333002 0.086554379 -0.266516188 -0.921124614 -0.270197903 6.218414157 6.135036294 8.511130148 5.712995998 5.260831811 7.815063370 8.223297359 -0.280452441 -0.546953125 2.236117690 5.751766101 2.279993431 2.558890259 1.242943017 5.140243344 3.745269678 1.455570633 9.244298452 5.459062363 2.338084997
-33.936758444 21.026287306 -11.764944345 -0.264675335 0.019369966 -0.953330687 -0.143987404 3.829393257 8.388947507 -0.604277574 3.082585535 5.536300470 13.873081232 1.674021594 4.178695256 9.989095937 4.091419572 3.512937799 2.674464128 7.875617345 1.938902303 6.434564384 -2.469491661 11.148752184 2.496317105 5.731964991 3.006442352
-33.954611360 22.436496806 -1.404221843 0.302263917 0.466725109 -0.809819636 0.187073127 1.169955401 5.121511606 2.195688704 7.104777052 8.163856818 3.388018587 1.636426222 6.628826864 4.983623984 1.694505100 5.038700410 -5.062903782 7.797723677 -4.236950651 2.499705200 6.011560996 8.966600117 8.143772541 4.606600713 -4.238451247
-41.863651487 16.301674461 -5.357584105 0.185838759 0.977555254 0.094444404 -0.030494849 5.390564832 1.856788691 0.314767686 4.137859912 -1.771254696 6.910719998 10.630371766 4.036836386 1.272631270 4.433189080 7.075856589 6.717745177 2.074646917 4.985134135 4.659811096 -0.257550862 2.996120799 8.008421343 5.499213715 10.853063052
-42.126282421 11.163868068 -3.864669436 -0.078327248 -0.484636397 -0.282888016 -0.823994403 8.509904892 2.439041247 2.055651334 5.700504794 0.601108942 5.202617533 5.112798008 6.736197506 4.871085885 0.883606890 0.645418436 7.315765803 4.830849871 2.728718699 3.046565871 2.145217577 5.446693378 4.785877208 2.122645085 -0.160462712
-40.615268111 22.130460310 -1.236301698 0.110760758 -0.064031681 -0.838103682 -0.530296347 5.135683545 6.061719897 9.054880665 -0.834997318 7.760848433 3.420381524 7.692833367 3.288970426 4.480859068 1.218879761 2.534479475 5.418942879 7.288557955 -0.529010156 4.525212344 3.036989489 1.346452320 3.282980247 6.219606302 -1.420379273
-37.514704892 12.192271062 -7.596063531 0.198296950 -0.799224495 0.064586239 -0.563690646 0.637241060 9.870147907 4.995620062 2.541858963 3.874353873 4.425718085 5.002005612 1.400969790 6.306238319 0.275368950 7.817960048 1.491873619 12.369634860 1.385771702 11.498933929 3.288231463 8.581467481 1.065525592 2.007663217 5.402583957
-35.352306805 16.828237719 -1.071628400 0.113304816 -0.869604060 0.162539797 -0.452251713 3.290893988 1.976109934 4.185527079 9.479267664 1.095835731 0.778040335 1.306633211 10.818595245 3.247016019 4.784626294 2.932789260 4.771027393 7.308380916 7.500740250 6.126436011 5.968925480 0.201322547 2.568415065 4.121372537 0.410146088
-36.917160625 10.867696272 -7.410168689 0.823289802 0.511165536 -0.120846419 -0.215173975 4.949685005 4.697253432 5.860179373 1.977459984 10.551933426 3.003380635 3.318003434 3.204353934 3.388349907 4.257705434 -1.379932338 1.946729793 1.564931745 0.475341811 6.568493039 4.055450258 -4.382339102 1.441130288 8.933391533 6.700829490
-45.212798868 23.127185561 -7.103565294 0.315404836 -0.502947717 0.183212737 -0.783579272 8.880506987 -0.467347611 2.535797323 3.993921290 2.439167300 2.071426477 1.859377599 6.545950614 0.064007162 3.275594575 0.208830006 10.213393214 -2.253897615 4.792894009 3.860378294 5.240278301 1.438117724 2.299846368 6.336860123 2.862775639
-37.089078921 15.510458720 -13.299562808 -0.416344924 0.387990907 0.680059393 0.462211188 -1.217374113 4.314702946 6.361943949 7.060866777 1.244931891 1.735037714 -0.357277876 1.677975839 3.214737940 -0.048478935 -2.305638303 3.406852223 4.347793532 9.723029124 7.187878655 6.846019047 -0.487549082 5.028674789 10.438631620 4.021348554
-43.304129506 22.176309317 -5.338552248 0.575363480 -0.736902682 0.353432539 -0.031886415 6.111258738 -0.095927848 1.717169468 1.528246744 7.059016381 4.050702697 4.029295063 3.522626535 6.627409939 0.153982383 8.611133390 7.866988596 1.032588162 10.051838072 7.358923829 -0.906190610 0.775639079 2.315221834 4.615460257 4.788936838
-42.751287667 9.991046786 -11.601016570 -0.051668337 -0.315897922 0.212954746 0.923140922 0.769181067 5.748400027 9.470095233 6.198256892 4.210141433 1.309318483 3.212686971 2.384957789 5.749685312 5.185753248 4.919934366 5.851995430 3.245475887 -2.041467132 4.994979766 5.017329746 1.838394104 6.559892341 6.498974606 5.336345234
-36.303280965 15.277803649 -11.260571713 0.778673375 -0.321042628 0.514788952 0.159974190 5.381409057 5.258372705 4.274104176 0.053718520 2.934751155 3.704113485 1.160542016 -2.731390130 5.771997126 4.224837079 6.335842431 -2.937491560 1.818530180 5.362977051 0.942574726 0.290951709 4.050369286 3.915473116 3.890072064 4.548919140
-37.734213672 13.666689257 -2.774688381 0.618032590 -0.605202675 0.468677367 0.179184167 4.887830945 3.504767914 3.242362511 4.854134184 4.366285458 6.656845121 -0.078924300 8.649713976 4.357916889 3.485780618 8.435719097 0.314402535 -0.161784178 4.896405602 7.536350945 4.005423368 1.813165599 -0.416539894 1.960971617 1.296511699
-34.442609834 20.068969764 -10.015118697 -0.703048086 -0.523017625 0.443563462 -0.188221697 8.987760202 4.606662841 3.401343248 2.146432149 3.763056850 6.787812082 4.636069841 3.885085226 2.710439996 3.444657562 2.316423686 3.241298139 1.694226700 7.671570302 6.824921459 2.199280882 5.288550475 -2.010690289 6.771305255 8.510145850
-43.482622994 11.045035464 -10.063979291 -0.514681598 -0.269293601 -0.064099658 0.811464752 7.078798425 1.899332525 0.639948294 1.658240616 3.136528360 2.402589859 1.324791712 2.600054491 6.124742559 5.413282933 2.909900410 3.544765696 2.338875701 5.038530198 5.224855131 -2.025431127 4.398485005 0.718615492 2.421978942 2.717248330
-41.698932122 22.034243907 -12.019533674 0.287286563 0.792059896 -0.524725641 -0.121534162 6.042798860 4.902400298 4.880293718 7.274732569 3.355491530 -0.103700843 9.832156210 6.740479845 -0.327084087 0.038892547 2.869248653 0.519346983 -1.641297196 7.313476454 8.973138232 9.507217458 7.437066557 6.501351169 2.337985521 2.700664099
-30.347728779 19.725436435 -4.752973703 -0.703031118 -0.356559339 0.237644306 0.567571906 3.878175815 -1.595990752 7.444609518 5.449832905 0.120972154 0.831347706 1.813357513 3.165214275 5.959227115 -1.068389665 3.242751922 4.725809944 1.128746263 -0.836810993 7.296530720 1.152453608 5.221111972 0.501407045 1.375920938 4.209583548
-41.946277879 13.608906922 -10.817169870 0.405726939 0.239264442 -0.688283372 -0.551728355 3.316510033 3.840678278 0.375804692 2.967903617 5.688048884 3.709845544 3.908620253 6.843148338 5.891825003 9.366127313 3.594488459 5.558091040 5.803693782 -0.415368424 2.152987868 9.007945718 2.724366867 5.198565736 1.131237453 -3.518444114
-36.844623299 25.191757562 -8.396523259 -0.965804415 -0.143687139 -0.204901694 -0.067757898 3.430340730 0.545145564 -2.324569365 6.575080458 4.043983241 5.827418689 2.087629785 2.594050788 1.978048190 1.853302497 0.905986523 1.771141819 5.944092762 5.173205270 2.520584899 1.882310603 4.242307142 6.951796186 4.466004768 2.937244842
-35.351342572 15.110839217 -11.079954620 -0.503618013 -0.118440284 -0.464553808 -0.718700602 1.030875285 4.005958012 2.224183681 6.558874604 1.112507582 5.759712191 7.717910845 3.650556743 4.961221565 4.826022001 3.671061644 4.185239263 6.261146270 1.761677818 5.605842346 3.863931035 0.294362306 0.016043602 4.854539723 3.603567204
-36.469524758 18.696949067 -1.079684957 -0.170439013 0.764648835 -0.435119857 -0.443771802 7.018920287 4.230289851 1.053994138 2.005897587 0.894818475 5.988089755 7.701670202 -0.493442194 4.995253642 4.997270795 9.048656559 5.072748010 8.177912246 5.348898214 3.082461354 2.262049921 1.035624756 -1.868466224 -1.518458683 4.355054494
-45.799531889 17.361233141 -14.593122296 0.324604607 0.043401514 0.598548121 -0.731087071 3.130912722 2.187838381 3.914379409 8.527275437 3.891369824 6.231807696 5.208687719 5.623114482 -1.057709094 8.266211649 2.879954315 5.520684961 3.608745840 1.242172743 2.090948583 10.512225400 5.754326670 7.607742314 5.989649329 4.991043230
-41.653318802 21.387289276 -1.164477267 -0.809679682 0.185899768 0.002042071 -0.556647032 2.803001376 8.556188067 1.460368156 -0.018513422 0.262295191 2.282886297 3.248520468 5.327876967 6.031540521 1.244063522 2.539111617 1.416176041 4.801331810 5.811730201 5.634463283 1.586134938 4.097829227 1.492516226 -1.216040021 1.008108573
-37.104349718 20.462291368 -0.375969645 -0.075395572 0.934125783 -0.208415582 0.279798991 4.358803191 -1.456987763 0.425967833 4.060085256 10.579874575 3.058475415 4.528079170 4.729352761 2.384900597 3.491066813 0.260652991 4.140711844 9.478995164 6.372521467 5.909120452 6.879876521 5.935784262 4.695968541 8.662320896 7.065872683
-30.949150357 20.897910324 -10.000756367 -0.682156248 -0.160226263 0.569331505 0.429944222 1.206066753 0.145021927 1.469556115 8.943138228 5.771560621 5.446695647 10.587745745 5.239021555 4.998117537 6.398021820 2.712180134 0.620518815 3.151238652 4.924373321 9.955872489 -0.860702057 3.488065326 6.881624183 9.040573114 9.907574641
-41.324707669 12.865759222 -6.535495343 -0.187923029 -0.247669382 -0.702718509 0.639946489 2.843131637 6.088415848 8.677883554 6.272399549 4.743415820 2.621916110 4.264078792 3.656344614 1.531041601 3.243315550 4.120038705 8.036167376 3.565123393 2.564521368 -1.871127589 2.751696323 -1.340356771 2.525624862 8.482324226 0.391873716
-41.799163780 10.085769770 -12.406125227 -0.266706340 0.682205793 0.067836608 -0.677392928 7.483989526 0.212476820 7.106775781 3.929805156 6.437649907 5.317645676 6.909363000 3.883774182 4.904291400 -2.544191348 3.932300251 8.114280615 7.183025484 -1.208385720 3.208694000 1.680451310 4.785169463 0.503450124 1.192131267 1.639326788
-38.083814938 9.720504432 -14.500110529 0.536027555 -0.702454522 0.348955321 0.312189509 1.917679405 -0.725648929 3.182198123 8.039968176 5.445208191 6.514130428 4.957776049 1.516218154 4.247341863 -0.705439960 3.213547512 -0.663369568 3.701199352 1.849197401 5.797383891 5.265190163 8.404860745 2.757799992 1.587309552 2.234032666
-37.508609123 26.172787032 -6.657591986 0.450427293 -0.589173647 0.057957249 -0.668304291 0.922703872 0.603325425 2.473677767 6.116575301 1.423098752 -3.903725796 5.217124986 0.200340753 5.453820087 5.868555673 5.313496180 4.357166233 2.104856637 2.559933195 0.966895129 1.429037874 5.543863714 7.416540941 4.780279529 6.444420546
-28.399492689 20.259118899 -9.965658364 -0.775165830 -0.289961300 -0.545234282 0.133266494 4.012253470 4.137164946 4.921545966 5.580161621 4.800815896 4.788007899 4.776107538 6.755785598 2.564770052 4.818495612 0.660176873 2.447477752 0.854017775 3.837178957 5.094352354 9.789259038 3.921512316 0.719564271 5.631937873 4.530835324
-38.703877405 11.416169923 -14.754201052 -0.987852027 0.067661462 -0.130100366 0.051421737 3.957816227 1.680146185 -0.254037068 7.367871265 6.240694988 -0.171249948 4.221499784 5.922359265 0.198317526 3.547947973 -1.731900390 8.406248638 4.971305027 9.181584603 1.433512133 3.404117552 0.950705431 5.711111375 0.816868439 4.950006034
-42.362997427 14.754930895 -3.208032306 -0.476390626 0.480324563 -0.735088617 -0.044553448 -0.427404655 5.991577220 8.888296248 2.630863158 9.980083882 1.544570800 4.212430211 10.521305353 2.974595099 4.152916429 0.450398126 3.046382137 7.630176523 2.236720119 2.839003033 4.658968847 -2.892565615 -0.401253860 6.396738638 3.209998098
-41.185302307 17.787617129 -7.991106263 -0.403220322 0.502284237 -0.761873732 0.068354470 8.051963474 -1.300603982 5.201142544 9.725629165 1.371582680 2.760108551 11.931022541 3.623990460 0.442265233 3.014979995 -1.783265833 0.433280820 7.189959429 2.232989441 1.666264673 7.479111857 4.318550394 2.868644486 8.662308485 1.298618885
-42.542577306 17.928388617 -12.607316169 -0.554590329 -0.086193960 0.221584560 0.797433666 8.987577351 4.745269337 5.738223246 -0.220021439 8.040256294 5.000825176 -0.624643334 3.934124835 3.361216308 0.655377599 5.788512960 7.294183985 6.115091344 8.541141530 7.720313736 -1.301761254 5.947511948 4.508012013 0.623869095 1.935477330
-39.448490304 21.445389058 -5.941035378 -0.503638943 0.343353991 0.784757521 -0.112300874 4.508167221 5.347549116 -2.372561331 2.786231943 6.465252325 2.906922287 1.396048930 2.197444733 5.859085177 -0.632755806 4.299591084 10.074631990 3.173761543 7.566026426 5.219214207 4.857912761 0.949102860 0.232046705 0.050807070 2.107388270
-42.189253309 10.612648956 -11.126774047 0.272686680 -0.152991161 -0.047911877 0.948651744 3.527364182 3.596526107 5.846137988 5.067528515 1.693993049 4.819117184 8.082785604 -2.627252463 9.557221738 4.333182333 2.818922161 4.560460318 -0.014899920 3.196853513 2.237409234 11.553117286 8.130375449 -2.184678015 1.551845363 4.034079074
-41.520476709 17.153913068 -8.470719679 0.478419042 0.609072424 0.344636777 0.530444620 1.388007909 4.504531877 1.150359922 5.104001650 6.878440707 5.414027075 1.881558778 0.159520256 4.710602026 2.225291187 3.320765737 1.094862870 7.985256793 3.407162133 -0.499424376 2.148389679 1.405807843 1.758261290 1.813029895 0.176724049
-36.700960002 17.142523988 -8.227988216 0.366123015 -0.415737661 0.694040725 -0.459808229 -2.859247909 7.336128799 2.542485257 4.043690762 2.660262907 5.568145301 -2.861446644 5.051977336 3.285362487 3.225636582 5.681157219 0.061329320 7.528361331 8.634223842 8.647982054 2.355661139 4.777481211 7.174425885 7.480853403 3.395192514
-33.986819283 25.265545367 -7.860290095 0.393250038 0.086432562 -0.560238144 0.723890214 2.836216899 2.342421489 5.251492986 2.091397150 4.657452847 5.475905115 4.356599498 4.958626656 6.165814381 2.222484508 2.246383415 -0.073226329 7.455154356 2.368153757 9.120156336 2.945211515 4.049753530 4.367373110 4.124661537 2.627248684
-35.870861701 25.070344395 -6.695951704 0.409292122 0.544268161 0.663445070 0.309988334 0.655171473 9.087202418 7.960858031 7.583141123 6.612531037 7.758315251 3.861080615 5.262477514 4.839327830 4.841217249 1.522141482 1.046499983 7.114445437 1.099868910 1.272647316 3.036607212 4.042932373 -0.097542215 7.862428570 3.646654317
-39.048481097 14.111466004 -16.256371403 -0.134499737 -0.115928872 0.885758331 0.428838544 0.069644109 3.488199418 5.925647225 3.979617322 7.546762791 3.279571407 3.018884971 5.551046560 4.215499373 4.948002094 0.647928152 8.797599918 5.203535573 5.286442756 0.763517319 4.371521057 -0.656574144 2.391083360 -0.589796562 4.235195050
-42.603549148 10.422127643 -6.652617435 0.843806034 0.314892947 -0.309488765 0.305041822 4.773405662 6.093405994 1.072831936 8.325315652 1.886757042 2.930719988 7.372513015 -1.940856489 5.972456933 6.430468713 6.720903692 2.436266986 8.386040747 8.838447783 6.140960320 7.625823086 3.445468737 6.203455495 1.956075282 1.588462638
-44.556211659 19.868488198 -14.784585623 0.406563856 0.547696653 -0.708431485 -0.181270623 0.335700138 6.913613418 1.701639776 -3.533938818 6.637916780 -0.935383607 4.706187020 6.699641235 -0.853119877 0.846643871 6.500866310 9.165462776 4.990125826 4.459050634 1.289907197 5.884285709 -1.923111143 4.030506767 0.328687315 2.006753130
-30.286390099 15.784081390 -14.727520643 0.767100853 0.615260395 -0.172285070 -0.057695606 4.817899453 8.559656595 7.518715861 -0.403181884 4.515874158 4.551299056 8.129187552 -0.172899733 -1.325604416 4.580250010 -0.424318988 -0.138073933 6.383938864 6.807611197 4.426656772 4.672505300 2.094516609 2.896477039 3.557460287 1.302276400
-39.620523743 13.881661336 -5.907884720 0.256191056 -0.852126313 0.032337908 0.455193529 3.233500620 7.221738367 9.271999646 6.185710717 4.806233573 4.600598984 5.244611130 -1.143310977 -1.300681410 5.127274762 2.777821386 5.797991840 7.315653258 1.495725819 -0.014256819 1.434294979 5.904775814 8.849580966 1.615896735 1.902318333
-35.365839439 27.067283658 -6.620337300 -0.041036163 -0.355701170 0.413324002 0.837231139 2.869525595 -2.042758830 4.065467064 4.410858386 5.362787132 -0.403837717 6.168929563 0.082200299 3.447162968 5.486289725 8.473594759 4.191208063 1.896626901 7.323524379 3.329308698 7.760642262 11.104022344 -0.342266418 4.553336851 4.146419761
-32.495918948 23.548642761 -8.427951588 0.308196372 0.208021473 0.338535749 -0.864370065 5.207688197 2.795633210 5.968612313 7.534167694 8.014863288 1.476203954 7.088458363 9.678206607 7.536842452 2.268027865 0.499259630 4.966049719 6.616029008 0.837935472 2.154527136 6.575564695 5.567207053 7.598945804 2.635147974 4.730952717
-32.593217170 15.504140239 -7.634653172 0.181558313 -0.842901576 0.339428522 -0.375954507 3.125929475 0.619788557 1.831248026 5.170205895 7.621193466 10.655941291 2.440201114 0.780261321 4.857357645 1.782116777 5.245711696 6.191903591 6.893703967 1.544981967 3.669382205 4.564894154 4.270754763 3.421868590 9.718863033 4.878169121
-41.017687960 13.132986094 -9.759536324 0.740720407 0.368232538 -0.335262467 -0.450929212 2.382742749 6.864614365 -0.397728573 -0.157941511 4.708858329 8.499769073 1.092778569 3.980781422 5.774351416 1.167465899 1.119734865 2.383465641 9.483055875 4.918188900 5.925752020 5.284947527 5.353750945 8.912413710 12.857731253 -0.076322823
-35.326182445 18.377006557 -13.246977172 0.149004667 -0.751985026 0.138263236 -0.627056144 -0.167820160 2.607654964 3.513682437 8.093460877 7.254327997 3.460141070 4.268734844 -0.460927748 4.469103541 3.529417681 6.310851261 10.002313579 11.479414397 -3.046652420 2.076319271 5.544127131 5.342228571 7.089132562 1.329038169 5.930845545
-29.794765335 17.187899538 -3.564312956 -0.645849802 0.416604749 -0.049465969 -0.637864903 1.802793569 2.014861002 4.125822933 7.748740495 3.889112433 9.103166496 2.181834934 1.963882864 7.036107099 10.852854292 1.254915711 9.633900118 3.222012446 8.766682881 3.794765087 4.571576873 4.122126257 2.378970614 6.114878625 5.120642884
-40.397299809 24.893212710 -12.491110313 -0.848643832 -0.145077551 0.135209329 0.490382084 6.646433534 0.127857698 3.042898066 3.544220978 4.409936793 10.067828166 5.244568588 5.150732668 3.985626106 1.226431317 3.399655204 1.544191239 5.327761747 2.467279429 -2.068538833 2.319479207 7.855390436 4.252452647 5.720165263 4.742372203
-36.496344979 9.422604928 -6.640521496 -0.960295503 -0.215256930 0.175820699 -0.024167799 2.731183017 4.068636022 1.869095253 7.299546887 5.690947815 8.472204236 3.871491041 1.422475180 0.780876005 4.349556655 3.127746718 4.106509568 1.482452318 7.082867699 4.133768945 6.702339088 8.135741163 2.977361686 2.950407903 -1.948435477
-46.120575148 19.400126491 -5.533494031 0.310070802 0.875641291 0.184965286 -0.320774484 0.113870599 8.021792374 6.614402880 1.816077100 8.870413155 6.496889640 4.203380004 7.276167580 5.431406902 2.888882368 3.263320433 -1.003931297 7.012377266 5.637499942 4.327328209 8.186644320 5.444884957 5.934445735 4.531735307 7.194396484
-33.891881155 22.335444622 -9.732605969 0.116332206 -0.122060053 -0.385101156 0.907339661 4.988921336 5.274468187 8.267492919 2.545182801 3.056271045 4.756625353 -0.759102059 1.961192383 3.654997838 13.293115922 2.592157981 4.352158531 3.055755459 1.426565456 7.078210200 -0.243207059 -1.661060424 1.428929518 6.725302308 5.127644755
-45.325901328 14.135396314 -9.221182758 -0.249622207 -0.743470305 0.226604149 0.577573562 8.857803797 3.154661626 3.161074097 6.109584861 6.938530088 0.998173287 2.302770584 7.290424948 2.000961353 4.616602371 -1.279358015 4.132249777 9.758481492 6.441278061 4.234760192 0.468427123 4.500743378 4.167476154 3.777713342 6.145406371
