-16.404538172 15.261891125 29.267207993 0.840665842 0.139190501 -0.210110919 -0.479333233 1.416853630 3.459578756 3.636650799 6.523210095 3.857162724 6.286204408 -1.275791205 8.407125954 7.054807903 6.435254092 6.052193522 8.650211805 4.999044360 6.998464186 2.313951851 5.431499614 -5.425723579 0.902656016 3.067088442 -1.086125419
-16.015837454 19.781866303 32.766212380 0.874334279 -0.306961686 0.195553836 0.321049513 1.038750680 3.957751492 4.699555771 4.158939324 -0.526530476 2.940847517 5.446162960 5.028552340 6.863995046 5.300883008 12.505575493 0.832497181 0.943860785 2.339715497 4.971483868 3.962605642 0.478506188 10.311603737 1.800895886 -1.967886721
-14.881393638 27.855240506 22.694852673 -0.159446989 -0.460041258 0.508114181 -0.710463707 5.420685844 3.778675584 3.709860689 3.160994216 3.815827924 5.099206925 7.831511694 1.532327734 2.746058096 2.001966226 4.198680703 3.271822098 8.350678136 9.014998855 4.115569444 2.026797900 2.627764981 7.219634629 6.065372415 7.362826710
-7.936425312 25.843637738 20.802366701 0.089509210 0.727196780 0.338642355 0.590334057 2.115056357 -0.396029450 3.250986603 1.204329402 -2.492744464 1.710233520 5.871382482 9.003939858 3.608710301 2.583180960 5.234508549 -2.059342265 1.826081883 4.795516814 6.477514368 1.470049391 9.138405123 4.338412159 -2.104286902 -1.410033382
-15.077689811 22.470913477 15.989328119 0.408293382 -0.763541321 -0.022258578 0.499805683 1.800426656 2.059228932 0.087452899 5.045415134 3.597370299 5.411007355 5.948452661 0.979257485 3.229329976 5.015207442 2.843028368 0.037605382 4.299474000 3.742194305 4.539631297 1.029873990 4.148943960 -2.947422982 0.018345010 5.455046202
-8.655651317 16.129845922 21.439243391 -0.724187669 0.468940165 -0.450548089 -0.229464074 3.564144431 -0.108850186 7.166608872 5.316609586 1.093705032 16.203605942 1.499581337 -0.161239164 4.291274306 -0.446270549 9.097847501 2.275803072 6.047070307 8.522326770 1.737365848 2.896668732 10.782344677 1.720447110 -0.622944593 3.370089095
-14.688482523 24.522839162 21.141802995 -0.115061519 -0.254972791 -0.753667280 0.594756549 4.152476158 7.191233732 -1.220684840 9.248012806 5.732647236 2.893782044 8.636880256 6.048570072 7.308201452 1.240033568 10.359925984 6.118763880 4.094859466 2.592831825 2.725737029 1.794063219 3.026471071 9.483920404 0.508863637 6.136945316
-8.935959196 23.389237436 33.339419311 0.171149067 0.406243224 0.657858994 -0.610652098 4.218044889 0.669423028 7.350355269 6.540059726 6.526922196 6.455869445 2.210130029 6.604096870 5.012402624 0.757150710 3.592648792 2.546492520 2.162471407 8.354744009 5.280598412 4.918795685 4.175033985 -1.301780748 1.189351282 0.627873812
-17.906857818 28.141338500 23.018959128 -0.687259192 0.231364104 0.454381776 0.517380571 0.986921726 3.234222736 6.543296732 7.461966386 -2.947071342 3.802166452 6.169733088 -5.012192210 0.584855860 -0.958279776 6.360713393 3.872008316 8.882964603 8.923629462 5.757140198 1.570894409 6.971742003 5.785353622 2.168328876 5.886379237
-23.001487484 23.064890996 23.919278839 0.645582703 -0.748641575 0.048993042 0.142683034 -2.436172791 0.680034074 0.547045029 6.827708478 2.176927732 3.160813781 1.924117387 3.751601277 7.041535257 4.901885109 9.885207977 3.635998335 7.257765739 -0.648333066 9.899381751 3.076848237 3.553094345 0.349091248 9.807217156 -0.965201129
-13.803223081 28.458433373 24.942296405 -0.030186108 0.843661267 0.012994105 0.535869031 5.637844869 4.353466406 4.275570997 4.846158091 -0.377165329 3.657567230 6.344245149 7.413578461 6.981375004 1.279948875 4.354258311 3.910208907 3.958653380 -1.779669016 6.559464954 7.730929765 4.680376856 2.368866102 -0.288155320 4.610526475
-7.946776245 30.477739472 25.262837908 -0.418611634 -0.586256959 0.682497868 -0.123546502 3.578744895 1.509603457 2.748954009 5.263291179 3.338495975 2.442037202 -0.480728079 2.008922152 6.490490937 -2.002617048 1.081445215 5.973467222 0.238311619 2.250089309 6.177479287 6.040765028 7.926056468 5.926862438 1.855651072 2.470802626
-20.735450891 25.617064322 22.406162999 -0.414126960 -0.615654608 0.476402048 -0.471708970 3.582561594 -3.086092582 3.023122275 6.071876719 4.469795603 1.283159224 2.208597813 5.957563106 6.525112827 -2.079395514 -0.549535209 6.514645747 9.531058999 13.172408359 2.876180132 6.382661722 4.852226918 2.741076130 10.317157215 5.207546299
-20.062422100 25.539319170 19.463741884 -0.430460785 0.030355045 -0.411565445 0.802742778 5.097424458 6.276269661 1.945203831 1.807982280 4.929134505 9.622308738 8.502331920 2.302038495 1.969882934 7.422499409 4.757777816 2.379678618 0.985435993 11.914215836 5.811325217 10.726115757 3.724939625 0.973752973 -0.275036420 -0.745517001
-7.316658013 24.150418988 28.387294760 0.540704890 -0.260847125 0.073271252 0.796384532 4.759398375 6.702520557 6.213311069 3.817341825 5.963630997 9.634875343 3.527205838 6.053756228 5.523342582 3.320891802 6.033893647 5.002200060 4.246307507 3.099188526 4.550273477 3.251153787 4.313034396 3.426738285 4.157535334 2.501412528
-15.862974169 16.541187867 26.886674383 -0.720637872 0.076431045 -0.462712112 0.510623984 1.373061402 0.469600579 5.225957303 2.585896811 2.010955675 10.274672172 5.490828643 4.520207230 1.490295205 12.364721622 -0.290030794 1.904137379 4.745588426 4.148300356 2.467357765 1.277412530 4.522548074 6.470730514 2.296713505 5.478507928
-14.380088154 14.977094238 31.435729371 0.702342890 -0.422307008 -0.372471142 0.435472736 3.275775219 2.330760818 1.741191648 2.336286499 3.864429432 9.723198612 5.690141650 0.626464172 4.084233588 6.613470212 1.106088308 1.260387568 3.305897537 0.173792571 2.708021074 7.358770004 6.099202138 0.422802850 7.415417083 -2.217047748
-14.210338190 28.514439716 17.534563904 -0.561429640 0.491415450 0.109577821 0.656734586 2.893665141 5.721691492 7.678337899 2.034187200 4.880811758 4.648649397 5.774492751 6.010655822 1.972098484 5.632660634 2.949632435 6.601058687 3.070748183 2.278746537 -0.232192430 6.945139028 3.008635190 7.684343832 2.970441817 5.494099037
-19.818383847 29.915983521 23.682265614 -0.950909427 0.115821748 0.260167005 0.121118592 3.749914722 3.247645396 2.579416502 5.817465176 9.345971790 6.970132686 0.341212118 1.643697564 6.573478754 2.898245778 1.031163831 5.530714666 -4.072301650 0.308797206 4.959780677 6.407772458 4.138518577 6.406615077 10.980369916 2.696158099
-13.149438408 31.415668606 20.726504858 -0.097763935 -0.003445023 0.915891186 -0.389324647 -3.897067794 -0.995793461 2.949659393 6.985253972 -2.337319026 7.214037803 0.770394752 5.064288167 2.079731584 -2.846638410 4.166050794 7.605811910 5.790178458 5.652437258 2.348763272 6.609378893 3.632141372 2.341059470 5.093922076 2.454009698
-10.967734405 15.734717908 21.588152706 0.847001217 -0.169613034 -0.361551769 -0.350857059 3.372980647 4.326320598 7.939237021 4.240542109 4.282047244 1.420574224 4.430608780 4.468845809 0.951740969 3.343716862 5.555509450 2.949952726 7.737214817 6.162973487 10.817360521 3.109707552 8.264043030 4.000960178 9.680344541 -0.095813922
-7.556586256 29.551005568 29.384270844 -0.357406228 0.278626513 0.171331902 -0.874799082 1.626407349 5.456252464 4.986062566 7.246277391 11.651744794 3.419331717 0.666241507 -0.203644737 3.517318182 4.960629266 4.588326009 2.242196406 9.211980441 4.026033604 2.206256389 3.823585640 2.567281550 2.852296495 -1.796632076 5.831123258
-5.328066865 23.226419452 28.102136423 -0.232531068 -0.766599786 -0.411983987 0.434192659 1.992652795 8.131714086 5.577478801 3.388472545 3.323191238 6.186222553 6.137773535 1.667958703 3.388066232 7.761022979 2.912617478 2.449084363 5.174231537 6.241263084 4.925516353 4.122571113 0.999614357 10.111206228 3.282733140 4.008870281
-13.776061592 30.504040130 27.566135177 -0.294841855 0.907664833 0.191510151 -0.229208843 -1.581791570 7.318190950 2.127558648 8.584317530 1.792191939 5.438007718 7.306121684 2.819146860 5.350907529 4.457600777 2.724040496 6.957831775 2.169167408 2.219139287 1.108450576 4.164569352 10.963415524 3.581414695 2.886674429 6.555710526
-8.978172414 16.122275345 21.996524361 0.067792988 -0.720781714 0.364543353 0.585650045 -2.353595820 5.782937129 2.231252624 0.800572207 3.194570247 10.038506334 0.622434760 6.164853021 1.794837174 9.372014467 8.251612669 2.490201449 -2.690366338 4.169253697 5.464090909 5.618292534 -0.269925671 2.360341560 4.627453595 6.992411735
-18.882670042 27.874366155 21.752024465 0.779193605 0.593062224 -0.106332827 0.172707426 5.936084914 0.435557880 11.180127792 2.650959471 12.454545538 0.704548493 3.856873834 7.194988644 2.924482494 5.187883516 1.620344139 1.488227886 8.042173785 4.741511323 5.084793710 6.759614684 0.124513043 8.524729075 4.066384333 3.035801601
-16.404323580 19.215656697 24.633273067 -0.310194758 0.161278195 0.429357508 -0.832718852 3.287633289 6.139300407 0.238042088 -0.106886398 1.531340622 8.016425486 -0.396905606 6.036037289 2.771847765 -1.756069589 2.183653032 2.333595814 4.556570967 1.197235281 7.303275876 8.556701087 5.759409806 6.351608921 4.656588709 5.723569794
-17.991982230 25.407458623 29.778977994 0.982924532 0.077811612 0.163596943 0.032260770 3.867078453 3.284722025 2.788780630 2.915398536 6.342351382 2.965047135 -1.636849519 3.718929157 4.410119746 7.611408301 4.319043866 1.936376269 6.467896903 -4.260416923 -2.104939670 1.274064276 6.601119406 0.312028592 4.959048120 -0.021098634
-7.914054489 25.879266372 21.249850880 -0.521120823 0.735972519 0.107970046 0.418473425 5.354093753 5.817993132 5.731069120 -1.568914800 3.221299016 1.915675195 4.455424547 4.380053116 3.706649401 4.876871317 2.761215848 1.697722265 7.006308305 4.358862374 9.151629517 7.804981715 -1.306554421 7.807686214 3.363584610 -0.633199395
-10.505473629 15.144747422 26.345313384 0.592949800 -0.795608349 0.093039675 -0.082228395 -1.173897333 2.377741872 -3.306659215 3.054374299 7.982055015 6.227684197 4.470083719 9.749548957 5.867473904 5.883532559 3.859933200 2.926260313 0.658097348 2.918713744 -3.329961243 5.286422681 8.863987817 -2.780987770 5.240700872 3.396959898
-6.773378124 28.963970097 26.395211392 0.248262480 -0.586153420 -0.663578531 -0.393005652 4.633682818 6.319718846 8.981717897 5.785736024 0.988022443 4.323156874 3.497926227 6.700451801 14.097309072 5.839832677 5.644345977 4.202571901 5.998714465 6.126944563 1.427062823 5.812327465 2.305575403 3.678966935 5.314778420 3.014177404
-13.715222963 22.316384359 21.293578109 0.820875518 -0.253454602 -0.081269604 -0.505291401 5.955947696 2.009577943 3.694271412 4.888603420 7.169464163 4.710221766 4.146114084 1.862229660 2.200898296 3.753784231 7.576318678 7.176340781 -0.333971558 9.393174644 4.207367291 4.760042053 5.574018068 1.156889678 1.907770632 7.137448274
-11.153730903 24.975202272 31.259654367 0.911216632 0.063098058 0.001649756 -0.407062848 3.204931460 1.383327806 4.335273736 3.078650892 4.989275948 3.044320514 4.520850690 1.985331198 1.489322819 1.918345041 2.989801861 -3.615172223 1.341213015 0.768608888 8.584824739 -0.348127256 4.957093088 3.429455509 1.442820467 2.653262240
-10.457610777 26.388169145 32.696649692 0.125056850 0.487111101 0.799469995 -0.328528975 3.581397306 -1.130935261 0.868636573 7.089481849 6.216320368 6.555012987 0.571991815 3.840717310 4.493005850 -1.867124132 2.136438180 7.107022236 6.566706923 3.346264367 2.165306138 3.834678798 2.860042058 4.635160581 6.129307504 6.480794042
-10.214668532 15.861002851 28.193268709 -0.180993542 -0.061980015 -0.113523386 0.974942181 3.592178762 3.747907850 2.903782940 9.363585697 2.357423624 -1.318203691 -3.455773166 4.992365425 9.719778241 -2.348002645 5.559994776 5.330408910 -0.840024203 3.672408829 2.701287762 6.472648116 4.038038677 3.799127714 8.263304120 1.828307461
-12.627365789 23.482336476 22.522189270 -0.512972986 0.358566078 0.669757076 -0.399643018 5.201508028 8.103541725 1.586110859 5.708950899 5.644739617 2.277135450 0.592784637 0.880457376 3.872735627 -0.021901895 -0.315203520 4.989356798 -3.379507282 4.203568879 2.391424629 1.288570012 3.676647266 1.908019074 4.320527043 -1.099563700
-17.686081471 21.051976017 18.668710997 -0.172751009 -0.485849988 -0.221652095 0.827633510 1.723109036 1.509889911 7.088182480 6.371504444 1.539594282 1.238913614 3.169094632 2.973272677 8.462984050 -0.431393720 0.063799278 4.799335688 5.562946598 0.688034348 -2.020457566 2.243247459 4.431123211 -1.061619193 1.525051809 -0.285434059
-9.576565098 27.629695262 23.503366501 0.658481204 0.235074614 -0.701166355 0.139671662 6.860172026 5.616633054 5.652067770 5.699732666 6.926135685 5.532817984 2.259738623 2.940640312 4.998466185 8.144607934 -0.202077347 -0.381640388 5.951760071 3.489303240 1.125730575 5.071041047 7.084434420 2.499890489 4.125442517 4.943617037
-9.715589410 18.623213029 32.346318940 -0.863704249 0.107038360 -0.166997731 0.463324418 9.358856392 9.908092624 -0.671180927 4.947418267 3.749487515 7.014521279 -0.809269694 7.891206168 6.578904671 3.113460941 2.729784120 0.950710738 3.795558492 -0.361717210 1.962956444 3.599437429 3.560359651 6.864961133 6.188855655 4.766622714
-13.347859170 17.614257282 32.658695222 0.168987522 -0.771049685 -0.549180192 -0.274457133 2.935337500 8.832809863 4.977897120 5.389007678 4.021614016 5.455715158 3.799544978 5.596420584 -1.979664298 -0.371551257 1.757138926 1.816027594 5.734026502 -1.777698800 2.865560690 -2.628882108 -0.612617623 -0.705536380 2.661493414 1.849027529
-12.666701200 21.536334135 19.452872578 -0.041833059 -0.784801967 0.533986256 0.311760400 2.718114549 -0.206251933 7.744321274 2.025007841 7.376844440 -1.117811627 7.059235502 1.021014450 -2.126689891 4.908186771 8.544579431 7.081931976 4.411835024 5.039239034 0.506097028 1.027294525 4.848691406 6.510928927 5.984963764 5.389220254
-9.718315290 15.883696399 22.705387930 -0.242373626 0.086852344 0.411153881 0.874450789 7.274053929 1.107378613 3.003400530 6.128428854 3.482326311 1.457684111 5.260983181 6.627844132 4.856332623 1.927784618 0.231552343 1.436141297 0.160064568 2.911946460 5.985388966 4.280271525 6.456575112 5.663122527 0.667489411 12.112157893
-14.598741889 29.599625874 18.947923611 -0.940513335 -0.294110193 0.165732150 0.038297717 5.319758190 0.179708629 1.915263225 -2.060772655 4.666581349 1.504786482 2.383213677 4.786381260 2.757239033 8.657647348 1.170301375 6.622398432 7.193119999 7.094990094 2.702915660 7.065467909 8.053085644 4.726296940 1.342450301 7.203665990
-6.306117924 22.904719519 32.223858086 0.569976176 -0.457289236 -0.679605261 0.064423620 0.539123829 8.444613667 3.881381588 0.749187831 6.448063374 6.065849432 4.905095077 1.496858234 10.348890303 1.184463094 3.607690993 9.587243710 0.401901395 2.866272827 3.369761604 6.503912496 2.300283533 4.599860211 10.599928184 8.874747154
-18.450687910 17.887183934 20.045050704 -0.079151828 -0.761691277 0.627173825 0.142177283 5.378028879 -0.604162705 6.619974443 6.545978286 1.265046774 0.970098565 3.817421772 9.032389467 2.280499071 5.907340927 3.028666197 3.207227849 3.958361641 0.559983509 -0.681250513 6.086729925 4.149119485 -0.195615611 4.459645640 1.627314197
-11.600158141 15.790918928 27.462893834 -0.930512519 -0.314932894 -0.183017579 -0.038318282 1.856907660 7.994909110 -1.989695380 4.101184407 6.874606919 3.519155921 2.126239660 4.040820818 6.398596170 8.140133230 6.482951069 2.243192019 -1.187911317 -1.505561337 -1.112414522 7.742056030 9.334511321 0.725516153 4.635249159 8.274357336
-13.018213909 31.491299869 22.447137377 -0.502328189 0.405038049 0.758537739 -0.090725233 5.381924551 5.663680452 7.050937345 2.089308304 4.015552475 8.564754847 3.844560908 4.727599133 7.129571259 -1.370783490 4.705824693 6.520316722 0.547710408 2.286158360 1.607134650 6.056528247 4.184579957 4.327727193 0.504136437 4.335327018
-18.862633071 25.649633109 28.512064697 -0.285045083 0.009243337 0.351196478 0.891809899 3.898031757 2.904159406 4.736136014 1.482834859 5.786789979 4.986424269 5.937960385 5.454744503 4.186153071 5.036790374 2.824106544 9.640334760 2.587803269 -1.210998728 3.854613434 4.019377441 6.120305428 4.268832591 8.793977343 5.117227074
-8.204666973 15.135103841 27.795329499 0.784429690 0.287754102 0.030781831 -0.548561862 -1.021833849 0.870660672 0.959050674 5.969269635 7.493804373 5.263468060 5.378185865 5.292402928 1.988858941 5.647042619 4.512150524 3.818177961 2.079702161 4.934256455 0.935250752 2.684021379 1.238500724 -0.491388581 6.894211108 5.323164188
-19.104079659 23.220371542 29.331247986 0.030047004 0.597204007 0.505432570 0.622079149 0.292422561 1.097734671 5.136271715 2.096897399 2.512761170 2.315354574 -0.735860981 2.344161687 -0.425684388 0.874109118 2.112047761 5.543326435 5.965363930 2.381724257 4.286518738 4.928467986 4.944243635 5.101673865 5.067574693 -1.978099878
-8.675952381 19.674667928 31.921525083 0.552116515 0.540943320 -0.218088915 0.595806096 7.216251443 0.755449937 -1.505183641 6.848976212 1.371291279 -6.205674921 7.304822750 2.868107053 0.632580003 -1.996900960 5.528069302 -1.758284267 6.186590086 7.439697328 4.049570055 4.759699812 4.967000222 5.045929017 0.255592817 2.681181292
-14.274488506 22.974536888 16.900956005 0.014326071 -0.956772526 0.010745090 0.290285447 -0.006957124 12.858436399 1.181801764 6.079848429 6.559437893 3.052128375 -1.457776174 3.380744060 9.453922272 1.305099760 4.753294534 8.464346489 8.032547063 -0.816510984 3.246582957 4.283553433 3.209623419 8.786447453 0.975025333 -2.249421061
-12.732875705 30.824278258 27.847141303 -0.175228563 0.402081109 -0.003685767 -0.898672436 -3.989999290 2.075050467 1.074325396 1.439763995 4.676088885 3.391887656 2.870257809 2.016433550 6.114899117 6.114721394 0.351039638 1.377485306 6.272833580 5.225456882 -0.403933605 0.004900188 3.142227384 4.326268960 0.830408218 4.504347327
-20.995792559 21.915924580 20.776813262 0.451525995 0.693657879 0.258127589 0.498330383 -0.502669490 -0.818887987 1.856591937 11.133882149 -1.101701367 4.580945418 3.269540877 5.429376609 6.626840262 3.621455885 -0.476655479 4.131749242 -0.374030693 5.918414783 8.330701134 2.603452085 8.251472306 7.267886863 7.506986578 2.638362716
-12.799586005 26.779004270 30.679599492 0.359408066 0.631908420 0.621763779 -0.291423048 10.254535563 4.038098324 2.781896643 6.191194678 5.640434840 0.644898206 8.202195074 2.780563783 1.495328618 4.646618677 2.227272299 4.976602729 2.611518917 8.633653915 0.541671469 -0.321058772 7.603269202 6.543871245 4.767058332 5.961440567
-22.190047337 20.195105385 23.649668230 -0.024650319 0.556997939 0.705705845 -0.437178358 6.607868565 5.709399658 5.096693556 3.772089065 7.043448519 2.985931690 3.859551076 3.400355634 0.022777929 7.977486807 1.400759318 5.069076297 7.521720138 5.960007250 1.310425127 5.866648912 7.046330839 5.842008372 2.432007468 3.959497589
-13.652109180 23.695438266 24.559226720 -0.468005101 -0.623149855 -0.422220065 -0.463018036 2.792723389 9.317212015 10.826650381 1.628878796 3.323271395 5.791145537 5.377269197 1.842617070 2.848565279 6.568272442 2.250388374 6.591310912 3.538372599 4.453814882 6.180842586 0.947650799 0.954339106 8.907458703 2.843480989 0.025309278
-17.376833890 22.303569205 30.787568974 -0.115285638 0.211992582 -0.881545278 -0.405766299 8.164739651 5.320962580 7.144002721 2.084038991 5.316226147 -0.057258810 11.362133613 9.428285316 4.407597172 3.778092255 -1.418003575 2.398665152 1.228684097 7.026353621 8.884244789 1.953109268 5.288034198 5.450076112 1.167085029 3.593793597
-8.598524953 25.605149772 28.529003905 -0.750255484 -0.653786314 -0.072242216 -0.066792417 4.574741400 5.838796725 6.129505815 4.907698068 4.744125147 2.145819339 5.503811935 7.625885542 9.211429125 0.687194678 4.373104082 11.134393059 5.803395454 5.531766365 1.089549380 2.426228837 4.507123567 1.631007385 3.356007948 6.277000521
-11.430590584 22.119331333 25.945189978 -0.760771052 0.240102627 -0.598890824 0.070056515 5.919029114 0.311953505 2.821540917 10.602878347 1.586425450 1.528346554 1.227128996 -1.890967720 6.170921586 -1.217877593 4.287472611 -0.065132524 2.954855858 8.466331013 2.522849957 3.936460657 4.999582127 3.172699078 3.953790655 3.703381544
-19.815483980 21.405844998 30.279679481 0.224347301 -0.819909038 0.494615090 -0.181034167 7.865435345 4.936007791 3.894208263 0.064213458 1.502887860 2.071820379 8.322542699 5.168913225 4.907101956 -2.906998638 1.923182482 7.782269486 2.933085814 4.219715886 1.563432495 7.587034125 3.303920335 1.776121362 -0.225412574 0.100962606
-10.836089538 31.125589354 22.889568040 0.191788066 0.554806371 0.445045037 -0.676270762 5.356827230 5.163697947 6.346121439 -0.371545091 0.214757950 1.137218884 1.763522819 8.539268921 2.856297850 4.640335648 5.845054531 5.543449960 2.120515211 -1.865905626 3.847637618 7.203283901 4.084368443 3.761956575 2.431606003 3.856307717
-18.941224583 19.453084231 26.589223861 -0.114513954 -0.677984273 0.256050538 -0.679457138 3.184234761 -0.351015134 6.318859301 5.516229297 3.725573368 3.936143317 6.220982820 4.175193977 6.217768691 9.034946752 2.910682146 0.914593898 7.426822768 1.119629242 4.836196949 6.588228388 6.513233777 -0.859471107 7.337415422 6.496339361
-12.819209545 24.458966998 30.770589792 -0.475220459 -0.349431126 0.377345950 0.713914167 2.630113966 -0.692550252 1.739937416 2.015935051 3.659528464 2.776691136 5.597939765 4.780974907 6.523435515 4.490965480 3.788929160 4.289041747 4.536473200 7.359918674 4.364908082 0.472461600 3.828744293 5.346681700 1.423291636 9.432147915
-13.802081419 22.661973206 28.280265293 -0.588468720 0.184533012 0.667386666 -0.417429240 3.923809077 -1.753383544 2.153132442 4.602052472 3.218230707 9.040614852 4.827103604 7.638673268 4.797813309 7.484167031 4.509235278 3.599173270 2.267868164 5.267900912 3.177432003 2.468383802 3.229889322 1.797097683 -2.361118673 5.222588333
-10.377030678 18.843847724 17.283974736 0.018327178 0.209000564 -0.887357502 0.410584391 2.574687298 1.685699997 -2.156800525 6.753174869 1.627213102 4.296224490 3.117393587 5.545991570 2.545643589 3.557828741 5.292013746 -2.085773966 6.029589490 5.478871114 3.352897448 1.647671324 5.329688623 1.252441031 1.579887942 1.376641146
-10.410857443 24.306224119 18.665730614 0.455988081 -0.429690153 -0.770059746 0.120204954 3.075818485 0.676332938 3.923161778 1.550043350 5.891937109 6.948115333 2.301890202 4.568369288 6.696152344 2.130242533 3.289899207 3.485725005 3.541067412 4.870389440 3.365125498 6.497253655 1.822597130 2.316721238 2.965492560 1.224366788
-11.637716993 22.607962414 23.795755263 -0.938371185 0.218809739 -0.158937712 0.215222258 -1.140802909 6.341829303 1.076970865 3.771389999 1.194214301 -0.592779668 1.857168615 8.196999164 3.443588365 -5.135179304 2.758732144 8.110453495 4.719511919 3.716694170 3.794460674 -1.377671094 1.211354927 9.165121350 2.187254584 7.232568495
-14.400332048 27.162856464 20.384061248 -0.524456874 -0.830332560 0.140189697 -0.125855777 5.379481723 6.405610208 3.995341047 5.950932936 4.775574004 2.702834623 6.614525722 10.063487485 3.173494023 7.882559319 5.331064949 4.944848072 4.678867936 2.201433238 4.789752779 1.934160812 1.278891461 1.500310960 11.144412655 4.566326635
-8.141171573 16.996119249 20.521424601 -0.002094724 -0.045339586 0.444566197 0.894595344 1.568323619 3.780860928 -1.795986696 0.526789331 6.851656004 7.262223002 7.603478941 1.079782054 4.148696592 0.511795319 6.990678250 4.744757423 2.859067392 0.603002998 7.292307292 5.673720063 1.593560674 1.931138933 7.938669655 6.215741654
-15.377886416 25.019736801 20.651770604 -0.689853895 -0.702360311 0.017348974 0.174615609 1.209173878 5.678919048 2.018844004 6.261702893 2.710895211 0.475442433 2.652232633 4.531989440 3.337831229 2.104714810 -1.081303550 3.029994642 8.309986298 4.224241219 -0.339913849 10.707832919 1.401368216 9.763573522 4.871994928 3.059831539
-9.663551957 18.363147088 29.473012332 0.125780487 -0.633131664 0.569673696 -0.508719417 5.244053516 4.944658480 -2.025952086 2.917480441 7.868253312 8.402319714 1.751468093 0.675647827 0.452985256 6.099952754 -0.353522963 2.130673957 7.277889777 2.779812253 4.582172505 8.054950342 2.627720945 7.378438456 7.872952200 5.160281017
-12.803811819 18.182666166 32.214430961 -0.104408278 -0.909034876 0.288768940 -0.281721501 0.408123725 1.709901995 -0.144170899 7.993108919 -0.416456418 2.943563797 1.915599659 1.563064523 2.286240216 2.683186128 9.399854585 7.372850346 8.317312827 2.978519437 3.625588482 4.046308550 -0.803485548 5.043326688 9.827153487 4.743507088
-15.739702223 28.546596873 24.992743435 0.244822727 0.829337713 -0.326532129 0.381624892 0.786602625 4.261927544 2.296334521 2.608191332 11.138306174 0.468783067 2.549343212 1.485879711 10.282649246 -0.578077984 8.032081289 -0.804891402 5.521019485 7.111097171 5.625516472 5.987309815 -1.425652034 3.903407772 2.769935581 9.401787791
-19.990691599 23.311298523 17.979457518 -0.356240463 -0.834696486 -0.419285922 -0.023954646 6.630420208 7.558842285 2.045614639 3.253483351 8.414196609 2.999660933 6.199421411 4.249094197 3.746128782 7.356746720 4.888025941 1.276410860 1.817471271 2.058937562 5.362154682 3.668018922 3.284118899 2.904819200 6.230285977 5.859177099
-21.814022524 23.808523289 30.332057109 0.273794146 -0.263552878 0.913979877 -0.142188011 -0.943154495 -1.022568771 2.662625841 5.716187890 2.596160144 2.072543944 5.658148467 -1.014313451 4.537630242 7.253815175 6.792104596 2.867933355 7.125357157 6.067804061 3.632501327 2.393291298 3.697282488 4.870012457 2.195330465 6.093720464
-15.935246558 19.457974812 23.778543424 -0.463943617 0.805153795 0.159576591 0.333195136 2.452318324 8.429457180 2.624435286 3.217724309 4.372089350 6.172502163 4.956096958 6.988889276 2.935254312 4.625722556 2.296001272 1.543547897 0.719957880 2.392822240 3.280561584 1.977702782 3.108828187 -1.006498612 9.646499024 3.360473409
-14.703831947 24.503102242 24.314608038 -0.171408436 0.782553610 0.309829272 -0.512088682 4.837675947 5.110684737 0.258201961 0.020935912 5.653708790 3.749018502 4.195182457 8.784216016 2.346253157 2.005103592 1.622593898 6.114527310 7.281092521 2.059904533 2.205883906 5.299884572 3.192762594 -1.608518903 0.392986342 5.530377754
-5.916241977 24.630056337 24.952734039 -0.567973533 -0.623353375 -0.308985207 0.439732620 -0.231442837 3.439776561 7.523899872 6.981723381 6.529831398 3.000044219 3.550350840 2.181575401 1.320909390 5.870838316 2.246911685 6.145671893 -0.701539077 3.404792338 1.998810900 3.787982690 4.554465930 2.231436370 4.333685140 5.960561384
-9.930155472 27.099944133 33.305026516 0.122947755 0.287438026 0.864187902 -0.394261969 5.446717220 5.329634608 2.663274963 6.425855063 1.324456404 1.959410176 3.271593134 3.457593029 5.148617677 5.450402134 2.870972884 1.303723631 8.894276928 0.585304311 4.667793611 7.821899169 8.199441596 3.183093942 7.242458469 2.371399187
-15.088122499 28.600544000 27.366720788 0.397826706 0.056531645 -0.875930782 -0.266989420 10.140984606 7.366275220 5.120278046 10.032809001 7.580529418 4.324242166 7.668597377 0.010582116 -0.377401338 7.147062678 1.455374231 2.343116153 2.021864004 9.320961059 3.840176458 3.305362341 -1.183140652 6.472438428 0.517906262 5.101640835
-20.014949794 23.830824924 31.113560229 -0.002974897 -0.736658233 -0.672396155 0.072174842 -2.456786820 4.076302798 2.366088594 6.518001279 4.654896943 4.276441777 5.063944177 2.030792529 8.601376040 2.702584374 9.124212184 1.094775265 -0.780489316 4.048554004 4.996065073 -2.304094189 9.277998273 3.028566114 4.125372176 1.359799464
-11.121543006 28.110237410 22.539647732 0.264264430 0.934320697 0.229966118 -0.065762692 2.142137562 3.778750189 1.994488173 4.929775248 4.642079054 -2.124822505 9.026432553 2.005158690 3.000690993 4.511634227 8.107588083 -0.762941836 4.760877396 2.149940071 1.007036287 8.306575933 0.307067553 2.652916667 7.708346264 1.850823355
-5.825703816 26.377089793 28.025991170 -0.654060838 -0.294554046 -0.188418340 -0.670776314 9.919974261 6.503385034 4.399221158 1.740938901 5.831230286 2.739393826 7.622545687 2.432040799 4.330263141 7.301499869 -3.228550474 -0.375773356 -2.375506821 1.444260195 2.947199518 3.789390189 11.076662543 5.252991326 3.902236402 7.464317300
-11.583025390 16.107637736 25.742224864 -0.653073729 0.628725686 -0.403633022 -0.123608658 0.060081876 0.008758271 6.021116728 -0.588672104 1.309499012 1.067484297 7.824527552 3.849283151 5.202047237 1.608485518 7.485935112 2.404525554 -1.323216189 10.216861468 -0.303474306 3.990648299 4.948030311 5.359497993 2.839528681 -1.368601896
-12.335412705 22.682110280 20.726022913 0.687144075 -0.153987370 0.670486773 0.233598796 3.366730406 2.652994537 5.834003981 4.215151985 4.441581905 6.872991419 3.355350348 2.360934219 2.782642257 3.887319491 1.768677160 9.301165787 7.220036482 0.610583276 9.931945661 3.485666332 6.661956901 4.798206104 8.810237973 -0.858498590
-10.708685220 22.878033650 26.066107738 -0.428039430 0.808217978 -0.360260155 0.183789466 8.441514423 6.354110409 -0.761345149 5.196064744 1.555692062 3.424780012 1.515758929 5.152710581 0.381609893 3.388037705 1.957976047 6.966118328 2.169438624 6.966944792 3.487258222 2.964694050 2.809789133 4.507711528 5.611811756 4.782126167
-17.832904383 25.503969223 19.376515853 -0.414842411 -0.573769505 0.702728040 -0.069768414 3.069771714 3.165419027 3.351911298 10.210797517 6.821460441 1.828365846 0.695356420 0.859013971 4.670557927 0.564545644 5.984302829 7.385131583 5.484994906 1.326260760 8.960338578 8.277049090 -2.006795231 3.727871731 0.551750126 12.173419462
-4.712552285 26.191883551 23.852362209 -0.531259453 -0.144545250 0.834771665 0.005131383 7.464049304 2.334223867 4.943050418 1.864567542 4.463330411 9.108741936 -1.870320430 -0.793374523 8.522564931 3.164196580 3.520312052 4.426887214 5.523600659 2.706605919 4.211496267 2.063200835 6.016833598 4.096453434 7.442546000 6.541366423
-17.000663725 25.148424251 27.074332466 0.243559445 0.357057118 0.788007584 0.438443906 4.260848396 8.289781693 2.611773689 -2.124339311 2.504434472 2.714317895 3.789533519 6.681843508 5.695589374 7.054253609 3.150571029 0.635724447 8.099719010 0.759596330 3.480695043 3.056613300 5.392072063 1.470963133 6.861536472 2.901615228
-22.192845340 25.450567271 25.272054625 -0.177735276 -0.114184192 0.717547024 0.663700542 1.356298931 2.153075357 -2.224483748 3.400027556 6.511195218 7.495123622 3.170656375 0.518586176 3.583312900 1.146432540 -1.825014965 7.274991511 4.510477292 -0.936247135 3.190849279 6.931283233 3.892197151 -0.123635248 2.590565413 4.901799847
-8.753245710 23.034915030 19.645891583 -0.842567505 0.263505209 -0.447964532 -0.141325095 0.126809260 5.721943553 6.432042503 7.289088071 3.737177318 -2.292698408 3.933293842 1.924058614 1.635124330 5.033462652 6.921636173 6.960263468 1.594076850 3.892529085 3.398655582 1.322494916 1.877362540 7.670133059 1.064081349 5.982853436
-10.287593783 31.171427398 27.786528048 0.423103496 0.580927736 -0.051732067 0.693419202 1.382924317 4.311602030 0.980972808 3.522289864 4.169735232 4.484736711 -0.960570901 4.732246865 2.204850283 -1.357883652 4.178065698 9.074622028 3.192581774 0.242724376 1.101856059 8.600035515 1.912340273 6.909848162 3.999502340 3.589874478
-7.350623500 25.351238269 23.838664843 0.124103121 0.294238092 -0.762189194 0.563107444 5.194660971 4.339323514 7.816395051 4.345696711 2.557159750 5.668458588 8.550792107 3.822892739 0.858445137 0.843894216 2.267216918 2.979289466 1.465102732 6.187738154 5.976917715 1.730309531 1.973158840 0.238348309 5.075199333 3.232159781
-17.481088237 25.113934868 19.475974896 0.138272291 -0.620412728 -0.618239596 0.462329561 -0.105696731 3.852748601 3.795523491 0.640310005 0.198880469 1.694150030 3.915404084 -0.087264681 8.568080044 3.404898665 3.030485668 10.386758599 7.310789903 5.412175493 5.583159608 0.968239139 2.670425536 3.831266201 8.419802265 1.981672613
-12.262938757 20.278167331 30.086786865 0.395455634 0.836621363 -0.056248290 -0.374854193 5.068100966 7.389390396 4.063356706 1.137083973 2.365319380 9.425446888 8.687199416 2.387051271 6.197385057 6.165074767 1.371730412 8.767621264 4.016230697 2.572792961 0.386310881 5.574157221 1.693379687 2.311592559 2.376049552 -1.182963986
-6.224258869 26.838903567 23.698936496 -0.513225243 -0.590480648 0.512776937 0.353542453 0.469674349 5.307519789 -1.683837101 2.814828543 -1.017160607 2.178278200 5.696930527 6.694726965 6.256960623 7.724240128 4.368176687 5.477082728 0.307884403 6.554133391 6.674077970 3.652562407 5.664978383 -0.077015727 -1.216487615 -0.633371974
-12.971477372 26.918357680 31.260397681 0.748883060 0.338180073 -0.520184919 -0.232843406 3.425029024 2.873975871 3.743180856 7.393472957 6.901501276 6.454695575 2.565002974 2.629101713 -1.225854963 2.939200262 -1.921346668 15.365579568 6.623335864 5.992498154 3.809311242 3.434404245 2.365394534 6.296126981 5.718753448 7.673019379
-4.448408996 24.082695056 23.752328869 0.207708238 0.549180267 -0.809067469 0.025848668 1.123005657 3.565679386 5.858696271 6.221783090 7.266927922 5.187327568 5.612389287 8.164606121 7.317775693 4.970774781 6.781964374 2.191567889 6.837329895 4.978205621 3.855012879 -0.016326084 2.938784140 9.777115298 0.263913210 4.333775129
-14.763475895 20.032787704 27.997935991 0.631350477 -0.702208754 -0.069035845 -0.321766209 5.550740050 5.239901812 2.151976664 4.592740086 6.221189490 1.957409796 2.029607796 3.405691851 -1.198350585 7.012750553 9.367281075 -3.369354735 9.112759711 1.373835110 7.370269035 4.899969805 0.890173769 5.540638754 -0.286385552 1.413503977
-15.169895622 23.345520264 32.726872720 -0.469735285 0.249839351 -0.810244485 -0.245831111 7.999011140 4.392680813 7.106794832 -1.051351152 4.273519453 5.362029825 3.941302749 5.844343257 2.055850691 1.408987843 4.000040210 4.810332756 5.571489099 2.298873214 3.563666942 3.738885486 6.122297612 1.611436474 4.822158742 9.157772447
-11.340805855 27.018201663 19.528983605 0.318547199 0.874584435 0.123202871 0.344166820 4.351140250 -0.155536788 2.042359021 2.080873475 7.008062306 4.817827329 3.709916098 2.939402974 5.568504566 1.306012551 -1.471351914 4.777793328 4.686963050 9.370550959 7.282710406 3.152291705 6.243885841 3.750243222 3.732285155 5.035109470
-14.275484674 14.784386893 31.016101986 0.686722276 0.555055597 -0.257807506 0.392251310 7.241695536 5.579372445 9.406211576 -2.146010771 -1.416340578 1.510019275 5.827034733 5.009196955 8.582039385 9.568105817 6.187895828 9.544342608 -1.853423343 11.217002869 2.808325121 3.839546412 0.630134616 3.420647132 6.517076595 2.267902445
-17.740625942 23.325970850 32.687767567 0.258942231 0.187841608 0.106604087 0.941435085 2.130513006 1.605757088 2.860283155 2.974327562 4.029431956 2.291404031 7.176441393 1.868942372 4.366915752 5.124310082 2.913499983 3.863114070 -0.122548931 4.873982244 6.461737322 5.542999042 3.188681696 3.496060357 4.393434404 5.934643895
-17.446883545 27.010600862 32.070500719 0.611967912 0.593638456 -0.505289682 -0.133307897 9.506014104 5.631847748 6.264103492 7.998025539 1.085376624 4.592797356 0.985130100 5.702917442 6.028621186 6.878272160 0.906187422 3.263041151 4.899066384 3.859932100 0.298017065 3.430759743 3.879294742 2.998494889 2.091484533 3.519240213
-9.669649734 21.533307990 24.713056027 -0.275398297 -0.761593683 -0.490048285 0.322464755 3.400313495 3.731871781 5.600240813 4.143060948 0.031132901 2.171133437 8.638864683 6.245223519 4.324286169 6.821908588 8.064296744 5.946758895 -0.429290130 -2.713436221 1.454384257 11.016352892 3.890599004 2.184965724 0.270368305 -3.887791503
-9.918858533 25.249981485 24.105568424 0.729940980 0.331132151 -0.125678412 -0.584587548 5.188694911 5.989553525 1.595817043 7.617300873 -1.041833529 4.681687427 2.636626224 5.437639956 0.558660519 4.895458639 5.801102951 1.508568389 7.540409614 3.391652348 1.216303088 4.084035933 2.606194710 4.538651217 5.135786924 10.145885220
-8.986840156 20.663894097 32.438165171 -0.801054285 -0.497489158 0.010107679 0.332737743 2.311177330 2.250362649 2.031541317 3.790761242 4.483183510 8.459051428 4.470308820 4.035549004 2.762275813 4.431345115 2.511666420 8.341944914 5.439358841 3.526652681 3.333764069 1.482502988 1.252931581 4.710767892 5.080316748 -1.146465596
-15.560960530 15.210652631 21.241591951 0.156171083 0.101909523 -0.171964615 -0.967291690 2.629110511 2.769728256 7.098446596 8.242087380 5.869425873 5.228092637 1.259628666 3.762908557 0.998707001 3.353126987 6.590595833 6.430689295 5.108548293 7.245703139 5.122186582 -0.020711518 5.256171029 2.201026937 8.760649801 7.914040429
-6.926939140 22.786035327 28.324207066 -0.779049466 -0.621525110 0.038742009 0.072715362 -1.683348836 7.093297286 1.045056637 1.483070466 5.216429945 6.961177878 7.762919866 3.917212144 4.483531576 -0.955899192 1.086103873 -0.385879665 2.604833713 5.469741807 9.715752875 6.011108886 0.717212413 8.379233043 5.824737226 0.713890743
-20.525976413 27.049241098 21.289354903 0.498413582 -0.706014223 0.395391743 0.311116036 8.260035645 4.675509277 5.709573737 4.304307657 5.721640977 8.568970782 2.441811975 8.434539170 0.364236023 0.675122968 3.790574162 0.165734672 6.961410373 -3.332052609 -0.777194922 7.397704747 1.730685579 6.252528059 4.876586719 1.406161269
-12.569900973 31.402160663 29.474331055 0.127585789 0.910086611 0.110475701 -0.378496165 3.608230399 -1.671967971 5.234928863 3.660803668 2.567452608 5.828491991 1.125990002 2.750874663 5.564831818 3.682992439 0.568463262 6.854384773 2.680461843 4.558230298 5.967925697 6.019966868 -1.740414080 4.463837610 4.306946169 3.727894382
-22.366621758 18.925696718 27.498263682 -0.314837033 0.428326801 -0.750223151 0.393165382 3.067137170 5.479803725 8.678625100 5.658625342 3.805719246 5.248158652 1.655349413 4.719386826 5.783528269 6.077702977 3.406150168 3.368357647 2.776395839 6.717540339 8.111670057 4.890823619 -0.100998826 4.047825779 4.046697246 2.616246560
-9.457258001 26.126241091 32.471642971 0.705834434 0.506824729 0.157931701 -0.469024544 0.940040421 -1.917768363 4.077667087 4.948063079 7.307278224 5.474019342 2.429368904 1.410910966 3.478949667 4.695351978 5.646637545 9.192243141 8.651391460 3.450228920 9.590293791 -0.461114534 5.299808939 6.982518600 1.422563828 5.338981181
-15.168216513 30.382587054 27.438368132 0.967827468 0.169021491 -0.042079436 -0.181579320 -1.262251918 4.322306260 4.679748528 2.990328760 5.076819246 3.452340237 1.955241628 7.735823462 6.109721639 9.215563111 3.871372778 -1.164247999 0.048367904 4.497119044 5.897723491 -0.494020347 6.335821046 3.767819372 3.677851751 7.076375924
-12.900390353 29.031435322 32.350479903 0.854338513 -0.516312582 0.052205684 0.028312364 5.066020417 0.467552287 2.304513291 3.782962584 5.012011198 0.110192155 3.173955742 5.203083387 -0.062099018 4.671789191 3.530272930 5.558097966 2.580809534 3.223263352 7.652196087 0.757674838 7.799229032 1.093948520 4.636941225 -1.552608795
-11.232735897 18.411357048 20.886404764 0.300247995 -0.698687042 0.130466309 -0.636133713 2.741159029 3.921193602 2.164880416 3.900453708 2.659719921 4.390513489 8.821445208 6.440683673 3.430402143 3.777258079 10.602643947 8.428548190 2.875140222 2.832668897 -1.545706454 4.464210888 2.577920112 7.942340380 5.412119057 8.192417394
-9.523889261 17.981006251 29.066358900 -0.444968325 0.781865428 0.436679955 -0.000509487 5.937705333 3.222703197 4.843419342 3.919575950 0.946726277 1.419274293 7.249840499 2.132754435 4.940167485 7.100190512 3.219269467 4.784844339 7.328823159 3.534973203 1.032036119 5.191804065 3.045442462 5.172750168 4.237584557 0.119380003
-20.909601227 23.148608782 20.863106767 -0.360417327 0.413548199 0.641098243 -0.536721790 -2.104475557 5.857524810 1.401393985 2.404001566 1.470542680 0.638699661 0.605152208 3.747227790 9.252425876 10.383231491 1.841533348 1.376962551 9.200521902 2.950264169 -0.141645686 2.076978758 5.381418708 1.233407749 4.028484481 7.241533487
-9.315456771 27.681187290 29.713159297 0.783582513 -0.097214901 0.177707800 0.587339464 1.344342424 0.805828291 3.286633471 9.562462609 6.702358340 1.715851656 3.027346805 12.065458327 4.020249242 4.251190444 0.530077310 4.775458324 2.694628495 -4.572987780 3.174961377 4.904593835 3.628649786 6.058905617 5.509871591 7.228275244
-16.556323508 23.381025105 18.074427897 -0.254947984 -0.118744799 0.927626785 0.245783942 -3.516654657 7.206369800 6.544166181 3.834980903 2.926653681 2.643062114 7.243970676 5.204344731 -0.262904063 0.662424988 1.998261534 0.870767540 5.029122890 6.015845869 6.374691336 -4.119090673 3.539370230 4.295446262 2.737557928 2.820671882
-9.475114631 25.352221778 33.129959467 0.721170685 0.236201772 -0.201759701 -0.619204804 2.891588324 0.948422999 1.131516432 3.085545552 1.146731838 -0.425619724 3.539715466 5.899924506 3.620561322 3.673218992 -1.656887273 6.279802514 1.211179678 5.995330639 -1.216648375 5.705676816 -0.187349876 1.814362099 2.116390907 4.717098353
-6.864730032 26.128003345 31.962329350 -0.223075649 0.970983674 0.058740440 0.063067581 4.118969316 4.928602298 -3.196119661 3.869110660 6.854172578 5.164463612 7.283179046 0.883741631 2.794392045 5.837214003 -2.323213041 4.372035631 4.787307922 5.208408871 1.157954782 4.103706858 3.358983250 4.597247207 5.739521336 1.517926226
-17.941762810 23.543469031 19.372855494 0.951518706 0.032076785 0.301655686 0.050863330 0.644099566 4.489190240 1.465898614 2.501862867 1.953122022 1.625559034 7.024804476 4.157199810 5.541919447 6.827835688 1.425711184 6.414920158 10.145052645 -1.122093298 4.277249753 7.665797725 3.242246156 5.566988141 7.509581087 4.290961055
-13.791896756 25.386929485 30.837824196 0.474472432 0.752010848 0.239148471 0.390081535 -3.824739163 1.411794325 5.404869116 2.219111920 -2.265941663 5.901944234 4.601186661 1.251479674 4.613244761 9.931012660 6.995692717 3.213558226 4.165579110 7.572200410 3.572076531 3.208336166 2.892613042 5.650667373 1.281603582 4.508370327
-13.115657629 18.495409515 28.390051102 0.781324301 0.471474315 0.407639031 -0.032783041 4.454268358 3.442905141 -5.165510464 4.513537984 2.184068508 3.404354759 2.540869547 0.848324101 2.791671678 -0.255997268 5.888563122 3.471961390 1.343084774 3.586033119 7.001913150 7.551359225 2.418507754 -0.220984104 4.905268434 -1.803343922
-21.136754054 26.305872658 29.684980946 -0.235723062 0.482964715 -0.819602842 -0.198572161 2.393244506 -1.372283199 4.412845475 -4.418094956 3.671064740 3.613338802 8.513495589 4.349096621 7.013287243 9.813071997 4.184621992 10.530448468 5.771815226 2.768347652 6.570841112 9.765961778 -0.561378901 -1.828525156 -1.926148082 0.060481520
-8.572914931 26.459560046 29.257837914 -0.302554521 -0.173787011 0.361425035 0.864656453 0.932631883 1.256985524 2.197734407 -0.077974998 7.321957927 3.670417424 6.818476931 4.360772666 3.597904139 1.959381129 3.390541021 9.356184640 2.187797946 4.512902894 4.402343894 1.565558295 13.925906758 -3.401217023 2.519186529 -1.634221094
-14.300478310 25.048065127 21.940469398 -0.344767727 0.647004719 0.643952797 -0.218734779 7.324455899 2.398289821 3.568337031 -1.045126631 6.917173783 3.542437915 0.489799846 6.569093165 5.355609891 8.466498672 0.880666284 1.873969064 5.258791681 7.106604743 8.767519059 2.455445357 7.435562089 1.667599394 3.827070856 3.175790705
-15.496775122 24.828175226 28.966636267 0.793990703 -0.604056275 0.005913963 0.068262766 2.457505038 1.026989108 13.319714015 8.950842955 4.561762540 4.081455982 1.646737999 8.703655089 1.217572986 6.724356503 11.151120644 7.106477800 8.597482321 4.192084277 0.927128191 3.774092393 3.021176246 5.799732131 7.001411404 4.023791755
-10.620530111 25.967387222 19.241122003 -0.558950641 0.400544887 0.447161799 -0.572000262 -0.341061492 4.740683877 8.775706545 3.551728629 6.077666009 3.807481619 0.754235627 -5.968000697 7.392004973 6.047362330 5.566584297 4.424490831 6.380924330 2.565488388 2.940658834 1.407942072 4.420273631 9.581029293 7.228969127 10.890227734
-4.746727471 25.957921918 25.001423119 0.712037399 0.605085579 -0.157791635 -0.319336789 1.750086457 6.473180943 8.113334638 10.811653677 2.613273325 3.096989527 7.698731550 1.893652269 8.935411230 2.907977326 6.480157796 3.241839444 4.705489061 8.071371966 8.436350261 4.247984285 10.650179291 2.361824726 -0.029813639 7.028271186
-10.019173825 18.470397695 25.265167038 -0.648551344 0.146642847 0.367293158 0.650363564 5.223442894 8.157234331 5.437042709 7.954958484 3.590324357 -0.169954037 7.522653114 0.991276157 1.752806479 4.405960968 1.160795868 5.006211977 1.574659026 4.767280255 5.275028233 -3.476312497 2.204378222 1.606013517 9.694746136 1.109892006
-11.818288730 25.447129501 19.862182952 0.727933402 0.332726185 -0.519428299 -0.299333408 2.690470386 7.174822699 3.753260206 5.921059319 1.588280162 5.563952373 -0.838484732 5.706545347 -1.641695021 3.553591321 3.732477470 1.555951915 4.165631947 2.833668381 6.334288808 4.770087332 6.141501759 2.079038320 0.714564217 3.979762973
-17.297929347 20.101755818 28.992689499 0.668594733 -0.144369979 -0.567873653 0.457884164 3.588368714 3.570697363 -0.238937394 8.285233119 5.393940209 9.032311270 3.137951182 5.921984241 2.005290558 -1.422087821 -0.008866951 1.317582862 1.132578358 2.823945302 0.996077951 3.480213599 5.412075325 3.477162911 5.511171183 7.007011600
-14.889390541 27.726309434 20.966166135 0.122910585 -0.824246589 -0.056949874 0.549788379 4.559057078 5.368877476 4.751914155 7.064955986 8.052635662 1.153174063 5.127197481 0.953711956 5.550287009 -0.922531519 2.288652979 1.065291446 8.227388105 0.867915211 7.042189715 2.457671970 0.645776165 0.859849012 4.514243667 2.247367424
-9.326893216 14.505848257 28.126152499 0.694379772 0.112040624 0.147949808 -0.695265766 0.894169002 8.280099886 6.935981318 8.323976551 3.771804062 6.652889288 4.444850593 7.546596278 3.609979265 4.353651832 3.542231765 4.046082976 4.590675233 0.428814007 3.794499410 6.884322997 4.644993210 -3.322628861 8.587846622 4.025192934
-13.818940303 24.657957306 21.595701064 -0.253751089 0.026905522 -0.595489754 0.761760087 -0.365348229 7.014294014 3.643492032 0.481297586 7.785112617 3.321004870 -4.100164989 -0.095548782 1.945014868 0.918969358 6.381549011 3.956740719 4.678242659 0.067757108 10.269238634 1.058934681 2.270302081 1.842659326 1.088253384 7.159261879
-9.268401744 16.824262021 19.187443501 -0.875375919 -0.049042493 -0.425301915 0.224566506 12.097127446 5.368521997 0.622033727 -0.945324772 7.706808130 3.072977555 2.814153284 5.949960271 4.924692824 5.217873544 6.378717875 -0.517355088 4.806041735 0.320179629 2.651255262 5.610888230 3.269687380 -0.446736950 5.030980605 -0.146250692
-10.774208624 23.397118053 26.870909247 -0.188757522 0.414858829 0.437923513 -0.774910154 3.481312361 3.801924094 3.547234903 1.322871354 2.043627235 5.049357962 6.651806330 5.132921977 2.344103449 6.558877649 5.704839353 2.033293701 3.599936074 2.902587732 7.371531812 5.831333495 -0.635495326 5.480537506 3.875263162 4.021389172
-9.124687052 21.689144117 32.809947840 0.405406951 -0.569495110 0.562205798 0.441865550 2.047074770 4.084048537 5.142996922 2.464508828 7.029325209 0.387281700 9.912725659 2.709801296 9.951954527 5.219427202 4.282936323 6.802646021 6.648951090 3.664392014 -0.435152643 6.275027552 -0.534181747 5.439259221 0.200307201 1.177059943
-13.181807438 18.144089954 25.311587037 0.840786462 -0.096208361 0.465507163 0.259085232 -0.378315140 5.533011190 8.582035611 5.197275274 3.639361022 5.573719332 3.969398041 5.677593303 5.993093048 4.802870690 5.270706114 4.814182579 9.494066114 5.754792445 0.926285996 0.631443192 11.105730894 4.830015026 4.198060494 4.051876251
-17.116973732 19.374574203 30.724765140 -0.305171604 0.540208963 0.759154866 0.196795473 4.255845064 6.526504663 0.576064327 7.738828898 2.951202818 6.224066878 1.873420487 3.456675047 4.332032823 0.297717529 6.724730232 6.267769967 1.893761903 3.673517864 4.612445094 9.135123505 8.615870320 0.607172686 9.188585319 0.235450028
-12.402203765 21.705280134 31.924750106 0.043834016 0.620555758 0.202744785 -0.756229914 3.461609080 3.190879612 6.985261059 2.832791043 7.972406393 4.143173639 4.056103865 1.806060796 -0.559341797 3.633219058 5.413202730 0.530418624 4.646716747 3.776751871 1.979585019 -0.762922875 8.541373099 4.582547587 4.831409060 5.280242423
-10.293506474 14.585655751 24.929682154 0.316078396 -0.730889270 0.411720480 0.443149602 8.558191358 4.565786705 7.004978310 0.220615598 4.678446452 -0.183567335 5.770501923 5.428333605 1.785713547 4.474570939 3.853089495 4.191491129 6.461432769 4.690497977 2.826423128 8.333989900 4.906473465 6.359701095 3.304588657 4.689420828
-16.621323491 25.056910683 27.969808018 -0.856038219 -0.052929766 0.459706071 0.230363487 6.416031562 4.618021331 5.808708638 5.394950834 2.676875407 1.404046753 5.064734853 10.116724865 5.479018731 2.037686576 5.568990135 2.889651905 -2.700947657 1.550353281 0.809037987 0.882230117 1.050176247 0.123091392 0.522825219 1.251588428
-15.369823314 28.033390411 25.487191493 0.019273646 -0.031908730 -0.370769006 -0.927976672 6.820354349 -1.053684243 2.132804605 -1.433742096 -0.950328442 9.158804814 0.651983793 8.230797190 1.019029665 4.875599206 7.478821855 2.003553194 5.179003458 6.545878472 5.596045324 2.300756323 5.411403083 3.415291689 3.658136343 2.440790336
-20.340174331 29.179230716 24.008529146 -0.178188838 -0.782123590 -0.596654678 0.023121912 8.142813767 4.493765669 2.825009945 2.372420387 2.499665982 4.661167150 -1.737902270 6.722838636 4.172323829 -0.827702912 0.361455363 3.432987934 4.810421623 7.307328191 2.931209769 4.964334768 2.068807977 1.982591568 5.535116264 4.643710903
-12.808148349 31.518399754 23.665516391 -0.564293904 -0.130770820 0.610805924 0.539803210 1.032509192 7.053531578 6.024219467 3.224213623 3.481088289 0.860376835 2.883884484 6.918339043 -0.799543813 6.152489262 5.045144813 5.719419952 3.305482346 9.827307812 5.459366191 3.748152122 2.963543951 9.769675594 6.012371997 5.555673692
-12.102250677 17.120752634 19.598579261 -0.257817263 -0.628347861 0.384984925 -0.624896658 6.062720640 11.703156826 5.404018550 1.811696191 1.054528056 0.671870172 8.259679068 6.169806052 5.812090968 8.025857413 2.290113924 3.439550290 3.434307462 5.693947653 4.457459511 5.157949478 6.244445889 2.197048399 4.830196551 3.372777113
-17.556606306 20.165782986 33.398961234 -0.312455113 0.837047507 0.153716703 0.422012380 3.450952450 6.733061245 7.298268289 2.026980331 2.928464395 1.621325443 0.806205797 5.773670304 3.334383703 5.946084824 5.801368002 9.077529000 1.783263875 5.961720239 4.146872051 8.322424062 2.473505511 3.394218810 1.657120784 8.593697991
-15.506147566 28.892781543 19.131643555 -0.295056588 0.284715193 -0.745831274 0.524990076 4.997943365 2.656288235 2.753136252 3.912952501 3.588562076 1.196737779 6.893974956 4.363666140 -0.210240187 2.243739125 0.514642154 2.345087409 7.632550588 6.785432618 0.388275228 3.799466149 4.138220444 7.791822651 4.208643771 3.703676122
-11.812321236 18.432413347 24.653406065 0.158237779 -0.485763832 0.558168479 -0.653790680 5.397882081 9.362391823 5.069864232 4.030286395 4.519413439 3.016761235 7.890005661 2.315527375 6.695374577 1.496764323 4.510198193 0.150819732 5.921656027 0.699214124 2.095747783 6.340233985 4.767753073 1.381285740 3.111206795 9.573312080
-11.698176868 16.410415982 23.942514822 0.162434686 0.568872427 -0.512983387 0.621970401 10.336129320 6.022972476 4.040260861 4.023969038 6.538330156 7.240007065 5.072052715 4.051547914 4.205998142 -2.611868091 3.632685131 3.902547360 2.950674775 6.699851446 7.514869546 0.613732741 7.483883968 2.569977431 3.811364082 0.611619347
-10.774226074 25.011639212 28.831110336 0.149397803 0.968063048 0.067616467 0.189637139 -3.613446674 -0.043281008 4.855847157 8.029753034 4.762893467 2.272986992 5.116355145 5.364287349 0.053086042 5.280007394 3.571342302 4.001912204 4.062864116 0.145043772 7.410388123 5.217240954 5.047451203 4.812914682 3.248670552 1.116429855
-19.791388968 20.817077583 26.221920023 0.006871061 0.023233208 0.962052884 -0.271785311 5.523373342 -0.154532587 7.441740072 1.231883064 6.534036404 -2.757783854 0.102539582 4.010746318 0.130167392 3.405022177 1.865892242 1.757599813 6.115374533 9.762683221 1.257412834 1.627249689 8.957031985 2.290184150 3.763955824 5.403221966
-21.327469476 17.383195400 26.563244607 0.576068500 -0.582973038 0.146523031 0.553912016 2.856838778 6.217513143 -1.597225516 4.781407178 10.204413582 6.085841620 3.340303972 8.861256439 4.537014103 0.523628281 6.847048235 2.401328534 0.510141413 3.623763030 0.986970014 3.301559386 5.247352369 6.037103262 1.816872912 0.502977935
-7.579803912 19.492512977 22.563674199 0.635119022 -0.293059609 0.044170215 -0.713294390 2.101806020 3.041182603 2.968872056 0.064827003 3.440396509 5.706716658 7.006169390 0.658074436 5.248672696 -2.736370353 3.008322562 5.827992352 1.576061166 1.035469043 3.711961373 4.597190943 3.895927538 2.221688240 4.783002313 4.184090182
-19.681202155 21.370559713 24.412752634 -0.600684198 -0.303373050 0.237846057 -0.700408838 -1.418606934 4.416088706 2.526799861 7.455607225 4.531529673 2.016833587 5.089186472 4.014110072 9.172253493 7.827564847 6.886887164 7.613682554 1.920668427 1.823185045 0.050875062 -1.380181106 6.068439278 3.161744624 5.944134523 -0.458787342
-17.276801717 15.617654883 25.302459865 0.546856305 0.135701922 -0.247059536 0.788349387 3.691713898 10.314144677 2.491145350 6.348364939 2.445134086 6.448857378 5.071864873 6.896892947 -0.819874341 4.363859122 1.859446180 0.865426629 9.464902964 4.085139122 2.263098032 4.025909195 1.249643390 8.573066935 2.782451057 12.100228738
-15.434768492 17.578105624 29.078037461 -0.025356879 -0.614197825 -0.657813771 -0.435200073 1.788661705 4.598949385 -0.466941772 6.657987173 5.079205110 6.787099407 1.392642714 6.371222234 6.650831239 3.653155454 -0.937965590 2.254253664 5.213688727 1.562374199 6.027385022 0.077432318 7.741592001 7.245754349 4.479201911 -0.431748583
-22.127575131 24.895101150 30.444683136 0.713029617 0.212362105 0.445264077 0.498227863 3.057339584 1.857140402 4.649658141 3.454846083 6.268917893 4.896216848 5.608247868 2.065119084 6.441260611 5.257650129 1.380725228 6.672065643 2.147349624 1.936743859 5.867308419 -1.615137503 1.407206544 9.289515351 5.335163141 -1.037071640
-15.466913067 29.648738055 19.572111896 0.377777568 -0.133902714 0.616409884 -0.677785384 6.802393166 4.282980481 0.462957809 0.153939642 6.997286951 0.749934060 6.591217301 6.211812719 5.238158055 5.995634115 5.442252202 6.611054806 2.317140021 3.519932552 2.666767095 8.047169918 0.942624225 8.496909836 6.060847045 9.549579500
-21.266119660 27.020226839 28.976575029 -0.086730457 0.848120272 0.353403605 0.385065870 10.465974499 4.078789335 1.759959972 6.291377940 -0.588210730 1.073947026 9.088187306 -0.132977088 3.745736835 3.296155751 5.672704100 3.268912143 6.596977929 2.703645328 -0.682997741 3.976386353 7.382635419 2.737608400 4.568810947 9.021829886
-18.183087384 17.241062347 30.406675549 0.553414200 0.411395630 -0.569314653 0.447623933 5.988570594 4.271956827 4.609166794 4.121759473 4.927663975 -2.489773913 3.858094959 4.504093256 -0.027890057 4.791067324 7.108224563 3.944067642 -0.393632232 -0.497817659 6.084157219 0.118214261 -0.302441129 3.541099421 0.957174761 6.456400191
-11.379123390 22.982803696 19.722049437 -0.474950882 -0.830330461 -0.281104864 0.077155946 5.064201124 -1.434201174 -0.081601763 3.056173266 8.369846876 2.486511318 2.848274886 8.018380045 0.174701638 2.916909825 2.394199995 4.798379748 1.651539528 4.780957759 5.159140975 9.322879851 7.252594424 6.589340594 -0.718160613 2.655521637
-16.030243479 23.486454133 34.604264366 -0.290732523 0.247944705 -0.921762023 -0.065975726 3.080161836 6.751576174 5.442044117 4.362922735 4.862776326 6.942663894 1.815711707 6.776736811 5.691504999 8.761572362 7.032786536 2.983807973 3.284525104 3.779969150 3.550882831 2.627719094 3.824191827 2.868191683 5.978659079 6.139640038
-21.381648207 23.691280752 28.262556811 0.042400125 -0.562436574 0.511906760 -0.647934255 3.510242062 4.404553257 1.091231832 6.075719810 3.998733008 8.947510801 5.952762681 6.385432671 2.461048444 6.029887265 7.111303890 7.939170637 1.039035469 10.606818813 1.128320362 4.453215551 4.011511893 3.757555261 6.700558600 5.663317874
-16.172665314 29.032137662 26.636076125 0.948684644 0.034147760 -0.232571606 -0.211522636 5.929807073 4.452960435 5.475336538 3.253965661 -0.348041310 5.842479131 7.883472244 3.104258509 2.837328014 2.373015946 5.019154901 7.378212785 0.358819565 4.839896440 1.024546830 -2.593716214 3.495892162 -2.977910476 -0.935763268 6.506615868
-21.253170131 18.331375860 27.976806271 0.085720447 -0.376649654 -0.903000266 -0.188089240 8.996884686 5.727466889 1.407520806 3.568078087 3.456375516 1.436752423 2.517123102 6.578172018 3.315877442 5.225906746 12.154270483 1.463184422 1.493970417 7.387912069 10.630450530 4.102217243 7.408242205 -1.685192086 4.484127887 3.700022143
-9.999876978 28.572592966 21.425912116 -0.578201555 0.748075018 0.300892245 -0.124621772 10.249580730 8.691740771 6.991147544 1.284731726 2.298967910 1.541790696 5.907805082 7.704783125 2.109224242 3.483046393 2.472273149 0.005098606 4.650218070 6.362807668 3.962927014 -1.479034267 4.648059417 9.896835879 1.461578623 5.207648578
-12.240322870 29.685290560 19.259516506 0.622833618 0.017824520 0.782131181 -0.005602349 3.484105140 2.654415464 7.375229032 8.271440859 3.903105589 4.486636736 0.827727305 1.356005906 0.595604185 8.004385413 1.703174625 4.971992188 3.016380304 10.758973589 3.449318569 0.899581599 2.042852664 8.332328061 4.846208772 0.658273156
-8.191193539 22.345317169 23.773087933 -0.770506279 0.548182649 -0.299676509 0.126530024 -0.354988500 6.011250101 5.597540825 5.203126002 7.416329515 5.811670927 4.433379838 7.292581982 6.115965161 7.265883558 1.942080553 -1.646458394 1.275188866 1.765205470 5.322470551 2.091949000 2.176149431 8.021008992 -0.747255229 4.554754730
-11.703439962 20.641938811 32.455138955 -0.688242492 -0.330491633 0.614183418 0.199690466 2.521585108 6.953475982 3.159189885 3.688318153 3.493765455 4.602444901 5.901428887 2.671028574 5.975520742 1.165561730 10.348002041 5.625424466 -0.134728668 4.845765260 2.868440454 11.700980608 2.138940878 2.554315439 4.591747677 4.478010890
-15.714643158 29.066956651 23.199742508 0.869456161 0.389197547 -0.109103314 0.284020634 6.167120624 6.341094418 2.455550262 1.960076661 1.514605778 4.216467388 8.355484318 4.214769238 3.539453895 0.975148338 -0.979988150 1.632705679 1.627260398 6.648711622 1.940248779 2.928024521 2.300733219 2.731401122 8.446982914 4.469175500
-6.766441128 17.843021110 28.170146613 -0.433635865 -0.222637496 0.681035922 -0.546427081 6.001717643 4.668281207 3.167164297 2.586435637 4.784587041 7.960187675 7.876070837 8.624889615 9.071365459 2.375932430 3.466691500 1.031069366 5.721644786 0.370351510 2.446852392 1.978669975 5.001252744 7.902139187 1.809638584 7.791315600
-18.408571439 27.965075608 31.509528815 -0.550758289 -0.259994241 -0.744449477 0.273611547 5.688428395 0.035819922 3.697115770 4.608392061 1.024328482 5.297592426 3.981469914 5.985156418 2.633781686 -0.417795353 8.308008108 5.112943144 5.993364020 6.190213065 3.807118568 -1.884368390 4.179698758 5.574918194 5.722009018 7.705250842
-5.723823697 23.028620611 25.410423212 0.069132730 -0.899986755 0.354458000 -0.244139372 8.717668845 4.720911442 5.845792751 4.811840513 2.474834624 1.112183636 6.649584213 4.593471624 -1.227270893 5.043230395 6.045601700 0.111653527 3.684184523 -0.498116687 11.644359634 1.595078965 3.939904675 1.636127275 6.219474382 7.021941228
-9.702179164 21.487925765 32.861288731 -0.516711348 0.455640016 0.522716150 0.502164700 3.423880585 6.210424146 7.437612567 0.728113050 5.465981479 3.865287792 4.563379069 7.110688386 5.569643684 4.358107525 11.273901999 8.953796462 2.885230471 2.208407203 2.308392570 10.196032601 1.250145150 3.547039009 7.714059262 5.128062947
-14.834858287 15.863451356 19.044380726 -0.139865570 -0.381088148 -0.423314529 0.809947069 6.937237442 6.966033090 7.421083248 12.313278675 4.592922292 7.858688252 3.024573352 10.237985792 6.267473223 8.197163321 7.188083780 2.695829481 3.467990954 -1.632002345 6.027694308 3.644841043 3.474300588 2.796258563 -0.471238223 6.850715398
-14.023203318 25.761820581 20.037263437 -0.331642396 -0.316200659 -0.867658174 -0.192872387 0.516490975 7.482522678 2.804195840 8.555636832 3.654935915 4.350204148 6.357658923 10.873594107 2.958659986 3.168208235 11.100250717 6.816344497 -2.934675944 7.025110501 0.033013244 2.437781439 2.932567720 3.253468757 8.701675667 4.089938387
-18.633604794 27.288147404 24.801267776 0.319164009 -0.840804965 0.431024841 -0.073477427 0.217087596 0.181190977 6.751915447 2.641420532 3.982736761 8.683753255 0.998930401 1.657132621 1.203904512 2.993519670 3.719618634 3.330010508 3.405492721 3.326138138 2.343944483 -0.269149336 4.610121361 2.992860963 4.757309872 4.324788643
-7.204391333 26.418362907 24.530247403 -0.587315475 -0.033614878 0.763513890 0.266415303 7.273462968 -0.848155840 4.532071188 1.517344591 -0.223920390 6.513967109 1.610057817 7.006398397 2.447061195 7.294319367 4.321323292 2.145656413 0.110143453 4.442120963 9.462802233 3.101665134 1.819710974 4.060754484 5.313536277 -0.241948939
-7.372823389 25.558702716 21.502434081 0.457502356 -0.423796396 -0.595878914 -0.505980759 1.453958080 3.871498800 4.937429684 5.939942995 2.555773885 0.605389871 6.166533499 4.974405184 3.894225313 2.007336901 3.656828720 5.000029452 5.516411406 4.441950320 5.553091112 11.138556461 7.420157135 3.821040427 7.923211200 2.743224677
-11.278926183 14.556807988 29.342767892 0.525402600 -0.080280131 -0.667805956 0.521097318 6.387720290 1.719618699 1.797086622 4.771117551 1.219544745 4.194630495 -1.254357708 0.961732434 11.204861520 3.324489470 2.346489647 1.985182183 7.602410267 5.328414930 1.110731489 1.334673613 5.580387489 6.402979679 5.583961246 8.547910944
-15.572683975 23.082389770 17.008489366 -0.003248253 -0.633318316 0.504070272 0.587205688 2.258633542 4.263446015 2.586922422 0.135028241 2.011375538 4.338238803 -0.681447637 1.407811417 -2.786815068 5.333231844 0.155106655 5.904991889 2.919093731 10.130368226 -1.049434992 7.793182634 3.373423455 0.757573942 7.114556581 0.508913373
-13.538765271 21.601679835 34.736431688 -0.320715247 -0.798327399 -0.343666362 -0.376441929 -1.159278857 0.156773736 -1.160947401 5.385901504 4.880053813 6.549046364 2.211967233 4.152479765 4.981972979 -0.284024091 -0.701831255 4.081034898 0.205827573 5.458529502 5.456873975 4.766266508 4.826420045 2.475485640 2.794436429 4.872468926
-19.224057037 26.654249640 21.548847838 -0.095022319 0.653103294 -0.215653434 -0.719666897 -0.377542929 7.961466729 7.407969036 3.639446666 1.555635467 0.976075922 8.703587787 3.781214209 4.361783404 3.308104031 4.321676840 3.212259327 4.080057065 10.116953286 0.482735437 1.914002559 5.975761853 6.669221031 4.248060335 2.553910501
-9.233629869 24.464784279 26.745291629 -0.173276141 -0.561841285 -0.437050602 -0.680658887 3.533996320 -5.261282130 11.407730510 1.743468185 2.990509487 6.462145171 8.828031631 3.869491363 7.558277480 -0.592394759 -0.925681588 3.815056438 -1.386079433 6.673285452 6.721302208 5.984115769 7.386758056 3.693271498 0.095849820 4.371564363
-12.786385286 20.594002891 19.973045286 0.747236517 -0.548273414 0.019384414 -0.375044125 5.319383397 -0.058087387 0.755183000 6.765120196 0.420358604 5.467467945 6.070635263 9.939735506 -0.224653431 5.453211812 5.944636422 4.157067056 4.597621681 3.809925176 4.480427384 9.852480593 4.407836585 -1.077518875 4.396026309 3.972200828
-15.624300160 22.987085000 32.076138578 0.687695755 -0.063879265 0.019117697 0.722930496 -2.819767872 4.958621283 7.338497030 0.245643492 5.496318728 3.963114531 1.190611018 -0.627701862 5.894956161 0.829498333 1.499258238 6.096226170 11.740149135 5.461268730 5.244564129 3.251725128 0.804442778 7.890156804 11.547018417 2.972930248
-14.839025046 15.823383084 25.531590751 -0.719999841 -0.102243159 -0.661751195 -0.182296245 -1.712579078 1.504502625 11.332144847 4.908383523 3.327930507 4.670588143 2.910520595 5.802344033 6.719492783 0.958885660 7.976656029 4.683024837 6.480871212 1.969845481 7.313816325 -0.734404173 2.874041018 3.470620035 5.850300047 2.609231601
-8.499619986 20.481913297 21.789868460 -0.323046991 -0.923172138 -0.142087974 -0.152331392 4.270086945 4.736819702 2.702955485 6.433646507 -0.250779566 -0.891127084 2.584825958 4.259136787 5.834264617 1.488017571 4.593243640 7.316630550 3.496001374 -1.623714092 3.950441150 1.596836613 8.102260922 6.638622201 0.596272321 4.681883454
-13.327260697 29.833391734 29.044453051 -0.601157561 -0.078955516 0.740377135 0.290202189 2.538995509 0.599613177 8.329329837 6.797361540 7.773311646 3.906709320 2.492707216 7.857275011 2.064627209 5.608761769 2.211836321 2.479709791 4.980890656 1.880041876 9.826221932 4.702758509 1.799119053 1.748792101 2.008002374 5.164149956
-11.064949494 23.982069858 24.607265548 -0.558707986 -0.551208837 0.462438188 -0.412510758 5.875019286 6.778368475 2.302817518 1.171079051 3.078223888 5.312752825 2.135972959 -0.112844132 0.369347228 4.410904163 4.580885031 6.040379016 1.927667007 2.724855774 4.018556266 7.569790284 5.891594553 6.120564368 4.323781380 2.423656550
-18.385381140 16.969831952 25.180434450 -0.116986817 0.670109245 0.232444312 0.695152736 5.132477833 -0.662913150 -0.425031652 6.653606098 5.150754709 4.787277899 4.111310992 0.224631392 2.317195094 5.241973120 5.293071275 6.545135701 4.320971142 4.959714433 4.034971632 -7.583618972 2.525016386 5.886682624 1.895055439 -0.320667231
-12.525964794 32.093559745 25.205150855 0.327496939 0.640574994 0.680429360 0.139374738 3.739759105 3.092312717 0.516951720 5.935214362 3.735383055 8.583262904 4.663120020 -2.305313046 3.709449480 1.602649955 8.667192775 5.117477318 3.992438104 -0.068874411 7.204103052 2.245968342 5.170934156 6.879739204 12.460722666 8.439655530
-10.429446369 18.215115688 17.591146410 -0.260924917 -0.305628187 -0.701607907 -0.588435165 4.069036898 5.377098323 5.095480044 4.685981229 5.278866057 6.568549571 6.071163438 4.352680035 3.476140450 5.705273284 3.572073603 6.454069790 9.337563493 1.652356498 1.997761481 2.661904905 2.570342148 7.212806130 1.647041015 4.377254337
-19.423625489 17.048603317 22.205180044 -0.224039527 0.552707053 -0.713022210 -0.368674019 5.577220842 2.891413391 4.217161573 7.807204901 8.559093595 0.903677311 0.476400634 8.167183319 6.484703836 -2.289769821 4.076199061 7.005025840 6.138082655 -2.602668894 8.984558192 0.314514368 1.018507702 1.455811192 -0.558136345 3.665107995
-19.244678570 18.162478280 23.186634306 0.365914004 -0.593630915 -0.659607490 -0.280405488 6.180096037 1.945148096 0.376523813 7.287909386 1.847525490 1.394223790 6.319273299 1.667710505 0.267523613 -1.771394848 0.712771198 7.676914508 5.622877463 3.398809759 2.697891965 0.851752650 4.730520945 3.908913004 6.873067250 4.215868100
