-44.213712715 6.144798231 -0.437482185 0.575345069 -0.038516819 0.787081736 -0.219081828 2.745630904 4.564233248 2.312837639 1.316321967 3.408156979 2.614956183 7.781654006 5.157419932 2.368028475 3.064889042 1.482558396 7.245477199 2.973899632 3.719914083 11.010970357 6.576513353 3.738910858 7.695096905 2.768523499 8.756774968
-43.925868548 8.102329480 -7.552029242 0.727560346 -0.323632585 -0.101505571 0.596334229 7.051914446 3.026552847 1.944975874 1.399542932 3.731805912 2.132721235 -1.895636921 0.046625244 10.186105376 0.314444721 1.287134895 -0.995144363 12.374402672 3.244290946 3.880054985 6.731126896 1.281698319 5.756949055 0.217498847 1.683613904
-33.971011191 2.486106986 0.867222202 0.827067892 -0.439801802 0.036174602 0.348173053 4.646210987 2.718047264 2.065874832 2.041952000 4.618610673 1.582583894 5.142037691 0.385700711 0.541170902 5.595940347 5.351241350 5.432233126 7.711665618 3.854624554 -4.330906470 5.014935209 5.415260873 7.817042660 6.953978660 1.056961110
-40.425118832 6.917595790 -0.040063877 -0.320734365 -0.574354953 -0.716916292 -0.230817861 -0.993615222 5.628699641 6.842790916 3.788367542 6.506228041 4.818305310 6.881534578 6.265181221 -0.698999643 0.343015552 5.133615570 2.186957135 1.461722559 3.788678775 2.390197681 3.995780394 4.398049908 6.794479603 8.924156784 0.721824459
-35.214266941 2.724530630 -3.862162857 0.214723550 -0.503345787 0.632708377 -0.547920546 5.438737457 5.794514923 0.912252909 8.217810543 3.715849800 1.188902249 5.563495742 2.639033302 2.153569292 3.814168460 6.229361153 0.062382012 6.627824130 5.394354242 8.581775463 9.875764051 6.762769969 7.160606830 2.988469795 7.286518499
-46.351373165 5.413434434 -2.210356384 -0.850277361 0.473932577 0.165285007 -0.158420919 4.261932388 8.750339651 4.680861276 -2.794075069 6.010218502 -1.454651526 1.372256446 3.191197705 4.446602056 7.622235897 2.909739891 4.588304960 1.030032982 1.405440880 5.829242589 3.227909486 4.076914475 1.646749393 4.415120402 8.018247538
-38.956637986 17.321333635 -4.810383534 0.469808595 0.862778650 -0.171786257 0.073364614 4.085499533 2.966440145 -0.942337226 3.095741341 1.239890386 6.394753353 8.549298311 6.751494838 6.719386281 4.552401651 2.291874394 1.550669871 4.970472843 4.521695686 6.061509667 0.886624133 -1.179074887 1.870889905 2.831379638 0.228387466
-36.749497639 19.116063918 0.629656613 0.427869823 0.803699014 0.084111629 -0.404871020 3.042775485 2.939445519 1.829523891 5.766872373 6.013856960 1.332780781 4.835219595 6.130926593 3.947229320 3.489114143 6.345464066 2.223969974 1.352071651 2.701562717 6.474980267 1.113490668 2.353111893 3.221139523 0.378756720 1.062330147
-36.026851454 9.318486291 -2.390634320 -0.543441759 0.011469959 -0.722162312 0.427809642 6.441417349 -0.008825130 6.042587504 1.451821868 4.385620966 6.609731702 2.094106541 9.261493709 -5.171982302 4.146089475 0.377122282 7.168017268 4.959496280 0.159911464 2.327225428 6.809195461 1.634103039 6.495365051 3.996862628 4.758992055
-40.501796216 8.553860634 -3.782609612 -0.647919962 0.179352287 -0.039995628 -0.739210951 3.132540990 0.694392790 8.210519355 3.851954290 5.228131300 8.145781168 0.965720984 4.168095772 8.830859996 8.578812515 4.464062248 3.692375145 7.439201577 1.699328419 5.892938469 8.578272610 2.280367845 2.241145662 3.174499184 4.696910173
-44.369599641 15.354906183 -1.095708870 0.711715375 0.452592264 -0.002793843 0.537227757 7.068189575 1.919979230 7.638597084 6.957972367 5.731490399 5.666674431 5.664545189 3.670708129 4.481419844 1.698626062 6.706699092 3.183628801 2.934500168 1.960936907 3.788070183 3.217184103 3.320806809 5.003118487 0.773279993 0.995086263
-42.359082838 8.715281615 -6.499833098 0.356226720 -0.680206257 0.139417579 -0.625287702 0.256999480 3.743280251 3.451304753 9.798749938 -0.611570731 1.337936879 5.675967203 3.109351820 8.580103466 4.960277881 1.820046315 5.167547908 6.946518968 1.741316847 2.454462489 5.220320802 6.378991493 4.882136768 7.753130213 2.031285104
-36.819348066 16.567149188 0.715206566 -0.555319473 -0.509163461 -0.060666075 0.654746119 0.931658180 3.927135965 4.973253036 -1.102643424 7.468434000 7.517014068 5.896647952 -1.372316638 4.315394784 2.754617851 6.247772427 3.979979890 7.885444409 5.721937087 7.128290293 1.206797439 8.782969657 4.869870515 4.727282144 5.347034872
-36.579166949 4.750657002 3.315975522 0.689402118 0.694614505 0.102195715 0.178301559 1.405547955 3.717794560 7.266816934 0.761241463 1.191164370 4.282206556 -3.589738647 0.538790789 4.615154930 6.909730919 2.430532507 -1.755934720 1.188335990 12.592268179 4.723945592 6.197667315 -1.011139537 3.613277575 3.919259492 5.528986991
-45.234396865 12.388200784 -1.025893165 -0.402333606 0.887144101 0.068939496 -0.215291336 8.397168115 12.035017641 7.303512180 4.665425879 1.416167104 -1.205434994 2.207121279 4.686259358 6.969764512 1.853850717 8.230045492 6.366399860 0.741585601 8.388613950 6.078622730 3.295786655 4.543228863 3.949818540 4.829450299 4.986572801
-46.259188227 9.979498177 -1.284634906 0.917453391 0.242784088 0.311982161 -0.044746999 1.419483526 -1.294889857 2.164835708 11.022441990 7.327678592 5.255061515 4.876686383 2.387251150 2.340611434 0.529606169 3.391472727 5.156131764 4.348666008 1.837949698 5.924965250 5.582675209 5.473171974 1.471098488 4.468695115 -0.257863279
-30.588835832 10.546667511 4.786612834 -0.404113205 -0.429105904 -0.642224455 0.490008562 9.601232640 6.677370223 5.297878684 2.737688791 0.581636682 5.620448139 1.303714484 4.536297053 7.469070251 3.361106602 -0.916553174 0.847647599 3.447441452 5.041896096 1.794935589 6.264879394 4.039378402 0.315289316 9.005557302 -0.842701540
-41.075821051 5.685495319 -7.569927728 0.948012270 0.178581755 -0.212790552 0.155246494 3.044835454 11.644951172 1.955997130 2.655772522 6.867252377 1.513600119 5.492659273 4.159285347 -0.959158561 4.409315215 10.261566751 2.520176640 9.577242339 4.817380536 3.108440104 0.208465829 1.740613002 7.858610675 1.197880252 4.601252409
-34.161320266 11.873660529 5.361601723 -0.452726196 0.062154508 0.148368761 -0.877019110 -1.147958717 6.751706770 7.095702460 11.254161750 -2.189448796 1.183374669 1.850892780 6.301546380 4.935688032 5.901768950 7.175186285 6.041874070 6.263958686 7.809311341 -0.124863375 4.398012154 0.540466259 1.789110318 1.730152740 -1.736498982
-42.829715560 6.971360918 -6.801639976 0.271866523 0.921846483 -0.272409048 0.045617601 0.830865931 6.727537306 1.554778921 4.802394860 3.214475342 4.878745003 6.593504121 3.043383962 10.833794469 3.983278722 0.504099804 1.243841422 4.054257057 -0.310850238 4.710568373 3.323434307 3.153425213 1.752624356 7.499940909 4.716790669
-37.570162414 9.567511615 -6.465024536 0.736819534 -0.389038840 0.326618496 0.446168257 8.535287048 5.195793030 -2.284566078 2.935001235 -0.920442049 7.865325096 3.702596391 -1.032646906 2.764303186 9.871965963 6.815888701 8.378374880 3.199136421 4.035378693 2.678547010 5.996550191 2.351242202 1.761566034 4.231474093 -0.048331470
-31.261119193 14.812158346 3.857201815 -0.363555464 -0.855014367 0.222088288 0.295727323 2.143484279 2.906438881 3.429240581 7.852081080 7.504113465 -1.627596085 4.547586729 8.893239292 1.370737391 2.188758159 6.574703026 6.008320317 0.516576747 8.689959852 0.559893857 0.063313533 4.330674464 4.340681880 3.093046064 8.314950746
-36.930784498 3.094868063 2.636741579 0.119396038 -0.241470896 0.736620305 0.620344194 -0.434625052 8.533887199 4.225557533 0.395355863 1.528863192 -0.945091505 8.458931806 4.445123212 4.719514785 1.803489448 2.444474830 2.544519127 5.338465111 5.948019418 6.436354257 4.486327620 2.778166127 7.182492232 3.786234444 3.844401972
-43.476411913 5.230442079 3.426839856 0.396391580 0.571410400 0.541258515 0.472655361 0.471339509 -0.148695470 2.211322888 2.398011223 5.479428137 8.246929806 9.491498304 0.309734496 4.135460831 7.338389920 0.887114417 2.637475055 2.243241958 0.305454671 2.114927983 4.430624217 1.930879976 0.071353051 1.541148971 4.406008545
-40.130996183 12.076606311 7.692119950 -0.305337474 0.876742007 0.322345122 0.184894843 4.649279513 5.174166656 -1.915787365 6.343191409 6.122441889 4.727594228 3.658573222 8.630139646 8.776648427 7.729335853 3.955322440 0.000351714 1.223349944 11.475168454 9.054862027 3.853140667 2.360087226 2.673901383 2.166249565 1.422907206
-30.332272611 10.813439028 -1.034006685 0.596554882 0.404141670 0.636720415 0.274552174 6.712471328 5.636582219 7.009961283 7.784804720 3.072201949 9.920213243 6.823494748 5.491047164 7.135305507 4.528092796 1.409128816 4.786545869 6.940625909 2.024929202 2.188278198 4.652623673 3.559619730 -0.753876135 5.740747093 0.442302083
-38.578202051 9.839231952 -0.560047084 0.266062140 -0.499643245 -0.356255540 -0.743404032 7.592901274 4.512243178 -0.159466327 0.533041246 4.099954838 1.220784815 4.358020742 2.338527921 -0.271841117 2.856212984 0.130287977 7.557073005 9.763546841 6.583830763 2.654743362 5.009175226 3.009130609 6.407052294 4.712273422 0.013413851
-42.383072347 8.685819087 1.624824274 0.778183162 0.043325374 -0.361838274 -0.511494811 4.514350210 2.497563428 2.483212090 7.813792588 4.067129179 1.863711296 0.131740110 5.909439192 0.143333908 -1.037012359 3.145491053 -0.064699357 7.346810318 4.755125325 1.248654720 5.716722840 0.021632991 1.885578831 3.567687255 5.672938859
-33.878903665 4.004854827 5.184645316 -0.643668531 -0.389431972 0.534374024 -0.385328384 7.227519284 3.395189238 1.736953669 3.085054498 -1.117638347 5.891097293 5.148843273 6.297536285 2.207218642 0.325778692 7.957725355 2.633657723 1.531395129 6.338144197 3.444421495 3.433913704 4.084301749 2.486559865 -2.807747539 1.576331203
-43.414069633 2.377266604 -2.048253781 -0.381416224 -0.364474162 -0.754265197 0.390850690 5.921443133 2.788097479 2.878806167 11.693827694 5.830238698 7.449584061 3.279434808 5.011298637 5.319399780 5.609479339 4.303370885 2.960075098 1.639435491 7.736775452 1.970582433 -0.506546702 2.460041367 7.055533911 5.946840598 6.288752372
-35.792451754 14.881761367 -0.941060752 0.132879344 -0.318344977 0.627909782 -0.697659560 3.512798026 2.120763101 -0.990704370 0.552677126 4.145627101 6.228021506 4.548758438 -4.608368519 6.262659040 2.569727618 4.659085587 1.631885875 -0.769865620 8.500641319 2.214478674 4.062193413 1.703606910 -0.632121307 5.600280728 7.023287495
-32.366827902 11.905394714 -6.958704984 -0.456688884 -0.508720913 -0.159984704 0.712069653 1.943563196 6.752184004 3.602846000 8.017387793 -0.041972249 2.266073994 -0.040598676 4.829134947 2.686512980 8.113902910 5.667399785 9.869377073 2.240903188 2.938340847 5.493977566 3.705719207 4.714201369 6.529519999 1.666145280 4.284538400
-41.307404928 9.030957855 4.860430053 -0.415633346 -0.708628937 0.517858339 -0.238572194 3.829592676 3.822505636 4.860915706 5.856350941 7.267435823 3.324850364 6.648080983 -3.849821378 0.172782158 2.263247432 3.849175417 5.550451161 6.353467218 3.332943324 2.780760200 -1.870624388 5.389564542 3.029831899 -0.038753722 4.062764168
-39.704486946 1.810243422 -2.082103541 0.312245972 0.054293324 -0.460736170 -0.829021634 7.060242089 5.412377036 0.987563346 -1.595454632 -0.467869375 2.736944164 2.819504943 3.400993327 3.932942457 8.942117430 9.086528962 2.419932938 1.650872747 4.839774061 7.747747615 5.421424683 -0.475697545 5.249159748 3.705794898 1.524766963
-47.060557376 8.404739215 -0.378856263 -0.618968967 0.662845981 -0.106455478 -0.407651633 -1.498614918 1.905998861 3.471170525 7.021527884 6.896307835 4.298748311 4.422556174 5.530642983 2.269757197 4.354110929 3.229879485 -2.750857600 6.706505656 3.528233296 4.268904378 1.506977022 7.573502651 4.044091675 8.353698283 0.503759464
-39.132998972 12.874893685 2.342155053 0.300396003 0.725951771 0.607630251 -0.116369003 7.245186867 3.600247402 8.684699662 5.880169150 3.364287595 -1.520939014 4.088815818 6.253202699 6.756015625 9.178343439 4.337628185 1.626463066 1.973178629 3.203377720 7.380308016 2.121390853 2.298863350 4.275013592 7.775157646 2.236084496
-42.436081613 18.688337912 -1.285234042 0.063681052 0.275597369 0.786491692 -0.549018791 7.996825747 -1.076988497 5.334472247 6.391583819 2.815328771 8.712154815 6.456827700 4.131964510 8.145835120 4.001030632 0.944239660 4.258570109 0.784480567 6.755297081 -0.145876145 5.297482237 5.215650595 3.078818305 3.522757780 2.657500364
-38.688047309 11.780919952 4.461420457 -0.432574826 -0.087794032 -0.777763667 -0.447498498 -1.282521614 1.570988778 3.788425480 0.877310461 8.565939272 -0.561081643 1.485610992 3.373910222 4.125468601 3.393903504 3.347429472 4.552842412 3.471042690 -0.503531869 -0.463053523 7.186955898 8.824729362 5.911561644 7.602744186 7.218752069
-44.015221523 7.117727781 2.702951343 -0.781110647 0.485070756 0.182745062 -0.348104527 4.507866349 5.581408586 0.738384266 7.632973693 1.605173812 10.739774110 -2.504173979 3.696358682 1.422073895 6.858023730 2.032456450 2.215993699 1.329072778 2.130180442 3.328661443 5.672214897 4.275524513 8.451268796 5.061589516 6.188737597
-32.541470097 14.153732744 -7.020145685 -0.010589518 -0.619634469 0.350614207 -0.702147182 4.448510706 6.343569473 5.800007754 6.384651846 3.680963880 6.596336654 1.911106695 4.834022895 1.031659783 2.860282806 0.773078439 3.406906358 0.988678064 -0.582484251 2.819801734 8.977351963 3.616067942 8.337665021 5.981032317 1.445557556
-35.537739365 15.529993074 -3.155790268 -0.343023237 -0.189182957 0.780266164 -0.487575206 0.835654510 1.157532944 2.335414700 2.316849785 7.671240525 2.635179809 10.270289426 0.325655325 4.736876295 6.997410012 -0.886572114 13.252159401 -1.579319508 6.317518605 5.597724507 5.302029252 -7.031100005 1.318943259 3.730278619 5.711699728
-39.475495110 16.822557185 4.213907922 -0.750820391 0.409549506 0.111558932 -0.506055874 5.828895598 6.599844772 5.253737137 0.416147060 4.869658687 4.476493590 -0.095419235 8.457444643 10.047175089 -3.147545870 4.119394484 5.099456300 4.775755533 6.045790893 3.334369617 7.847195550 0.174896332 1.469621397 12.459531411 6.062055660
-29.885984090 8.918328294 3.268960889 0.214193455 0.619374499 -0.549018672 0.518724292 6.966639388 4.477201773 1.791179740 -2.610003849 7.137029047 12.956143857 -1.917545447 -1.866158141 1.232485617 2.390027762 8.987750796 5.729849484 5.448142343 4.110997603 4.702519293 9.490973684 5.394465316 6.025803306 6.101038448 0.125985306
-38.938127186 4.430159105 -3.359296448 -0.007442313 0.683257533 0.051895628 0.728292935 -0.675006671 8.363729050 8.450432764 3.704152819 10.121621034 5.766238353 -2.157309325 6.769466585 8.143304843 0.573910961 3.973116666 14.534513843 2.522214318 -0.923754255 3.171481663 4.121204952 -0.680478973 4.102946045 6.368450091 9.069612565
-40.780481694 2.973881406 -4.734782740 -0.387432003 -0.038075224 -0.808108269 0.442049484 7.453969967 4.543349286 6.218471979 6.774597520 5.236607349 5.114832385 6.693050670 3.657265116 6.200769237 9.517869780 3.743055816 -3.508171759 3.921956588 3.977767245 2.718360863 5.159701582 5.616765636 6.518155334 -2.859121074 5.944407187
-39.780635035 12.998199797 3.229217645 0.609996150 0.014501780 0.673277360 0.417602672 8.884327059 1.636189101 1.546130460 5.307360182 0.599718003 9.116581536 -0.987843946 7.381060612 2.243855829 1.436875879 0.037092010 2.513383231 2.711500025 2.062344312 0.830040498 4.115418323 4.614639809 5.080179686 5.067471840 6.899516269
-37.438482737 3.163462783 2.054905065 -0.328362941 0.413455023 0.484742394 -0.697321687 6.084075816 4.498706297 7.387426710 0.109778628 3.064360657 6.778075298 3.699062577 2.310741341 8.657687246 -2.845472735 7.851799410 2.821977435 2.766600314 5.193080156 11.516830953 2.835744332 2.121652805 5.269682140 7.203510806 -0.312875442
-37.844579562 14.376358231 2.440509534 -0.471108736 0.305942103 -0.785449222 0.259856708 3.781185266 2.041579207 -0.107392198 3.471211876 8.901413493 7.498492402 4.021871417 6.654829080 2.365142881 6.425397188 5.909309304 6.333746434 2.715516983 2.479967054 2.832837239 1.268762698 4.082240785 1.494499216 2.715672483 2.446782613
-47.530807872 11.683898795 -2.615247833 -0.214091725 -0.135661371 -0.155045095 0.954841214 9.824259838 2.509767559 2.818007572 7.878983897 4.843207436 0.831956861 7.528183693 3.286726671 -0.657409233 4.813944571 9.799280339 -0.665866659 7.176797860 7.920869473 0.384548643 3.943413728 1.507674996 8.375738205 5.129050283 1.765105846
-41.836211635 13.409613100 -6.852872044 -0.870904110 -0.007508850 -0.231444153 0.433478087 1.480432258 -1.045967207 10.457433296 6.096744363 5.068579265 -0.229320175 3.638394245 5.138114182 8.524170966 2.921999512 1.647764687 1.871930729 3.551524328 -3.519456259 4.033858201 8.899925514 0.769398161 2.478939675 4.505543063 1.283655083
-47.037774924 10.833185399 0.423077068 0.823632303 0.510976439 -0.224598715 0.100440658 2.568886177 4.225177935 7.027562751 1.548033597 3.066624454 -0.233675854 3.475940880 4.971044801 4.145452617 4.036550738 5.062402711 10.818655392 7.798517203 7.420135267 7.207277382 4.669610168 4.958738790 3.436741316 2.738663731 6.451676421
-36.983605342 15.032612350 -8.774044550 -0.077425686 0.961090053 0.263796499 -0.026880837 4.274113248 3.943664432 -0.243541790 5.597913129 5.525998759 1.230785809 3.901007282 5.385759082 6.213347743 3.909134046 8.124997215 3.274936407 10.166153330 6.208652562 5.349952818 5.026617497 7.675825606 -0.845504624 0.334802323 1.788945490
-38.310756191 11.340497740 -9.659232058 0.625421773 -0.415169059 -0.650181849 0.117242573 6.510807721 2.738886775 7.266486207 9.290524941 4.317662874 10.720268117 3.113997836 12.158571358 1.823305007 2.995585699 0.096557898 6.452004127 -1.290999026 -0.360466682 7.977074594 6.913219073 7.277240842 2.531057952 6.616177390 6.566990586
-32.811737405 11.186811719 -5.791189933 0.000254678 -0.060273143 -0.997389875 0.039755772 3.839392611 10.013843999 2.315858019 4.215268642 12.453780559 -2.923234262 4.101221923 3.032420287 3.868699586 4.873698542 3.659366820 4.967709484 3.227567437 5.651258016 1.209422775 2.738880439 1.796113980 -3.214993076 7.204371280 3.137222532
-31.839099230 8.054881732 1.586218184 0.683288280 -0.322205955 0.102767852 0.647100624 1.918636419 0.943009693 6.559128834 7.107327847 7.175877987 5.112936188 3.699688215 2.662653669 1.488880192 7.668067470 4.775666702 4.054013425 5.398764987 3.531871316 5.800331112 6.180729996 5.483531583 0.930467851 -2.425915012 1.906725842
-30.572620078 4.955788505 0.489459214 0.208047539 0.009568085 0.929758502 0.303601386 2.104945351 -1.293612339 11.158183931 6.414876105 8.043988324 2.041206508 1.077334447 8.739217235 3.444140552 8.098004997 0.951511031 6.606596742 5.835935924 3.666571994 0.211521316 2.393175430 -0.648790693 3.739724692 -0.150652767 3.117735029
-42.859964464 18.307865396 -1.837716007 -0.075397802 0.244106621 -0.964896342 0.060845536 1.115276424 3.723647650 7.757067032 7.942429332 3.394437970 2.645112285 4.046965292 5.706942642 0.596177138 9.349954538 2.829695245 6.640253793 5.376624222 1.151650223 10.144808476 1.276784691 9.471982865 1.254725990 6.261538657 -0.422407498
-43.131349071 9.630820644 -7.891124753 -0.317868511 0.631847471 0.706279558 0.029959439 7.386636238 2.941428994 4.369344328 2.753226733 6.008584418 8.278626133 5.617421774 2.829441731 8.068409375 4.341873245 2.991082915 8.513422332 5.113942151 -0.214085343 6.870174857 6.943113969 6.567086420 -2.373458466 4.654523750 2.855602132
-44.206132107 10.896841679 -5.242425988 -0.423806442 0.622938305 -0.470445265 0.459366107 2.791442861 7.898331087 5.874345189 1.563226264 7.084009653 -0.942025367 -0.709218598 0.551387482 4.842366686 1.107238040 1.812288961 4.121298031 0.976514231 10.750399209 10.374270530 0.552946692 4.392380196 6.982533408 1.322525318 2.630229285
-47.151824002 13.656376157 -3.423660497 0.005122400 0.205396076 -0.976330006 0.067571684 -1.024555988 4.066662236 3.474000604 6.772108933 4.485369156 7.192025050 5.561869916 3.467192001 6.171321216 5.715918255 6.915334789 5.453323838 -0.782145538 2.015429160 8.180250144 0.594493932 10.731239964 2.823156839 3.101014131 7.623056193
-43.058242259 4.497901183 -2.235233262 -0.912310084 -0.111474872 -0.194631452 -0.342610948 8.232734825 -2.165297681 4.187807796 3.349199086 3.728363086 8.213535771 3.790137581 3.949437453 2.046118850 2.792296971 4.598233589 -1.612344435 5.432011095 1.491450685 1.167333721 3.535708781 5.643560577 0.731214301 4.487536279 7.673909029
-31.605749179 13.401434640 -6.206500499 -0.699222366 -0.586906215 0.407335795 -0.026584346 3.905222000 8.020790019 10.500027346 3.270415340 1.057360236 8.459713344 1.846046992 5.576296852 4.346148142 -0.487990985 5.486635681 2.048326204 4.195606558 1.828582722 3.044236385 5.024227525 1.381271655 3.616456501 9.452371047 -1.810193209
-32.340443609 11.664845740 1.032047691 0.372431424 0.360403543 -0.824267536 0.228006908 -0.501609413 2.659229942 4.272245748 0.908300084 7.686056936 4.347311526 -0.012924831 6.046671920 2.878773165 1.520165050 3.448577576 4.572856876 -0.826737104 9.612608285 7.657505641 1.364354904 5.138189677 4.991107356 6.224399226 6.303536307
-44.261329070 16.155562903 5.504471084 0.380747089 -0.454501908 0.804117521 -0.043066012 -0.317981618 7.097156625 1.102954072 6.391769486 2.873858830 6.279984263 6.923689614 1.444095774 4.307139297 1.501880771 3.656597975 2.778920075 8.576469638 7.303416110 5.969526713 3.050713098 -1.224515316 1.057666602 2.160522271 9.555964459
-40.607368969 15.681461475 0.083450795 0.466716833 0.878798602 0.078936374 -0.060476974 3.087037965 7.111117641 0.860558301 6.495179053 3.204442767 4.864820155 8.029334151 5.396219385 3.927409354 6.378263848 2.246810295 2.727671765 7.792253964 3.174889948 3.086386850 4.074543053 5.450246847 4.359375511 0.634475115 2.197820811
-43.314721826 7.776898473 3.589893577 0.918369255 0.024541039 -0.228375016 -0.322242922 0.432021685 7.018479437 6.569720212 3.873047992 3.454477003 10.765482788 5.773989297 9.344732915 3.421345591 8.203976800 2.825535958 2.726430526 10.110986043 -0.817653049 0.608431210 8.568951947 3.483902540 2.605732482 11.193227500 5.688646273
-41.165358414 14.192337116 6.115834357 0.451523700 0.435234930 0.169038766 -0.760343869 2.911810234 8.246266908 0.989068769 2.193880141 -1.512183941 3.630416601 5.022964638 8.686861530 2.940904037 6.607386641 2.919339913 2.033077623 5.508498915 3.014649427 -0.385936971 -3.055028503 0.811473707 6.054867940 2.832986035 7.590605042
-40.269219981 12.943388907 -9.391616937 -0.392668982 -0.335842673 0.686391658 0.511749217 5.113531632 3.262435951 6.238015521 6.893781576 6.501201246 8.616394977 2.811573637 5.094612810 -0.104050274 4.927141770 2.957203201 6.478893658 1.983905289 3.781819509 1.032915154 6.486235006 4.507336248 4.086888324 8.377659380 2.111582922
-38.391800910 17.287884658 -0.065324362 0.326030621 -0.585883377 -0.520164985 -0.529030331 -0.997668086 2.794727886 0.130934056 5.360375076 2.640960397 8.663647732 3.796074089 4.757902246 -0.096684904 1.875149615 1.814111072 4.129205759 2.929178279 4.741245628 6.687724958 3.097327118 6.101812677 -2.235694253 0.996957110 -1.109884765
-39.738336239 8.863926164 -8.333439904 -0.085316919 -0.229844102 0.245930414 0.937769131 3.454596758 2.970985677 1.066577139 6.293586206 6.742121880 9.209571333 2.640777652 8.148403422 5.834529365 9.529905248 7.031565835 -0.482039724 3.013809685 8.327000729 10.205960349 5.938990875 6.489359807 2.124336540 -0.626186567 3.984039148
-37.069748084 16.489894315 7.276483090 0.984330917 0.090816487 -0.092389990 0.119620659 3.427101989 3.092363885 5.058569280 6.961561889 7.806646151 7.834538357 4.245082243 8.546551455 0.495340174 8.056731598 3.673196849 7.058392499 2.682483771 0.312741529 9.127652464 6.213043980 3.933274570 4.429861618 4.799102929 1.810663770
-44.954990667 16.845929339 0.747445943 -0.830123910 -0.553542242 -0.044963120 0.049634650 6.486808161 4.805895083 1.714779586 3.206498692 5.239752800 2.705645327 3.147504221 6.515079814 10.005009603 1.573511363 4.027428220 2.017155380 4.638345655 6.073453045 6.363400208 1.981965820 7.054254656 5.122873480 2.356971465 5.624737899
-39.900278358 19.300876032 -1.549875628 0.350049525 -0.020842614 0.508549538 -0.786389397 8.313276990 1.917646472 4.923729191 2.362613388 4.115320017 6.104325938 8.448577808 -1.012799107 7.756187699 5.336596499 7.739862017 5.442065900 5.731092335 5.714495074 5.676046201 4.589242428 5.297380693 5.275252942 3.636718301 1.033326127
-43.320528397 15.597833740 5.227618958 -0.865717482 -0.319255287 -0.365575073 -0.122328122 3.796250353 4.743724792 1.077284659 -1.618918370 4.752475510 5.367793273 6.538551460 8.269465525 5.329733311 5.915738727 6.737057171 0.989082461 6.092641408 6.206989935 6.157099790 5.122110046 3.390506975 2.918422873 9.883746239 4.222210436
-33.455284193 2.300485114 0.170256889 0.939676919 -0.034005748 -0.208737743 0.268848382 8.281419945 4.939628992 3.877479057 9.704922733 1.037714010 6.978575216 0.587667713 -0.096625283 2.647082017 7.229001901 2.880703872 2.560799368 3.155802966 1.321878244 8.765819837 5.996183356 2.719656291 2.982138300 10.008984711 2.338317633
-38.684694861 8.479866747 -9.362692682 0.900765007 -0.337893874 -0.170681896 -0.212879831 3.916196103 5.968184386 5.915232789 -2.025961180 3.986628472 4.586644623 4.335270075 2.356530715 4.461236617 6.304876645 6.487736236 6.749564455 4.156365172 4.853261881 -1.183754970 3.560814873 5.349121804 -1.079897252 1.356717245 5.486072877
-40.328684260 8.457003409 -5.529789628 0.238819370 -0.125020315 -0.605606541 -0.748716199 7.758506279 8.975791863 6.421513650 1.340340466 4.222250642 0.414927044 4.896728579 5.667899604 4.413036015 5.420562769 4.054938247 -2.161778812 5.469516147 7.133997529 3.813858226 -1.928594755 7.823386238 3.028491485 3.330203839 4.896596931
-34.597494460 18.619661126 -0.871017228 -0.851775964 0.507036255 -0.116922540 -0.061000514 9.241552352 4.356684031 7.371833239 7.005032462 3.484027870 6.720700046 4.806470489 -1.293868601 2.166602715 4.763640886 3.141842085 3.885462175 -7.277216668 5.627396641 1.876002775 7.141676083 3.737954172 2.441202885 8.862849217 6.562468153
-43.381480740 17.456171216 2.195135536 -0.197969754 -0.119442633 -0.431456080 0.872001769 9.276567541 8.821976364 2.499550172 8.513319529 7.833808042 2.778872122 0.167447964 3.894114674 2.972492123 0.772587106 0.551594514 4.448478916 12.336678455 0.312230585 8.577424010 2.045286846 1.895374456 3.527965773 2.807078277 9.290278131
-38.318693606 14.758773621 -0.496472205 -0.715714607 0.253683494 -0.499820146 -0.416625860 4.359080884 2.400154853 3.020254516 4.976370632 0.873781364 1.236159500 1.446270466 5.018369183 1.582526790 -0.240595986 0.191340641 8.647744962 3.529034837 4.372555617 4.257620349 4.572900071 4.271078919 7.007760991 -2.191917924 4.386407731
-34.143286083 14.029712237 4.999043313 0.346937501 -0.893507025 0.179417760 0.221559999 2.600518149 0.981267510 8.420011486 6.717185270 0.294972389 1.989820564 1.933081714 5.451350486 3.097343726 3.816017774 3.748726796 10.406364106 4.106444645 4.491815050 3.714114811 -0.693565465 6.469892870 2.511445947 3.353867064 1.714643530
-44.450793777 13.140049261 5.143053740 -0.219571072 -0.584144759 -0.752306100 -0.211184699 2.164050761 -0.456616035 3.844706102 3.151136297 0.346735017 15.429546860 0.927769805 2.864667689 6.934627272 1.742514915 2.005032673 0.737210824 3.121221212 8.219422698 4.064707507 1.247514837 6.727039748 3.815777982 2.271437197 8.999328505
-32.680273237 11.410130776 -2.174212774 -0.157488998 -0.005363618 -0.747826793 0.644921340 5.186061789 4.542585076 5.212259709 0.954956125 5.279071195 3.484234728 0.914270269 3.511642788 2.219190596 11.416269572 5.181299075 6.429168555 2.413316254 2.823254827 3.112807099 -0.486496841 1.143576234 2.479889784 2.640304786 4.750216102
-47.166233923 9.918178529 -2.408684519 0.163687702 0.233770782 -0.083415246 0.954777175 0.487119161 6.181655852 4.998010469 4.395953929 8.051251674 7.233001039 0.290616007 3.379658880 11.320490006 4.003702176 6.052105582 2.455052614 -0.013943239 5.245365444 1.718720597 2.739707140 1.549094327 6.508367474 1.846107289 7.500582125
-38.767061105 7.851633012 6.246197679 0.447638308 -0.708207829 -0.356435836 0.413539733 8.170998890 4.199539298 6.972028645 7.136615898 0.907418079 5.359518348 5.230756787 1.238281197 5.645743410 6.601086092 1.867873165 6.882483790 3.830327276 1.231445262 4.525271833 2.407680436 4.963049091 7.167535305 6.104620906 6.344551267
-38.751097851 7.625785018 1.562223317 0.661011516 -0.418151567 -0.206195232 0.587959666 0.702205607 2.401259986 -1.240275601 1.013508305 5.852878308 2.756490006 5.105090893 3.809775131 7.785936126 3.546301431 4.225073341 1.797983094 4.023978861 0.759542138 1.260692191 0.887220134 9.266873250 4.529007109 3.547335746 3.065886258
-33.473920271 14.310453196 0.741637841 -0.216634279 -0.135191551 -0.341506240 0.904525468 10.597199589 6.969571489 2.620636553 4.958662952 3.153564450 1.743197794 1.716092964 5.054007911 5.767999736 -0.022367888 4.406826280 8.717066229 7.556059659 0.826982376 4.341029111 1.935284854 9.970997226 5.242793782 8.624829156 -0.202681602
-36.774568192 9.749447772 7.696898228 -0.648704719 -0.144668140 -0.647523044 -0.372783079 0.343812364 4.322389247 -0.491850075 9.949808700 10.114347104 -0.642598970 5.677542033 8.889798627 7.081777039 8.017802055 3.508712090 3.902346454 5.965800482 6.657333611 1.379118770 4.837590085 0.230747161 3.370766029 4.023741743 6.147091368
-42.524575204 10.482171033 -1.932869232 0.830193827 0.297060128 -0.094257641 0.462221795 1.222712369 5.468738507 6.164057405 -0.515206727 7.258589694 6.192817913 0.124681657 3.568781866 2.020505122 -4.318594699 1.749707682 7.537291507 -1.597087230 0.511759319 6.543147683 -1.497616081 2.416194948 4.228395301 2.763371943 -0.416018760
-39.730779077 18.568729764 -2.778594665 -0.138314259 -0.579544682 -0.270652026 0.756137956 2.893298140 4.105124253 5.333135136 10.985218851 5.591108691 7.006560025 11.180503276 2.474539977 3.539621261 3.583418581 4.363417579 2.048733944 7.798039921 2.858261969 6.483202054 2.190055566 1.879091136 4.769585023 2.618954046 4.442461469
-40.650310010 8.978104391 5.192743066 -0.920172580 -0.297332916 -0.094303906 -0.236605862 4.495948515 6.268892782 5.890804014 1.664571094 6.484766095 2.210819155 5.514241898 6.001009687 4.543268958 7.380839291 4.031452122 -3.039353460 4.972237162 0.233466297 0.182817151 4.948141251 -1.206154710 7.284993530 7.733501246 3.984288333
-36.138867652 13.662508801 -6.058066079 0.194333130 -0.013323961 -0.168670266 0.966233640 1.903530388 9.387954236 2.527269569 2.631748712 3.303112601 5.747735279 4.911889163 5.082692798 3.244568232 4.587465149 4.040548132 -0.987039256 2.217615272 2.622230457 6.960321838 6.111072653 -5.069843931 -2.543090670 5.620231513 3.742447083
-41.626207858 13.107797257 7.567943588 0.291542009 -0.682709850 -0.039020441 0.668870633 2.586680714 3.794582074 2.619180871 4.860807159 4.823168431 1.560288882 -2.067327342 4.356851467 -3.762593498 5.209035561 6.594194436 0.961322428 6.073015646 5.665394024 -1.353987828 5.145138944 0.479938481 1.076427177 -0.266088724 4.380553521
-32.539353532 6.323437660 1.877177300 -0.244208374 0.371068059 0.895113746 0.037975611 9.312595874 6.963335714 5.309396404 8.354668847 2.576942627 8.319800581 3.409950905 0.122720318 7.135201750 3.516986915 5.156988562 6.394443318 7.306881300 2.753530971 3.254904146 6.587716319 4.167835008 5.627068007 2.414098155 11.093444937
-46.063997471 9.333910841 2.950480905 -0.203511497 -0.580970512 -0.219026352 -0.757022979 5.707257046 8.183572231 3.502058672 1.885044194 4.188003575 3.849085966 5.418446418 4.367545502 5.564072537 1.812551027 0.640118322 3.083772645 1.166718767 0.803716671 10.452796672 7.459526539 4.933785056 5.186082249 2.346822923 9.102424369
-34.363087011 10.862840720 8.449462396 0.427765884 -0.871663826 -0.128764248 -0.201589410 2.548590858 4.941526257 5.696186003 5.867732705 5.715218926 3.574470134 6.913500969 1.779190505 7.157083973 4.050478094 5.335918814 -1.444678771 2.763409055 2.015445045 1.048792164 9.226427962 0.138486368 3.384465356 2.176170666 4.228908366
-40.744299146 8.362671104 -7.171377080 -0.128128993 0.771723802 -0.506717690 -0.362301693 5.299677080 -0.838356206 3.272556289 8.351637300 6.020202130 7.403456568 4.851255560 7.981656772 4.344456112 1.989814142 9.657321283 7.442804706 4.915078784 7.755115843 -1.245676913 0.986338415 4.726348785 5.182359781 12.157822884 0.895480788
-37.745298912 18.868946656 0.791886622 -0.277010100 0.159629239 -0.144260744 -0.936468231 8.573729989 4.248166111 1.414531677 0.635907154 0.746757293 8.259169770 1.972970722 4.868911929 2.870622066 2.101275556 -2.487396305 7.889569708 1.086799184 0.603342081 2.638556616 5.718494418 3.485100643 2.952710343 2.487409768 1.576909252
-39.711808060 7.506221623 -0.543895467 0.901563116 -0.156564108 -0.255674481 0.311932985 5.903705758 4.089423823 -0.250524500 10.761747890 5.697866020 7.336583690 3.406900880 5.512053355 0.724634543 -1.389181874 7.399790865 4.057034737 4.681065898 1.301029840 1.166182408 5.967374625 0.824740511 9.095417467 8.266989036 7.580596654
-30.747142845 11.706105148 -1.291859661 0.236457081 0.296385654 -0.308917063 -0.872246434 6.773282457 9.072158321 8.267286117 4.997195702 4.083269132 6.828280819 -1.157189513 3.738729138 3.169615085 7.305558248 3.779511028 4.277783187 1.258285926 3.435985113 5.724644224 3.025472012 5.479613092 6.093081534 7.527727289 10.761249648
-36.919294242 4.639298166 6.426771645 0.705486981 0.264729622 -0.657374741 0.008049617 4.552916541 3.563054708 1.335027657 9.278447642 6.043689896 -1.135311782 3.712222971 4.837551370 5.098721308 -0.515814232 7.265439490 5.507064923 5.769937293 6.438618411 11.386674246 8.584538194 3.622879106 4.542473640 9.682234043 3.497071781
-29.731789347 8.287575042 -3.482848114 -0.063735070 -0.656254207 -0.113487573 0.743228651 8.604740914 3.863486000 -1.010569470 -1.846337112 5.112886409 6.439126740 3.378024349 7.169668261 1.875648968 5.526564500 2.005683752 3.967938419 7.321508310 3.434087100 0.325919514 7.957803851 6.817847482 5.792531137 3.754835283 7.058525846
-38.892890691 17.539540732 -3.885715809 -0.874811617 0.314292521 -0.229873107 -0.288241566 4.972093050 4.934497299 4.068232734 0.253377680 4.641742440 2.968395892 0.931894561 3.368016457 7.818806090 4.543446500 5.047107750 2.502786785 11.556318915 3.631148215 7.529325949 3.891095676 7.576353710 1.792820615 10.299387831 7.095742440
-46.635927892 6.682623862 -1.665158513 0.845123518 -0.069329140 0.415100489 -0.329622957 3.669365804 6.814007763 10.145447551 3.188166922 6.462018029 2.205086079 -0.371485574 6.617778236 0.638319595 3.093984760 2.239600677 1.053268720 5.659405938 3.062652396 2.202242551 8.600303259 3.872044279 5.640896182 4.631392698 10.125968119
-44.024032642 8.823127546 -6.987221433 -0.001837849 0.204595264 -0.128153374 -0.970419555 7.877380888 1.636628965 0.106683616 9.780200106 5.000908187 3.285891571 1.009934115 1.025989383 1.858227900 2.539024398 3.311169287 4.436367932 5.438607714 8.186538401 -0.710923643 4.550806017 6.022352860 4.309066478 -2.769700325 3.380886297
-46.047926330 14.941571338 4.058893589 -0.468571341 -0.354552516 0.805417332 0.077693838 -0.142942816 6.447275688 2.949483762 2.167736423 3.297894775 8.177720562 4.047823871 3.834826739 1.720297273 0.100183611 6.541355128 1.691618419 5.460636899 5.775461459 1.708959846 2.272307845 5.767203283 3.297798768 3.692291634 2.205758308
-36.935978196 14.779032257 -6.206111232 -0.288778441 -0.514593858 -0.200346113 -0.782087980 3.141113739 2.719731622 3.961525732 10.238743967 1.546641949 3.958145338 7.997675680 4.160868667 4.293582290 6.106163782 7.030223773 0.864878562 5.081525336 3.790095409 4.841531606 6.618640007 0.573205562 -0.511480174 0.584679754 4.071656184
-36.960123580 4.874825288 1.188317933 0.205780645 0.948131837 0.237977886 -0.045462849 6.678070680 4.232095669 5.206626756 6.827734882 3.340910206 7.104457303 7.563227053 0.140316482 10.648129963 1.587809993 3.832185189 6.765441352 1.984486860 4.675425342 1.472705563 4.078626836 2.827192299 4.780098410 4.412024847 5.851041221
-44.287417930 8.499491598 2.913066832 0.139990456 0.136085943 0.234195487 -0.952384251 6.037998249 3.404335167 2.789549451 4.875392308 2.053564927 1.958484898 6.008424624 5.493976746 4.838630017 1.869479317 3.479709607 1.271776533 2.258896502 0.451627749 -0.335297863 3.220274209 0.053793279 8.821158947 0.978214972 2.907460934
-40.025386852 12.204519991 0.061280801 0.305523844 -0.838557978 -0.447500892 0.056733150 8.107218967 -0.296400807 -0.180432488 2.780898277 5.397819626 7.305760396 7.664499304 4.394089289 6.037617630 8.314572980 5.753869996 4.248691419 0.044584447 3.046214146 4.744657202 5.770260591 0.218511809 -4.961278476 2.623602461 3.120885041
-32.880498017 6.720649945 -4.138402850 -0.213085738 0.547935389 -0.672153963 -0.450078135 9.315786338 0.396428500 4.564914533 3.996419662 5.015564720 3.054492087 4.010015035 8.155324533 5.093247949 3.875999129 6.538047962 5.197430885 2.143063599 3.746456464 4.912552120 4.828937751 1.329717924 5.794676775 5.384047846 3.487508947
-33.137728963 14.771332296 -7.483764886 0.112416757 0.393750773 -0.910859444 0.051554579 7.215578599 4.160892112 5.034423981 0.885837345 -1.902477702 9.888561251 3.982019964 6.532397111 12.376884236 -1.151225278 4.055170481 4.442306203 -1.290537379 8.215880623 6.339993450 6.300055447 4.807697136 6.997515081 1.918491844 0.278773061
-34.295586218 7.800533632 -6.068398329 -0.715176308 -0.178955087 0.498412933 -0.456160579 6.877535364 3.462255224 3.148629707 7.377191489 2.370574364 -1.714592747 -0.074536959 5.259324488 4.557207014 2.882310825 4.696971817 2.832498753 4.152252223 0.690522374 6.571670130 0.678637734 1.615920707 3.946987941 3.494729856 9.870498804
-35.430757624 17.260433109 6.249479907 0.965030902 0.227040366 -0.075810151 -0.106868386 11.574108405 0.840800328 2.635997969 4.119926129 3.214813411 1.734148919 4.872515617 3.857826666 3.008511900 2.643376284 1.877187646 5.486984132 6.436950642 5.196893802 3.181226580 1.547990961 7.196525660 2.338331253 3.974854208 6.092889045
-38.506781674 4.946039373 -5.517954750 0.781555883 0.384867912 0.419133077 -0.255684484 3.734007561 6.338761900 2.121713790 2.260570005 5.493284591 -0.628945589 3.695065471 1.493822758 2.846412306 -0.614976197 5.513677734 2.365582926 9.173234844 5.632196584 -0.003050882 1.947326707 1.919287461 3.441263438 0.882795253 11.295672236
-40.219682681 10.152361594 -8.181036177 0.847313008 -0.146521355 0.278359908 0.427911113 5.133550828 1.160145222 8.467740367 5.422133655 -0.295887799 3.698848075 2.907435523 9.359091183 0.044381039 6.580111323 6.496660432 4.169794182 0.591398869 3.624967595 5.311903105 0.763600553 6.704486128 4.932825615 6.230994796 3.039827599
-41.597875964 16.741568309 0.683053180 -0.472603416 0.053511055 -0.701431830 0.530825740 8.163592204 5.707399113 5.051066148 8.316328178 5.535745262 4.606969933 4.639149362 6.791724056 3.481845254 6.766829529 5.783894889 4.181271118 4.064407896 7.194964433 3.401525590 11.681385873 4.785550550 7.358726651 2.768976973 4.160815805
-41.251580337 17.042230476 5.924916184 0.682583726 0.639916742 -0.350718948 -0.039777381 -0.554771991 1.240435036 4.679821020 7.131619606 3.237023453 2.194643530 2.386615112 4.127161887 5.520902133 4.913107576 -1.050933326 2.580449822 8.088320818 1.931783817 6.145494807 2.348037966 2.828805039 10.337738128 2.738987707 8.481949801
-42.626222104 8.544350897 0.304641202 -0.706611308 -0.597763238 -0.139902469 -0.351862004 0.592451520 5.843618942 5.530425570 2.068289440 2.704029195 6.500750338 8.829453396 6.511321407 3.630053288 9.154929702 7.354210010 4.029850034 -0.481412861 -0.131057972 4.423536986 -0.017264005 7.606913958 0.261339825 6.802175713 -0.003782020
-41.198650615 15.138430291 5.671694524 0.622936524 0.571547295 -0.391414243 0.363426287 2.546104342 5.199938335 1.539441757 -0.006134843 2.741081610 3.461174895 9.495453796 2.951457422 4.178221723 8.100402268 5.759256864 5.837056067 1.289911534 -3.325006378 6.397527608 -1.163771425 0.702664305 1.384398562 3.824466914 2.997178419
-44.736854991 15.419630763 -4.485349856 0.749275530 0.641530402 0.072617309 -0.147484404 2.409802901 4.516922497 7.584097418 4.428176512 4.855961170 6.500527970 -0.412948503 2.927520184 -4.500896718 0.222540004 8.405745967 5.294418273 -1.198532586 9.956406035 0.863909466 7.029726693 2.240025621 2.856992447 3.824956719 3.138751090
-37.293269357 14.681148239 0.234653641 0.959242956 -0.262937679 0.103052510 -0.009844182 3.176052221 7.443273538 2.712111195 5.869805714 3.446223123 4.071893750 4.482047611 4.979352999 4.402109959 2.209762949 2.782699836 6.157654537 3.002951499 10.079317787 1.006458331 1.710854313 2.773249704 -0.129373953 1.001409182 5.383236136
-38.786921983 15.973234940 7.025046778 -0.024317317 0.953867780 -0.005765469 -0.299185036 5.325759719 5.908264997 1.511498611 3.026397417 3.897005942 7.570608195 1.805948692 -0.023174620 1.662856145 5.585297509 4.384662599 0.852866797 1.379270805 4.219988055 4.264729013 3.999395656 4.361742163 3.411124287 0.049683806 2.971239306
-37.213559928 14.273539329 -8.892143643 0.881408331 0.371454476 -0.182489528 0.227680692 2.896123162 8.621661826 4.572516255 8.045686162 1.856351159 0.327052195 8.354212131 8.129527225 0.986582304 3.266192766 3.668125780 8.827205632 6.283927654 9.026413643 -0.003323051 2.350799627 4.128057902 5.778072000 8.233478436 4.085977659
-35.075742310 17.760524768 -1.181635739 -0.691737583 -0.629887290 0.350483053 -0.043620504 4.618428355 -1.067799899 11.714110950 1.720602800 2.377394456 4.988281294 3.314538601 2.864957127 1.455546720 6.309990273 -1.459035223 8.298953965 7.713728777 7.336349608 7.652091294 2.323379935 6.722277611 1.064219706 1.252383520 -0.002751763
-39.458638841 6.024193627 7.371536471 -0.718934531 -0.050737438 -0.608432209 0.332218450 2.238402462 6.016695827 0.651126087 5.315988656 4.201822958 6.593125047 4.378254417 2.414690420 2.957124693 2.149191045 0.730103261 3.307818467 8.122306862 8.726966781 5.273665922 5.964576824 4.113579056 3.497308879 6.378120225 4.826344072
-32.619087275 11.545306159 -3.534876830 0.382540050 0.143006713 -0.813760762 -0.413528248 4.003775329 5.279022934 9.996326031 7.922337735 3.083527413 5.755156522 -0.132600809 4.525334428 0.629471410 6.062741348 3.504165893 7.632009371 0.271170989 5.612479956 3.926894158 7.495079845 9.440619130 8.033490521 6.583999780 1.508555680
-43.218395250 6.476470678 2.562928235 -0.649658172 -0.395416321 -0.648226813 -0.037312076 4.387456638 6.500839083 1.132215403 2.109204019 6.361475034 -1.426634289 0.016504918 6.200656651 7.387943840 3.164392496 3.233097175 1.221078572 7.915954623 4.441371589 0.981343312 4.627548808 -1.182299468 7.371929538 0.148651389 0.604339933
-37.537452178 14.432799657 -7.275914539 0.204171578 0.513831904 -0.121056089 -0.824400488 4.462891087 6.566010138 -0.203166612 1.298948975 5.113811859 4.093815152 7.674360498 1.560339160 5.403787114 5.829927396 3.932681669 6.887704286 5.437387837 3.490284689 3.465985034 3.719183963 2.461932104 1.719002062 4.042274678 4.100009572
-38.594691363 13.352573402 -9.435421263 -0.080964150 -0.472106359 0.321818289 -0.816696627 0.749006573 3.185985280 7.291525002 4.112557770 8.047213926 3.411310598 4.875851608 1.893991084 7.770266702 4.332686860 1.146110800 3.701638061 3.674321661 3.546316004 5.511665545 5.146460776 8.498761701 2.325184628 2.739807562 10.447342730
-38.917158053 16.448471714 -7.735054433 0.397733221 -0.224338441 0.171309153 0.873002705 7.499636666 1.662000668 1.623554678 9.712900428 0.786220737 4.620168790 4.095269888 0.651268566 2.586430824 2.226011055 4.585752751 6.397471154 2.706053864 1.866401788 -0.361460025 0.836084115 0.648663749 3.516828265 -0.499512806 1.183940780
-37.030432062 11.046476437 5.462929913 -0.667002070 -0.591374929 0.352814646 -0.284439375 0.858815522 0.955343101 2.094498289 3.430247256 4.501731428 1.562698764 5.853431348 1.360889667 4.967536422 5.585885558 3.780740840 10.032925156 3.322656346 -1.498167528 5.016755720 2.557422379 1.288212601 -2.321492321 0.545852141 5.731134893
-34.803086771 7.920141703 -1.964256490 0.976049118 0.094976250 -0.151876806 -0.123454715 3.774795482 -1.034790118 3.431094230 6.710021618 3.017354866 2.526034227 3.401534165 -0.189944344 9.250575084 2.770425926 4.688891423 2.791698999 -0.497688637 7.131529570 3.900371922 6.941562985 1.999770950 2.781068059 10.161672021 5.865804065
-41.733757559 11.305133454 -3.770009102 -0.590082901 -0.758769744 0.003674534 0.275784596 7.838804016 4.108474994 2.441329080 -1.578186954 -0.797322208 6.910051392 1.022150688 3.283140390 3.792268783 1.945228414 4.501314966 6.831497684 6.844701892 4.846513096 1.409027378 4.747135481 12.267932055 8.591304174 5.323514225 6.226567520
-32.191772404 6.182798499 5.035885189 0.420473388 -0.573575435 -0.491580768 0.502555170 7.431473696 0.791600740 4.976623460 2.503857345 6.369844170 5.994430173 1.370223604 7.283653395 0.404023783 2.085584288 4.622556691 1.650367200 -0.739499361 9.302217962 8.158014705 2.617202725 2.619776755 5.265217591 3.016722597 8.707937717
-35.806085735 18.420769003 -4.681505392 -0.349718222 0.342994895 0.150005293 -0.858807359 5.747684598 6.240516302 5.030556551 -2.507398250 5.324869681 5.195788916 2.431675490 5.028010886 4.273975668 1.756233309 8.652473649 5.765186260 1.615959657 -0.559718767 4.658239012 5.075343429 3.677182408 1.491265818 9.109167155 5.896196426
-37.689816730 2.247173636 3.267636132 0.787032083 -0.269666394 0.267836056 -0.485926314 8.074179775 1.814427171 5.771435563 4.108222948 3.752086698 7.060420617 7.952588164 4.868163584 6.429577839 5.081180124 6.978016632 7.510656420 0.467407513 -0.088670811 1.955171144 4.457368411 3.350606161 2.994527106 1.905228439 6.109697670
-32.592901674 11.104385232 4.579537694 -0.070447473 -0.728811921 0.361826471 -0.577019880 6.025972506 4.495987295 4.483325906 5.363263240 3.005003159 0.493701601 6.118930290 -0.391897791 0.027350151 2.548794576 -1.346033466 1.740608209 4.733491074 4.846271488 0.539446598 9.347242751 3.398382513 3.974374969 0.818267765 6.853447806
-42.547657130 14.752914165 -2.013159167 0.449897497 0.150509771 -0.433070236 -0.766413218 2.004147179 4.450565561 7.858464068 9.419554047 4.788633297 6.726843286 8.583080056 -0.585444918 2.259476740 5.219781826 4.771381398 4.026689407 5.737682128 7.372641434 7.369688115 -1.682527780 1.801978300 7.391845926 6.203837491 6.560722803
-41.543142986 13.515926567 -9.472898286 0.713873659 -0.197418909 0.286268707 0.607832543 0.890130854 3.605383157 2.536306619 3.301249067 3.725594196 3.744390316 7.456001007 5.375798966 5.438819253 6.768917988 1.063042568 -0.131250263 4.012255990 3.040815065 8.332462455 5.283648322 5.690241224 5.305592600 1.482097010 5.501672288
-34.301913609 8.744800441 1.786679682 0.241842144 0.158387222 0.746969128 0.598717787 1.575984723 2.966036540 8.629672458 0.828160735 2.748841949 7.003800121 0.450200894 4.182333380 2.058174175 4.734640025 0.529106644 2.503367479 5.483319043 0.217959995 10.170434491 2.782204346 2.461779365 2.382663492 1.522054212 2.576970892
-37.000853484 6.208816904 -1.961917094 -0.373780331 0.736045306 -0.558136800 0.083719078 7.404415483 2.816636592 9.394421203 0.486131666 2.277981759 1.453335310 5.984952932 4.077195903 7.328365392 5.953246586 5.876414949 0.621103435 1.343102361 3.686713196 5.754827269 3.839289232 -0.034309704 9.878251935 4.852949577 1.223793249
-44.492220592 13.011039022 -5.853650035 -0.568688298 0.451120902 -0.448945087 0.521087191 10.104431270 5.024788200 3.360747737 4.931124681 3.283982543 -0.399050766 4.572715597 6.852485502 2.001232362 5.005767435 3.643256132 4.965227878 -0.708908152 2.673935138 3.748504445 2.601418519 0.347705977 9.400299236 6.310885106 2.062650270
-30.911041176 13.785923038 -5.893660765 0.667825454 -0.533309133 -0.304854267 0.420302756 3.968296415 6.848143932 -0.576602271 4.268765136 6.571769094 -0.016662525 3.338987662 2.943345133 3.326668906 6.200217668 2.666828581 7.148163204 8.904375685 1.467421601 1.002509880 6.970294797 3.000956811 1.508063429 8.969874437 4.864197632
-37.646766678 14.198309688 8.685334918 -0.583491523 0.354444233 -0.581743888 0.442132307 0.943755242 -2.398131743 4.026361059 -0.267313859 9.024145457 3.008592162 8.401196145 0.957541546 3.064983253 1.556183335 -1.242789998 2.770825543 9.019221468 4.355853005 3.249135014 3.584755328 8.822878284 10.508042732 0.523421753 5.387051319
-39.301638257 10.317449439 -3.617395081 -0.365391071 0.104266143 0.923154784 -0.058336796 6.639063050 6.782540652 10.595072165 2.262457278 4.487583939 4.552157020 -1.456021365 2.417102998 0.167136966 -0.560080172 -6.039669571 8.753670710 3.432111831 5.662610278 4.604391426 5.728041959 1.995358922 2.113098072 3.560417425 4.866962037
-36.176701554 9.573329062 7.953063315 -0.103562353 0.709895616 -0.556312641 -0.419331968 10.563021453 1.665057266 9.497528691 12.570043926 6.030943744 -2.575860204 2.060280175 3.172076732 3.680754065 5.677012459 4.329140506 -1.153681438 5.643531605 2.513024979 2.271193167 8.057284757 4.099642656 1.198616283 -0.338193278 3.477255555
-41.274800165 4.130709322 2.619783665 -0.045413118 -0.115764822 0.681361806 0.721305930 4.086758791 8.694015722 5.523547565 2.620894941 0.565992008 4.298537459 3.939752270 5.629133678 11.329882200 1.248270300 2.349851063 1.089940020 4.734150011 4.288438570 3.028642324 3.042998249 4.521230211 1.572075872 3.506765955 6.582727687
-39.700659952 10.882718262 5.640883723 0.381645844 -0.567235526 -0.473386558 -0.555423689 4.513214520 6.935317952 3.315838481 2.755927176 4.831778305 8.837793446 1.502176670 0.019127541 1.470624824 8.236016958 0.024908520 1.737779642 4.151386225 2.852072961 -2.313745325 8.374544351 3.820383009 8.782104057 2.136709053 3.367596526
-40.200086484 5.277737713 -1.619487831 0.152216775 0.669593625 0.516653638 -0.511413189 2.567787344 4.211659946 1.022397256 2.239446454 7.531981434 7.493886732 4.593413209 0.438247226 0.529336394 6.826654090 4.238566830 2.583764739 5.325460386 0.148637120 7.453948832 6.175284691 4.915780657 7.858616672 6.090061287 0.650124171
-37.296283342 9.793172645 5.921296671 0.025053489 -0.852490596 0.340021870 -0.396254001 5.863750966 1.630656795 3.704452326 3.776223634 5.159240656 -1.077997125 2.622725202 5.255341942 7.118456797 3.441937855 6.514326112 -0.568595168 0.577027217 7.272371913 1.997908350 5.020074483 1.529533998 1.765398276 6.487262070 2.875569505
-33.533157924 4.784173927 -4.499838277 0.588438409 -0.571749789 -0.012970950 -0.571554173 6.567797994 5.844142512 3.580889692 2.465961868 5.472117637 0.017840464 5.588958734 1.480090874 9.927687022 2.949070769 7.607305501 2.188483544 7.534824684 2.308979649 2.688067993 4.480715900 3.497224776 4.648051729 5.108787543 0.242204637
-42.779671046 9.869554068 2.139115967 -0.749803317 -0.300896834 -0.515478262 -0.285549019 3.280388485 3.573066714 6.666243732 6.520045933 7.318919864 -0.265889286 1.800501047 9.570509063 2.985993344 0.823058306 5.279808176 2.753059341 5.270207141 -0.753543532 1.876386034 5.020772799 6.492586375 0.924211827 4.352500942 2.269557181
-43.990999176 8.519502402 -8.626188607 0.051160256 -0.001851458 -0.824253372 -0.563902101 6.132325177 3.400867278 4.426690354 4.255121236 4.788903835 4.298362781 8.045594422 5.430296307 7.395153263 7.000996180 2.382568307 4.573740373 3.334596505 8.494246234 3.434872004 1.493905801 1.666679036 2.555148544 2.497328652 5.163972888
-34.818332216 13.342658737 7.230424771 -0.755310800 0.204400039 -0.600682137 -0.164034112 5.236965747 2.182240739 7.285315307 2.433524133 2.581902707 9.519876515 0.771045752 2.504530091 2.924909138 3.715333778 8.222909639 9.713908716 4.215580909 1.039369726 5.670905056 1.204613509 8.093010129 6.881605519 5.304763666 3.947485852
-33.732135921 7.485064210 0.297608870 -0.263568236 0.605972845 -0.747272109 -0.070093452 3.019130138 4.274689798 6.859714950 4.869674209 1.689217616 5.891409060 0.018882428 6.295858412 3.887465255 5.107050336 0.046214115 5.908921756 -0.141217752 10.040394369 0.799564429 0.776932670 -0.745211130 9.241440015 3.817108365 4.565270295
-32.175777919 15.193626184 -6.432600518 0.438650732 0.197972558 0.438848613 -0.758817697 4.657145897 5.675851190 5.472872290 1.325660798 1.826285010 15.478099188 2.333183711 2.219774170 3.836569326 -4.550908091 7.807333234 6.247083946 -1.344773296 12.527857524 4.969478285 7.379377896 7.905087554 5.235311975 5.250356279 6.144443133
-38.397615992 14.362917168 -7.637397906 0.079911904 -0.926243928 -0.260747616 0.260186382 4.606276457 1.601777767 1.804265889 4.748117996 7.065356989 3.903153949 2.683523579 -1.052953647 7.399501790 6.878422373 0.086606897 8.228867895 4.729357411 3.839471112 -2.624848592 3.725725132 6.252760096 7.121494022 8.024956319 6.186314917
-40.523847187 6.993432254 6.554027918 -0.856632426 -0.325028769 -0.003974239 -0.400651209 3.769422797 3.947228684 4.520840577 6.824704582 3.209929362 6.185705826 1.992519355 5.119643533 7.245225377 -0.400081619 -0.616330532 7.764805991 1.555623474 11.444035629 6.351011641 1.561812297 4.709887138 7.242470244 4.251613952 3.860913574
-35.976283828 14.818017834 -1.531736923 -0.082382203 -0.969014549 0.072675485 -0.221228956 6.788846928 7.734488712 -0.591399212 -0.395220581 1.156194656 2.696943946 4.206360714 4.986298209 8.841933100 -0.771080220 6.736962058 -1.598092556 3.343252235 -0.407207772 5.970919594 1.642683466 3.879307723 4.576342584 3.047806381 3.711626164
-40.600008337 5.140071431 -7.003041748 -0.770139944 -0.500495529 -0.186091159 0.348939497 3.697325398 0.314535772 4.604149149 7.650407184 8.337982541 5.584730448 10.203239541 5.895229407 1.436557669 2.910639335 -3.265042243 6.920791534 3.977238652 5.055711355 7.841033148 8.913898609 8.814394290 1.862591443 5.280174614 2.115109101
-37.581993878 16.206894464 7.215561176 0.029749524 0.430082555 -0.053849304 0.900690965 5.423435856 3.123846292 6.658768902 6.143674614 5.890147680 1.565012882 4.822809690 7.190388533 3.458583926 7.644298372 2.567283236 5.351248402 4.374426749 7.896370259 5.553358192 3.392729435 0.038858374 7.573950694 0.416819905 3.989521360
-39.220102728 2.764661843 -3.640874491 -0.425206045 0.239592092 0.866651402 -0.103492975 8.923262288 3.340835416 5.857902240 1.277421385 7.375846693 4.443773748 -0.847119336 5.277535070 2.725727894 4.899343432 4.055310716 0.398042879 -0.022126391 -0.945510248 3.336718712 1.692919199 -1.884699893 2.209105648 2.845269382 0.019050688
-40.228485046 10.835930468 -10.300557887 0.330563103 -0.492867732 -0.102532100 -0.798308588 8.230260558 0.447327470 -2.061615298 9.195720328 3.115848211 5.918217948 2.447488667 1.891918746 5.165339257 6.004682446 5.211195200 0.561824413 0.987513234 -0.321756819 5.829988325 0.942649974 2.019176247 1.362593972 3.405667247 6.503069644
-35.232556088 10.559304140 0.006002315 -0.824673028 -0.118517677 -0.446719238 -0.326051958 4.240042126 4.375816188 3.291438443 7.028122033 5.041451558 5.501727825 0.055910745 9.110098320 2.731427772 5.481960540 4.494109846 4.106235297 4.378434381 3.885160292 5.081045311 4.484755220 0.109437932 1.872850118 8.233749984 0.229671299
-39.454833978 14.132385203 6.867031079 0.399820501 -0.740332413 -0.540355448 -0.008214313 6.232332595 -1.659971171 7.865127495 4.346272555 3.409860785 5.107833035 5.343712155 4.927383958 5.016069866 4.643514057 7.005746941 1.876440010 1.033245313 7.685303914 6.604091079 2.519215945 7.755794872 4.853820206 4.426701233 7.293578528
-31.667159049 9.646277037 1.097298803 -0.457960386 -0.398527339 -0.715571269 -0.345551739 5.579815480 3.842531732 3.896492704 0.206476528 5.058982921 -1.085475430 6.063815170 -1.216782330 9.672617427 5.211813414 3.788868603 -0.221410568 1.818634636 4.244742480 3.508637419 0.955434893 1.272870605 2.241576227 2.674468332 1.632679573
-40.022213932 9.054113632 -3.449962737 0.255628246 0.853896120 -0.298747295 0.340977522 2.275887738 3.839504147 4.813520984 2.809912373 6.479728404 2.280752253 1.482831434 10.037375096 3.440991797 7.296384604 3.655631175 4.694724024 4.290534331 -0.951608037 2.699877651 3.597203823 3.433748123 5.042017452 0.800849131 0.212264034
-35.290590544 5.671682691 7.462552434 0.417155195 -0.705750934 -0.073603077 -0.567873005 1.277980242 3.019569427 7.178042296 7.477867631 4.727183091 4.800917774 3.593212565 3.856341346 0.206843671 6.181315497 1.927963038 4.258451323 7.940148194 7.622913301 5.001472093 0.198651259 7.002108797 5.122761154 4.335580158 1.571712421
-35.342643695 7.418219913 5.524907883 -0.635204886 -0.518622468 0.387050674 0.421588975 4.593382823 1.357564884 -0.623932807 3.403152136 -0.965001832 6.565361426 2.815002489 9.405852596 7.752481113 -0.153102103 4.010822821 -3.246196981 1.762323386 6.234288120 4.218117056 3.762545028 5.767853383 10.007265663 2.631871207 4.155733260
-34.133556678 4.473495186 4.704520274 0.926810563 0.332020406 -0.069811033 -0.160969094 2.210140557 6.565849613 5.652453228 2.791236107 -1.883735797 5.592252542 4.999538140 6.164486678 3.451138115 7.021903789 1.636035388 5.111132224 6.313365584 8.158084056 -0.783290545 1.921577957 3.076347324 1.215230240 8.814316347 0.903709131
-37.670525840 6.370753780 4.143193139 -0.794446591 0.484493931 0.366083225 0.010164493 5.804794067 6.658778687 7.548127344 1.783195110 3.517999923 5.244323795 9.300248230 -2.652314855 5.717845408 5.841656014 3.687973188 9.814938737 -0.306102308 4.958411118 4.488091357 1.230780553 0.807914243 2.728613971 -1.552066535 8.050912274
-31.551408440 15.624811244 -1.253686643 0.658985709 0.141095416 -0.738755351 0.008393499 1.202672225 7.055579917 8.634530890 1.682112659 6.430924511 6.335276778 1.479931833 3.708125380 6.637839398 7.978865750 3.951092339 1.373760063 1.518083092 1.716714791 0.622655679 3.230373448 7.716661114 5.157493401 3.490366116 -2.997271718
-43.892516895 17.061099407 -4.835608494 -0.417725599 -0.268592848 0.507817825 0.703906430 3.126625240 7.312101348 7.742239072 1.728419546 4.884734390 5.619947489 3.563839057 7.358575276 4.635523448 6.366484511 5.250261727 5.912283212 -0.390772375 -0.019485535 0.959205694 4.514764961 1.668972321 8.919547143 3.713826060 0.602693079
-31.609221650 7.137665456 0.211993820 0.137840772 -0.414753686 -0.122943585 -0.890990559 -1.877660394 3.778965082 5.414448159 5.549133470 10.856802714 2.147438743 2.774171981 -0.072078871 1.071623290 7.883423304 0.242383089 4.366917526 4.103358148 6.057122399 4.740941161 3.271492955 5.193397359 1.484634334 4.281042928 5.488195982
-46.106125092 11.445260905 3.547397678 0.569145391 -0.153780277 -0.807727298 -0.001327905 5.144424633 2.209687292 -0.633130763 7.144033650 0.462046408 2.993095855 4.981444458 5.022362916 8.047567257 7.542581444 -0.325174344 2.751089496 9.450299158 -2.908164763 5.965848699 6.908181560 3.281431960 5.914713430 3.490329926 2.851186157
-40.652228251 13.326937025 3.672908472 0.418009069 -0.431712200 0.787360448 0.137682674 1.790683588 2.702851054 2.218085452 6.235075074 4.453602760 3.196465881 3.410335564 3.883017993 2.163548344 3.444464901 8.788439880 0.041729054 6.185361957 0.695766905 5.499444255 0.042919565 2.240605489 2.593741784 4.748614152 1.343728547
-40.659331239 14.718493753 1.383305240 -0.123781395 0.196062822 -0.508483444 0.829266015 -0.039303740 4.884691877 8.901668579 6.215285555 2.606382505 -0.513903445 1.898837460 1.479270951 2.619090050 6.598314370 2.251631525 10.743341636 3.953684392 6.420973283 6.160198966 1.100746997 -0.118865008 2.552593394 4.024485103 2.980727097
-43.984464271 9.172005833 1.871611282 -0.289180093 -0.072547459 0.904992138 0.303481416 2.773034345 2.495603757 5.079733344 1.745439308 1.659554781 3.070237384 1.013263512 4.797953832 2.381369440 1.818763017 7.212727829 5.312183727 2.942159019 6.129240766 2.663579893 5.021941790 5.906952819 10.507969792 1.932631429 6.498897037
-44.520358482 13.068024707 5.380909982 -0.437119180 0.204238276 -0.428743550 0.763801360 1.164944700 3.536713323 3.282336764 1.823627842 2.072906763 3.201426123 5.842550995 7.660682317 6.240174118 2.666048624 6.780811649 2.821134817 -1.353658049 4.199535997 6.417623010 4.748087283 2.441547979 -3.409115495 2.064509426 3.811817225
-44.641725183 17.765903005 0.294273382 -0.084194886 -0.134144090 0.433117460 0.887313840 4.780978780 3.017477266 -0.688441303 1.419931879 3.766281149 -1.440196947 5.570084775 3.353105625 7.126565450 10.712803983 8.980753933 5.988799445 6.808375347 6.100356103 4.041246474 6.010907730 -2.786599656 0.941816020 3.092637995 7.174056756
-32.284247777 8.563160026 6.396278851 0.045344939 -0.806552011 -0.270411702 0.523731994 3.882277378 6.399428543 5.235439258 3.043500349 5.630400093 8.654192636 7.566728153 9.894112106 3.113340208 8.296664515 1.731587384 -1.237357368 5.922441859 5.305748584 9.520384753 -0.690040511 3.704307079 2.702586121 6.901568878 9.577053468
-34.985930398 2.806165883 -3.673041105 0.258064280 0.377211491 0.451124309 0.766551483 7.315206383 5.066703201 1.336662356 0.513695220 -0.303002516 1.403130349 2.974286299 3.502104418 6.835330902 5.383448261 5.844398124 4.177516407 5.522497888 9.425370183 4.421722784 7.438778330 1.856925895 0.977957700 -1.316749079 3.740573380
-32.378589792 5.299100103 0.564755903 -0.802018295 0.036817505 0.212789189 -0.556894861 1.977320083 1.686377297 4.347360001 2.447126929 -0.995150365 3.669700788 -3.885140968 6.695457161 2.551138504 6.648451770 1.386467398 4.626671612 4.247466479 -1.302441529 1.290828950 5.357303551 4.008938047 3.640272890 8.257222790 1.780653850
-36.632706579 13.944214749 1.995836681 -0.510801848 -0.414068262 0.740663046 0.138011593 7.215798517 4.301634462 3.540398231 4.225641643 2.276501326 5.444552953 7.392876215 0.466639838 3.465123166 3.764651605 3.151428230 3.665996889 1.597028529 4.099979304 10.748175304 6.783588017 3.018263127 2.874554425 3.525468538 0.665035890
-44.106843390 7.393989818 -6.562403236 0.332178124 -0.157002629 0.249135681 0.896068792 8.325573238 2.950484674 7.680792199 4.944141586 4.822908461 0.626141495 1.795535445 7.836433999 5.862185312 6.013239342 2.439115845 4.017201409 3.964825138 -1.797540490 5.476172458 2.271146068 6.027555275 2.537065064 4.937068915 4.849908030
-40.978987394 14.914440136 -8.427167522 -0.118714184 -0.685338605 0.137408757 -0.705221081 1.503366311 4.847226228 3.762845781 -0.436691500 5.860963598 1.690273101 2.024392099 1.816135675 5.740527145 5.024904642 8.634405100 -0.652620439 2.565417805 9.232335651 2.834662651 5.256642667 2.079664350 4.899258200 8.168485854 4.167800030
-39.127848545 12.876816020 3.146801701 -0.337779885 0.202212065 0.918267714 0.042419751 6.521087096 1.511251987 3.943325583 2.878693638 1.614019279 2.920898638 4.621249229 -3.717932935 3.444209911 4.829789580 6.673446570 3.635253572 2.330187540 5.034658711 2.058244072 6.116380106 3.712899128 2.981901534 3.226498976 8.795375373
-31.546030586 15.198149259 -1.541017650 -0.885922064 0.119057588 -0.074971882 -0.441980320 3.799770632 9.442229213 2.605382308 6.417898206 1.330033884 4.694455332 0.193165470 12.010328602 4.527633567 5.016224300 3.602464514 9.397510740 6.806844413 -2.614676114 7.472401102 10.022105169 0.914447407 5.003399441 4.296565945 3.937146616
-40.280808222 8.130356066 0.198484253 0.370740295 0.228934168 0.337414333 0.834441339 3.559774634 5.472484600 9.488422103 -0.148673162 1.241673721 4.388231868 6.489060461 1.986829097 3.464293290 5.751024462 6.132605431 2.257797748 -2.530581933 0.326947424 0.158122531 3.154601663 4.907694348 10.416531252 3.671752395 -0.099665938
-44.633732905 12.606250157 -6.783320745 0.406730277 0.096875668 0.567640333 -0.709203807 4.180566815 3.402767505 0.939978642 3.944917181 4.104204776 4.168241608 0.845532634 1.790876989 -2.415841750 9.140296942 3.881688983 5.154577071 2.981676746 10.188359254 7.840117545 6.621663286 1.768588779 8.118658937 2.140280037 7.911977742
-44.717695918 7.126153957 -4.939369575 -0.861640024 0.090001867 -0.177941398 -0.466704394 3.459424952 3.238314766 7.093783626 1.657596063 2.999532212 4.034193503 2.746553456 7.302758248 9.980758481 1.681765347 5.625127615 0.243634008 1.049181457 4.864611919 8.787306502 -3.510003519 3.046342966 6.227988692 -1.111716444 3.256038415
-44.164924244 7.638332355 -1.916861186 -0.363245052 -0.684388635 0.047487186 0.630404787 4.796021845 7.327912889 -1.564701931 3.625997016 -0.663790285 3.876884151 1.579673197 4.262795861 3.779231943 4.589817883 7.044222412 6.207809351 5.413712821 2.531626849 4.074693634 2.853754369 0.962088700 5.817980076 1.465542276 5.946753236
-41.211290829 12.146807225 1.905945997 -0.615611663 0.275607014 0.428016168 -0.601552338 -2.100008740 8.834493492 -1.884078681 2.312533681 -2.489045413 0.285655695 -0.397048688 2.014490933 4.052723274 1.584681901 9.699376253 4.832320289 3.865288118 5.238132547 3.486334793 10.067565876 2.458351559 5.836849512 6.705601430 1.850916797
-34.846144217 13.565071468 -8.875074895 0.557645751 -0.673073680 -0.305300264 0.377881974 3.210421382 2.509896807 2.056412419 9.417481894 4.060706440 5.216804893 3.618687694 1.921452720 4.854724221 0.611119516 2.777875742 3.320193655 3.161710800 6.888943937 5.420317868 0.095526124 2.477601949 6.585603273 -0.169497935 -0.090672547
-38.871224031 6.979936670 -2.069503297 -0.121696962 0.701519612 0.276100647 0.645622580 0.723274907 4.627466572 3.177936147 -0.518289494 5.876430129 3.996947247 7.404782339 4.562873694 6.935974938 6.024270558 2.164530471 6.225945550 5.863526872 3.604307600 5.091942104 6.886269887 -0.463978045 7.466981019 -1.600791147 5.146492120
-40.729787661 10.483592348 -9.387443613 -0.144933535 0.343749075 0.324459394 -0.869227787 5.777729953 -2.090050789 7.414369291 2.845748408 6.697732963 1.086610974 2.826509292 6.083003810 3.551847828 7.521310432 7.124383291 9.899680896 5.340954619 10.214364084 -4.261455027 1.602228067 4.609233401 5.250980727 7.096715652 7.456409657
-37.094986742 9.631579646 4.019863392 0.484065797 0.357408681 -0.433091280 -0.671097073 0.748393039 3.151692584 -1.262364046 -0.392323993 -2.128209305 2.370211220 5.990681874 2.953216990 -1.511517894 3.001929116 7.827590565 -4.999433593 4.716974211 6.834076277 0.969460422 0.091290588 5.011657119 1.369052307 2.303776535 5.170565314
-39.604189739 4.898250280 -8.112260498 0.575161927 0.457474782 0.264133307 0.624611221 1.318731816 2.832037836 3.653621199 3.426113287 10.747380876 6.857732923 2.053595630 2.033827417 3.392405497 4.259311756 2.089069772 1.593191690 4.318668273 -1.213653144 0.882993857 10.264919023 2.629597218 3.274100624 5.742931393 -0.027087163
-43.738077431 4.580508119 -5.109476783 -0.709007336 0.219895093 -0.391759335 -0.543580140 3.308477368 1.212558961 4.503788759 5.248714982 4.846619671 5.521991549 3.999758783 2.122203558 7.476069077 2.519054406 3.126033206 1.546091561 1.093004490 0.515342370 7.049889802 1.640168877 2.310363513 1.089730030 6.975968225 7.903177103
