-42.659363349 24.266367546 -6.497283439 -0.059552668 0.778078369 0.530409336 0.331230234 -2.749959949 7.637896696 4.793572589 3.252316080 5.895006888 6.820949554 7.452035665 6.171874369 9.229856620 8.387175229 1.402735446 4.771990467 3.276666496 9.231210217 2.286980779 4.388993398 3.188184004 6.239300544 3.192569608 4.359699521
-34.371129575 27.246513961 0.678934634 0.080416583 -0.411094790 -0.547174876 0.724661233 6.062367140 5.089776462 2.735991945 4.024887948 4.408188857 -0.261880624 3.280929368 6.537787579 -1.380880083 4.646665386 8.765253335 1.314468212 5.578137683 -0.379128670 3.956807685 6.577866131 3.455667574 6.655202558 5.448978601 4.354585604
-32.592939734 20.173191361 -5.093026618 0.226757028 0.853326359 0.448998321 0.137171003 2.771025347 4.311293764 6.016053545 2.148785722 6.149530871 4.568474532 7.693935998 2.667144194 0.727801392 8.531330483 4.544597990 6.093328445 6.116010661 4.372712590 5.764116097 -0.037124951 0.624388977 3.634736987 5.798374638 3.350495098
-39.588775877 35.718039803 1.182702960 -0.711643154 -0.259046617 0.500672963 -0.419267761 0.074792532 2.936978627 7.447302673 4.518753844 6.544606176 0.132061909 3.095736067 4.336091047 2.939306915 3.202705089 3.945192562 -1.895218669 2.001166334 5.234727356 -1.770209050 6.540221762 5.527526504 -3.022371543 6.503229394 4.611650789
-38.023972364 32.283755743 -11.499515847 0.281558812 0.400165787 0.544045336 -0.681620607 6.568371471 1.199789673 0.403825520 8.105603179 5.382964946 4.958667154 5.056506121 1.341532333 1.637366860 1.265378957 -0.522340134 4.080543254 2.867003600 5.920790042 6.289197656 2.960836732 7.745403017 -1.591949232 6.142141832 0.784326596
-38.995075915 21.104702208 2.275148805 0.575064107 -0.321149032 0.689422502 -0.301431892 4.788511253 9.533231180 7.028884247 1.732850027 5.381189886 8.126594233 8.294626314 -1.085439834 6.682514443 6.197122155 8.708357936 0.728786833 7.850988105 6.919592506 8.227191958 2.980678790 1.728164551 3.936487932 2.929042836 2.567796213
-32.682744335 28.625421618 1.842770977 -0.270983811 -0.291735610 0.675412728 0.620705852 -0.799731455 -2.603308330 7.308834662 2.120349641 4.590172731 1.044302408 2.708710990 7.469776042 1.763686067 4.746538437 2.974438321 5.342696054 7.416101191 6.055983375 3.349240372 8.420202101 8.236245538 4.114361915 7.349271995 2.547797941
-34.312816587 22.223621869 1.736115147 0.838958127 0.033977323 0.186682829 -0.510043454 1.507562954 3.820704385 8.217232092 1.037295247 1.407652436 5.695931421 -0.820474078 6.592511181 3.123129804 7.045696905 2.151794992 6.749391335 5.571130540 1.926104250 0.717031826 0.103799475 2.884850770 3.816611613 7.408416119 5.520266388
-29.322714185 24.236885207 1.739501280 -0.324930006 -0.734625190 0.264946773 -0.533431841 3.899181772 9.064268190 6.218170861 3.537394317 9.783674877 4.258182243 5.869291153 1.962704967 3.773616942 4.557074335 -1.443918629 2.661762428 3.336698382 -2.753013270 3.325259775 5.366865078 2.943619319 5.492227466 4.725998737 3.088448812
-26.536460050 29.633188493 -0.065078042 0.274352162 0.438744328 -0.002077786 0.855704382 4.093164448 4.252087116 6.463588026 0.299264210 4.806573684 2.910506627 5.186559886 3.694587084 4.980665315 3.669842262 3.893710019 -0.673820286 2.895590933 3.630657883 5.614699982 3.661551758 2.271742050 2.889077676 4.255819413 1.551681579
-38.727945583 29.100290769 2.909853075 0.453568529 -0.673563921 0.575504597 0.096859139 2.785355298 4.635087823 6.189654311 5.872394112 0.701970938 3.306465447 6.318494627 3.030318192 5.637280082 7.174867552 4.613873532 2.962510198 6.505808988 0.413060644 -0.059987234 1.315890815 8.096058128 3.734375908 8.398001018 2.392531458
-38.104991855 19.408358583 -1.804082653 0.559325287 0.582106777 0.576986059 0.124072604 -0.989573252 3.712641152 1.325434846 2.774790047 3.259611841 3.857885351 0.421239563 7.178914222 3.927283942 7.363242137 -1.717206562 5.306552139 9.879148305 4.289221360 5.873344508 4.657202421 -0.666680311 7.902130306 5.744400106 -0.934856212
-30.702278104 28.682436420 -0.723511437 -0.555358023 0.464323484 0.006956341 0.689878814 -1.720250547 7.975197553 2.834024114 1.130158970 8.330175435 3.054821704 3.690953363 1.962812036 3.847104261 2.224723529 10.771245604 0.237963516 6.316866443 0.668899647 0.880254694 -4.012905041 8.762007203 4.997423620 5.859825711 7.207242122
-38.775154192 24.823813011 -6.351633877 -0.445549100 0.643782950 -0.590083270 0.197056455 1.387077991 4.700494270 4.025388916 4.547319121 3.865189101 1.575088767 1.077155508 4.561492200 3.886491234 2.411984333 3.375174921 4.698367990 0.996350039 7.715800150 3.060076217 4.757161797 4.402460468 0.683393283 2.916052283 2.837813690
-42.829027400 28.285802118 1.144514982 0.411406045 0.763058901 -0.495520117 -0.054277008 7.145143522 -0.060508823 3.183784700 0.473203402 0.593208740 -3.142301270 6.864110899 5.796276518 4.897637957 2.373068842 4.861768377 4.983086669 5.451442498 1.739512256 6.646720721 3.644344897 4.829730444 0.293824331 1.559091492 3.764332643
-37.195268064 29.721705742 7.088518969 0.520884915 -0.753010357 0.358558642 -0.181906591 5.236495645 3.532209197 0.848263737 -0.052137828 6.944357447 2.484086566 0.029048914 4.229718657 3.256497628 12.005965768 11.889600610 4.030909085 7.120063695 3.809183575 6.244045191 3.029506311 1.806441838 -0.854360957 4.251303436 4.042721589
-38.335603225 32.675432881 -9.158011199 0.386154010 -0.733832231 -0.554324620 0.071411149 -0.321502507 2.303936125 8.293870880 1.770679304 4.798255801 4.887429718 0.766619268 0.274726145 4.928231529 4.666503296 1.451728209 4.690792102 4.545554108 2.955441415 1.738325042 3.853073997 1.834159595 1.525452982 3.121155135 -0.328917625
-33.353903798 36.327049293 2.328914668 -0.651262699 0.620620487 -0.434274841 0.045743528 5.343141806 8.648037669 6.840926031 7.181322973 3.849939580 0.472391267 5.739314392 3.037364432 6.961099665 -1.050729180 2.816721832 2.307378922 0.419365718 3.803061764 10.942540745 3.891290441 1.325707518 5.643550717 4.273908036 5.162260543
-31.412032083 21.413429145 -2.757569867 0.364500400 0.252705799 0.449337239 0.775483903 2.504633986 -2.950492204 1.733205605 5.333956950 4.112053658 -1.674177289 3.949805156 8.634282118 4.071163690 2.278663579 -1.051229308 5.574479835 2.939114942 2.347995723 3.437617244 2.499643912 0.727405414 2.917770153 -0.610544488 5.702213222
-32.257630967 22.511411372 -0.547644650 -0.489467388 -0.692377976 0.155595252 -0.506778582 5.178454842 9.980443082 -0.949740717 7.896411766 9.648391535 3.731162657 3.338503439 0.337186499 6.507675948 1.259412358 3.281694669 -1.333296386 5.106949480 3.814254484 2.867736660 0.260514406 6.523406290 3.659421258 3.174071145 0.369854879
-39.590072248 25.617066523 -7.951172679 -0.318807710 0.124756929 -0.877930879 0.334715886 6.138844152 0.170270384 5.384012177 0.004849993 1.370172691 3.101324512 -0.112592995 1.376406783 3.948749737 8.270961010 1.487171088 2.984024381 8.629888468 2.783320218 0.470506794 3.042837771 4.085242159 2.682689020 3.743034369 4.017924963
-37.755587007 22.559899722 -6.700700960 0.068515950 0.662907093 -0.677931038 -0.310272877 6.543847348 -0.069631256 1.431166660 8.149605796 5.663268359 5.608656694 4.059888344 4.915838276 0.055559708 9.031381781 4.859704752 1.876933707 1.658877504 2.795377631 7.639857211 6.049007017 2.414132531 0.679642804 2.887012338 -0.683254508
-33.183073204 31.878389149 4.314875727 0.747309645 0.384724450 0.318645608 -0.438155645 5.775021124 6.369036229 -1.942222440 6.070320010 8.262553724 8.124006813 3.735420096 3.053258145 2.740813868 5.770237027 3.223122790 4.729692248 -1.600559374 3.989796589 0.391640215 1.469114287 -1.585106888 2.657734859 9.612213961 2.752345516
-44.807282322 28.090029945 -7.212392965 -0.683451138 -0.439609163 0.582745217 -0.006807215 8.844018354 5.256287993 4.071224975 8.034563429 6.446785560 5.252187485 5.097695504 3.575322701 -0.300953178 2.915574126 9.968600182 0.759622404 6.548260160 -0.203405404 4.030327071 5.333339027 2.645873089 0.189656946 3.395776752 1.221868586
-36.752495258 28.459568818 -6.804528166 0.523768773 0.332792009 0.174978451 0.764394069 1.378488512 4.149874388 3.624313694 3.056399433 4.416127802 4.587697363 6.762499938 5.400516279 10.369072193 6.102539063 5.382723446 -0.151628098 4.235595054 4.433485051 0.353484647 -0.446706004 5.611038981 2.403779875 4.317194128 3.750100258
-35.143979085 34.898708250 -7.953095367 0.416346250 -0.501116842 -0.707288668 -0.274372831 1.535943194 7.937829764 1.390994681 6.439781923 4.254633364 3.971988343 4.870966116 2.701029203 3.277648941 3.330948896 3.918855733 1.837029375 11.767481891 -0.928101669 0.995128053 7.741528139 5.443528612 3.142477307 -1.639358825 4.902749054
-33.127754811 32.460035610 1.308700128 0.510540722 0.807133517 0.152233703 0.254378764 -2.660363914 -0.204855917 4.473302119 6.037914889 4.232370691 -1.748881709 3.258172087 3.357868059 1.879448688 -0.433653051 6.214363866 3.778001346 8.485542211 5.504230262 3.520866503 2.285708784 3.721490876 1.969885601 5.336548822 13.965446680
-35.534017997 30.022445092 -7.113656729 0.482447109 -0.741915904 -0.406006849 -0.227956172 6.342319599 9.288315442 7.081895366 3.021267498 3.698168532 4.540082942 5.104701591 8.987117800 2.379974684 7.539320044 4.104319470 0.560976223 -0.433194359 5.737166701 4.713208279 2.631538000 -1.263562344 -1.283056367 2.843600482 2.616165672
-40.237619729 29.715998652 5.573805461 -0.743030136 0.544763877 0.101546990 -0.375268895 6.314745188 0.753518295 3.041253584 4.628806804 5.355728191 -2.337678728 8.237231243 7.117689449 7.067814737 4.476314192 5.384539296 5.663622336 3.523653842 1.800193032 -3.275531079 4.674689400 -0.758863175 5.046848501 4.411777326 9.337664432
-35.448961050 20.620285277 -6.544477665 -0.636285356 -0.073396386 -0.657426182 -0.396919048 1.497633085 3.099009164 5.632012106 3.186925716 3.342764023 7.542208161 6.831650211 1.899798415 6.727204725 8.687311313 0.902479611 1.951196652 6.946765391 1.351161749 2.199247160 4.496970084 2.581768141 5.172247547 6.423503386 3.373064692
-34.884692196 22.907069733 -8.873101252 -0.341624977 0.876668900 0.307767226 -0.141503884 2.974505233 0.701441960 5.265484749 3.359105191 8.974538874 6.937579789 6.460794495 0.308790108 -3.089773828 1.389494234 5.049244277 5.586915546 6.012583213 0.893401730 5.556776441 -0.678213913 7.654886408 2.762747481 8.421177371 6.795618760
-34.024408978 22.270853931 -8.345071241 -0.843761345 0.529888738 0.052560477 0.067246660 4.281885125 7.469473554 0.723159123 5.925202077 1.852983060 3.312326639 -1.410320141 6.318321868 4.908155318 2.394232748 5.140947773 3.394115117 -1.998247739 6.257034081 2.414706834 8.007898027 4.879278323 5.551766712 5.761767172 5.390046221
-30.838912122 29.771008441 -8.392359183 0.243551384 0.864595367 -0.331054933 -0.289067822 8.428826135 0.142399917 3.483363880 0.092042415 1.396335257 -2.730167730 3.372979839 1.275755694 2.564549380 0.538327266 1.894834316 0.035470202 2.022631577 5.071923010 6.452573781 5.085902725 5.807140072 11.868049997 3.101486811 -1.637939109
-38.049772496 20.787460265 0.168209260 -0.002363151 0.114493095 0.720113730 0.684340531 5.834555297 0.723929258 3.898089364 4.487226113 6.328719331 9.575589583 5.734458516 4.614386269 12.066865188 1.366046298 6.069749388 4.027348946 2.714539056 6.063113603 3.103275678 10.684028065 1.561887823 7.046976556 5.033512888 1.821551602
-39.348715028 30.333549519 5.647925590 0.524598607 0.495390277 0.567897627 -0.396077087 2.253167490 1.783648519 6.915923365 1.326330045 0.162402648 4.105722407 5.319581457 1.304613061 6.777134180 3.193062655 4.162322068 3.235036295 6.574008089 2.141164279 3.008940422 7.198165507 3.743353812 0.408021483 3.152638877 4.933970988
-28.893709842 27.511981805 -3.874586931 -0.225755150 -0.277280583 -0.194659777 -0.913377064 -0.221863493 6.630673917 11.080291811 6.678798548 7.327469242 2.427477995 -1.497553939 4.241353727 3.372334254 1.333704285 4.741476859 3.802087686 -0.986377506 5.443342303 7.326412085 5.381751992 7.380952751 5.517858126 6.937837233 9.492205099
-33.709798498 34.439270034 -1.285705259 0.768261754 -0.615693888 0.167254503 -0.052161730 5.483380159 3.644730286 7.413676772 4.814171839 -1.041751925 4.524144353 6.076348707 2.438897532 5.088436320 1.123807796 1.906593543 5.299947061 2.261930192 9.070629262 1.624461095 4.071847073 2.593680270 8.239694230 3.245553417 6.555551817
-43.007822647 23.143504654 -5.638769232 0.839007535 -0.375570324 -0.233772633 -0.316802215 7.259616239 3.834643322 3.421976282 9.888852434 2.694347312 1.535116946 3.843175405 3.482119325 9.500826679 7.412897327 1.179033976 1.641670378 5.609762156 -0.682803616 5.063014561 3.994554154 3.593889158 7.964157506 6.751016502 10.633391122
-29.167067395 32.642810283 -8.215246166 -0.667076963 -0.090730569 -0.659977283 0.333476049 3.021947500 2.794630719 0.449682551 4.795615813 8.835753327 10.193222557 9.269191972 -1.596044464 4.782665457 1.236659238 7.283552564 3.726439005 4.970785777 1.827416318 1.168924017 5.632429694 1.940855978 4.889446353 8.014940424 3.986708558
-38.965369998 31.176701230 -9.088903758 0.687307186 -0.623271897 -0.266563364 -0.260930925 4.244303150 7.942227024 1.681163599 2.845415873 6.098091117 5.386174938 0.708339140 6.775536959 3.949336984 3.468068823 3.123053202 3.671544912 8.623311689 1.621444845 4.235348319 4.295209334 1.599979253 8.018324737 8.485711740 4.897208407
-38.176065754 22.994126104 -0.171482284 -0.474673813 -0.243425839 -0.359641745 -0.765562830 1.463753760 0.784369163 0.841893292 3.295726469 7.841276541 0.429390294 7.195507286 4.477462016 7.893485994 5.253810231 1.162572708 5.288964049 3.409710095 -1.619291644 -2.178520997 -0.898916138 7.658559614 5.585931159 3.488688192 8.513071435
-35.059815303 29.640667635 2.039524040 0.825300483 0.240983273 0.505403114 -0.073306666 -2.193024485 8.244477179 9.191729588 3.199712761 0.760391419 1.830026331 3.130234025 5.788659162 8.777170156 2.795294860 -0.465910730 7.420031798 4.826815413 2.258425685 2.550727262 3.698840429 -3.326899058 13.101708103 0.711122850 4.808849021
-37.751851092 27.944754586 -10.630541773 0.123942301 0.443663543 -0.278636465 0.842711509 2.457342877 -0.197141693 3.527261543 4.685323032 5.476857358 2.523040445 4.983165596 11.309183733 1.173181752 -0.843274222 6.355167907 -0.052168837 4.995869838 5.069576410 4.277419983 0.777241406 6.537658300 7.833792976 4.957313315 -1.130566765
-39.750318089 33.619194531 2.463790023 -0.860503105 -0.253105875 0.045983265 0.439724189 -1.133733854 4.525748280 2.074720165 6.342873047 8.179712785 7.061583012 3.043484945 5.896839121 -1.554418952 5.314538957 4.843687418 -0.467599131 -0.042688019 0.131931519 6.680884119 1.453854164 1.025283044 9.229017212 3.225014955 2.377109003
-30.960466206 23.469298586 -7.424402763 0.008929158 -0.825465937 0.536795802 0.174288621 5.308523550 5.301020426 10.613350650 6.204921231 -0.274811418 0.551116209 -0.676161413 0.349855336 4.904953636 7.376522468 11.981364322 4.743376984 1.998410108 4.082604750 -0.492015034 5.427385150 -1.615902241 3.260644225 -1.757310598 4.212685490
-36.784619026 27.328169821 -10.714848786 -0.346603230 0.843816702 0.248118423 -0.326001261 0.394804353 5.231807220 9.953444513 4.496620216 3.809816491 3.190631382 9.165687222 3.314233269 1.921959945 6.421673972 5.972230887 4.941171403 2.946334830 8.794057178 5.184547353 1.309768466 6.106140552 4.374425703 4.721051380 -0.309082452
-32.066307424 25.594306546 -11.117436351 -0.370284338 0.535209226 -0.749523168 -0.121060374 4.044180562 2.726570003 0.008030917 7.286210920 3.631081972 5.800484670 4.185521780 2.183587346 4.708233382 2.207854628 3.866086174 4.655780879 3.896522872 4.994584838 7.294257316 6.176621787 8.762680300 1.168321305 0.937014946 -2.298392912
-43.148435519 30.876418109 2.256262046 -0.474724191 -0.040082780 0.810977231 0.339626625 0.855661278 5.714610199 5.621226603 8.003741766 -1.208909201 2.301245947 6.706140653 2.556205602 4.222021202 14.230920727 5.855652818 2.486306150 3.172044780 1.631170904 6.371698282 9.471153726 5.636371312 5.718754698 3.023719705 0.439819967
-33.797822239 24.513924897 -10.659192695 0.148569578 0.223120606 0.925631177 0.267116452 2.843406469 5.833572104 5.164918255 2.551958302 7.273785740 3.055373418 3.546793982 -2.759183061 4.638414702 7.648807829 4.958014842 2.849880684 4.945211845 10.190167154 0.254135123 6.311757786 2.641223141 3.910141616 1.287470942 -1.295224171
-34.340447436 21.707044669 3.444898680 -0.738231903 -0.325308363 -0.551775907 0.211498169 4.279146832 -0.270474516 9.122095843 5.378854886 -0.465877299 4.162591173 -0.204281854 4.314452319 4.956516905 7.922932384 6.034591263 5.194316721 1.673135009 5.264062394 10.269516589 2.410771993 3.731570279 4.179776308 6.490265221 5.684962713
-44.434075142 29.807726224 0.837841203 0.763015832 0.524605936 0.153660868 -0.344940270 1.757019439 5.011152701 1.203889523 1.795300717 4.243647686 5.748088096 -0.683628601 1.475072154 5.802853535 2.805326575 2.927751361 1.252509803 6.302803216 -0.247871140 4.319483648 6.204735855 4.238904677 2.281100460 1.615488189 8.163843237
-36.197497597 27.668552224 -7.090962802 -0.124758348 -0.070374057 -0.239657972 -0.960232734 8.699929566 7.124299281 2.066033345 4.796399461 5.736702610 0.674464148 3.615857515 7.042784550 3.550447034 0.757031577 2.965218361 4.705072266 -1.143715250 3.444311226 2.076211558 3.506720357 5.658078887 5.366578054 -0.358631612 5.125290607
-32.757652876 32.349512104 -9.643121103 -0.507468446 0.053553775 -0.618001792 -0.598064842 3.909408500 8.562157653 0.476951012 7.366326353 5.027558598 4.918191664 2.259396523 4.754886444 4.244176343 9.798380783 8.459087389 2.613149065 4.703538181 0.787755688 2.992793859 6.967869169 5.460950473 3.984898383 -4.313200248 -0.424958737
-42.286026347 21.572183943 -1.854168478 -0.125630852 -0.190518639 -0.943638460 -0.239720658 8.817582965 4.234260495 1.231536461 3.469499938 -0.113240157 7.369858834 2.850930149 4.635130677 4.737112053 4.635964182 1.824889918 8.180681510 1.759889619 2.977035415 3.465655694 4.768289318 -1.835631330 4.813573352 2.575600159 3.108555726
-34.109896046 28.438948810 3.843347118 0.015234091 0.702782885 -0.576399546 0.416686576 6.951381369 4.444781792 3.942093789 7.112298841 7.422481980 4.538480148 3.472667206 4.490764128 0.016689480 10.298241588 5.625289406 7.863990056 0.012174554 5.462651323 6.603601840 6.177597561 1.411859136 4.734440554 2.446173061 8.936778165
-35.874581700 22.922766282 -2.472796716 0.681831179 -0.038105563 -0.228627311 -0.693818249 6.348915727 2.670128783 5.039151974 1.352499754 7.048412770 2.132869186 0.080528330 5.769348816 2.658816028 1.636786343 5.569893244 4.937783353 3.797331163 0.542873098 8.629078270 0.890850897 6.322960775 6.102325745 5.071852814 6.314986810
-34.807822100 22.035839858 -1.467560684 -0.382417714 0.101217023 0.020028891 -0.918210570 8.643151282 4.235409427 8.524788193 5.594708455 2.097790609 5.349299353 1.890021829 5.194498912 10.062608420 5.579502341 5.500663627 3.202972722 -0.262230919 2.408255182 1.140566564 1.154859729 8.250383148 0.362665631 -1.489802615 -3.451279677
-34.719723534 33.971457200 -1.436852885 0.758988600 0.226404646 0.567925711 0.223914330 0.853244062 0.123727916 -0.215137917 7.142968570 -0.210492221 6.516111261 2.840027779 -0.290631678 3.777364760 0.785030737 6.182652659 4.133764615 0.915591407 4.622352554 4.437649283 -1.525407571 4.858210941 3.383824605 3.329406560 6.356529070
-36.592995337 35.973137423 -9.060473879 0.848306178 -0.438522051 -0.245022387 -0.167448707 0.346008056 2.723598894 0.621329137 10.088919148 4.287296211 6.752471843 5.879510677 8.010515636 3.302639344 3.170586570 1.431784770 5.319560531 5.067895394 8.726451677 0.510428133 7.044698040 1.130375149 3.223753591 4.866124421 7.468359372
-36.725378001 25.868188640 -6.548076767 0.357617419 -0.791041195 0.463735781 -0.176954047 3.030710930 7.584165136 1.446499022 4.868875877 4.287635512 1.309194912 5.523754072 -1.146822502 6.657501178 8.068257517 1.900048651 10.041630570 3.180214278 4.173835899 9.762478358 0.116549282 2.438943671 4.795659425 0.058493748 5.339576870
-30.520954604 33.080741826 -2.200330502 0.556737040 -0.624585076 -0.380462094 0.393936476 0.018839325 3.939784987 6.577221065 2.688909595 1.936666972 5.159521221 2.519890147 5.491655348 3.720754760 8.498911618 0.364548140 0.987297630 -2.015932469 5.960750833 1.217623801 6.201317749 3.638175387 1.654601974 2.830995412 4.342016103
-31.837085939 33.155397007 2.535677597 -0.129347234 -0.267553264 0.232139056 -0.926172772 5.058855013 4.264376075 -1.394614106 3.254046953 6.519507825 5.292029927 2.823964447 0.820798958 6.454673657 3.487740921 5.372567967 6.252384853 -1.982934389 -1.188621606 6.792099338 2.201800981 2.268461635 4.047561721 1.174490530 7.947154819
-35.697595779 29.728669626 -2.017435256 -0.344454672 0.579027446 0.696419656 0.247139350 9.913904310 0.546720247 4.951398226 1.310902540 3.611787011 3.167209574 5.914392199 3.726067816 1.988070967 7.211583813 3.876303481 4.105888053 1.707989788 4.037059856 3.245838038 7.164617559 3.548299875 -0.027079097 1.838243122 1.175350620
-34.630481713 32.093799406 3.611122938 -0.562718428 -0.436403633 0.633160465 -0.303327653 3.775893454 8.932319202 3.332533673 0.446658634 -0.903991692 4.536209603 3.148918947 0.154932912 3.354518161 5.472852758 4.547492490 1.760286279 4.744141692 7.669422143 6.400081955 5.839589367 2.599862162 7.495155413 5.315670056 1.100274883
-37.287422698 36.169086379 2.541014661 -0.522347611 -0.721496483 0.363396457 -0.273017972 6.303000196 1.458233906 2.715324898 0.690584244 0.983478396 5.522418753 2.195596716 10.181755375 5.705866681 6.265549468 7.572782461 3.412591058 1.873489108 4.228289314 3.677315327 2.835274121 1.920238512 6.668210483 2.497185616 0.903025986
-38.194033261 31.778503674 -9.350830061 0.809910639 0.347135474 -0.229405208 -0.413418637 5.387586600 3.775672620 4.712022354 5.514951945 4.391958223 -1.181196883 10.211358292 3.152119129 8.609242102 3.031531831 1.484484218 7.094571433 6.023518994 4.541759424 2.987140229 2.168856839 2.372637056 2.490550890 0.472202848 -1.464084549
-37.006895140 24.922309601 -0.873028536 0.683092650 -0.010912029 0.553270481 0.476610044 5.272739088 1.929306233 1.429248839 4.489509878 1.728978161 3.988311032 3.333291725 7.871861378 5.534360650 4.743337398 3.196461038 1.212687335 4.118585924 2.639395780 2.394249988 7.077325369 7.254230965 3.015898980 4.087925478 8.432007975
-36.077963688 35.512129084 -4.471833357 -0.400233122 -0.080221296 -0.908422389 0.090259380 4.389004017 4.796572740 -0.805977391 0.983727382 6.319271383 2.234069173 6.215893013 3.038878560 6.354253940 3.950526483 0.223631848 1.816577796 7.185912242 5.993568027 1.747430246 4.614057118 11.721606194 5.899436931 1.079428452 3.274985365
-39.209024165 33.464494871 4.267290932 0.040530536 -0.081896171 -0.139298701 0.986025438 3.996477165 -1.107996859 4.685877799 0.610644442 6.601731137 4.914901082 1.673632461 1.302633956 3.416928881 4.908758358 3.719853352 4.017766453 5.189574727 1.770325366 7.280894155 7.284275776 6.853623279 -0.473898186 4.234601404 1.331777281
-44.704965668 31.520490957 -2.852529105 0.493103961 0.709403406 -0.435536992 -0.252790071 -3.412528303 -2.177813684 6.632628727 1.234779950 4.456399802 12.769219515 3.599629477 1.897876238 2.148474322 2.611512862 -0.511639545 4.350076862 8.998683638 5.411972206 2.731040720 -1.297311027 0.443810550 -0.832663739 -2.116526591 1.156723355
-41.839180877 26.513838067 -2.069549152 -0.138154236 0.743565780 -0.652219770 -0.051309939 0.515657397 3.887286918 2.155505932 10.835300447 2.147253751 5.533833170 -1.177053315 0.099955219 4.210025429 4.427931785 2.008878114 1.243776669 4.300059954 6.539460165 -1.785020100 4.244619444 4.542532964 3.242070917 6.872161255 8.430619814
-29.721945899 28.782001803 -7.764814562 -0.711952365 0.527121128 0.422002012 -0.192824914 4.657251294 4.833204014 2.702663942 6.212518834 3.501344300 5.911662911 4.535013706 6.573071264 6.682643475 4.717876358 -0.285625456 2.508305897 -0.052711944 6.511967844 8.759228377 1.539266624 3.233370261 4.602308060 9.170585328 7.555469416
-42.985557330 30.037550309 -4.933205603 -0.269401075 0.382230755 -0.678764961 0.566216248 8.861539187 -1.228985815 6.674821467 5.962057447 1.102493279 7.140877660 -0.002631469 3.896645794 5.544028753 2.074383101 -1.839381776 3.933613839 5.915959652 3.390667246 3.371874983 5.753013094 1.878706898 2.379526437 4.589797069 3.875915293
-32.006057497 23.244223171 -6.972121439 0.142657144 -0.274696565 -0.286991333 -0.906546585 10.898279907 6.985557320 5.109505818 2.253357869 -0.640760320 3.911360057 7.141790541 7.491760409 3.447762630 1.159920558 8.222050531 2.156854939 7.407246334 6.281550421 2.954878578 -0.073744347 7.429687947 3.800879047 4.685581989 1.242736786
-39.021430311 32.366956450 -3.487719220 0.511840518 0.641489657 -0.535701829 -0.198831220 7.556241616 9.775487855 5.923656126 4.156538459 2.299108234 10.427984597 7.083010642 2.633616299 2.875782455 3.265134219 2.646329724 -0.179901316 11.399047251 6.347036217 1.859055564 0.982945779 7.104981258 1.853688631 3.504210196 2.802457038
-43.469336480 23.457216010 -6.248868455 0.502153096 -0.034847737 -0.706197014 0.497909310 5.702819515 -2.323058127 1.738854557 -3.426415784 7.194282558 7.849966070 -0.227560182 8.877403093 6.415506044 -0.680907358 4.703445953 -1.619270828 11.143762072 1.132239911 2.843079908 5.429030275 0.157042008 3.297596371 4.463216729 6.564147723
-38.907267740 23.663796992 -3.972615899 -0.458177480 -0.105841244 0.323948501 -0.820931420 4.941164022 9.088872415 4.417715965 0.844225723 1.533421649 5.974131068 4.553384745 3.995304170 3.513382619 3.868183896 8.926725794 0.281339659 0.771821212 0.942455072 5.764154030 -2.023538938 3.483600559 8.882471077 7.951569728 5.440896255
-40.308293226 21.074876537 -0.524042603 0.694963472 -0.656177713 -0.232231756 -0.180346866 0.224943969 0.794279541 7.104733466 0.582061096 2.809016213 -0.441009696 2.631653075 -2.195432219 1.116508796 4.520888453 6.819701824 1.126306195 10.738299972 6.303851924 1.507117358 2.903742007 3.173707510 0.810862596 1.803355244 1.646389430
-39.814148683 25.564268607 -8.574549430 0.064737860 0.309448534 -0.945621212 0.076492730 7.790867064 5.021706702 2.232498033 -0.476785823 7.985154797 -3.705469442 2.906487586 6.245405466 4.383119227 4.389932038 6.987156935 3.772616924 2.538510252 3.716180812 0.945786632 3.185971658 5.307482744 3.246488325 4.192252005 4.227829691
-30.071246020 33.979073366 -2.132334978 -0.188771025 -0.000056306 -0.971533630 -0.143135960 4.156819087 6.251950967 3.327755489 7.123897665 5.221932214 8.244465406 4.000636821 11.233449615 4.050992050 1.579129493 3.568177141 4.152804398 2.988055396 6.196500701 5.562851334 -2.985800732 8.356851996 6.870030084 4.620741072 5.672014995
-38.823186520 30.735344791 -9.349025657 0.392129874 -0.075254508 0.252418561 0.881394231 3.952739850 2.479399774 6.968455289 7.073258135 4.643375569 11.489716048 8.188906966 3.386819888 -1.918853494 3.931010065 9.246603528 3.823826596 8.096035763 6.797390423 5.979536360 7.896995358 -0.200736001 3.447432069 -0.030216251 2.416450666
-38.333324649 29.378592075 -7.637155684 -0.164275977 -0.791056671 -0.560687996 -0.181305592 5.415630126 7.910648540 1.005095988 5.367676440 1.733869832 9.159390090 1.229757283 6.237766015 2.649250097 3.068020920 2.887215921 4.507857217 5.311766468 -1.388244064 2.653700034 7.185415014 7.756064200 7.274551566 8.919843178 4.352905285
-36.792282064 38.304647754 -0.869878743 0.273924511 -0.678793623 -0.622266497 0.277468893 0.748251444 4.603597787 4.560619031 3.498322806 9.073673279 6.796262981 3.780531029 -0.501539838 5.050179481 4.289020468 3.620982451 5.114666324 2.411363078 2.764321420 5.614689725 3.314964032 3.060306880 5.532384478 -1.639085157 5.636551908
-27.316135242 29.810589553 -0.084217632 0.491784429 -0.726861084 -0.381057110 0.290889186 5.885228406 10.475900590 0.655178404 -0.447647192 1.952945315 5.373421211 5.131975555 5.510229266 4.378043915 3.134347448 -1.677752446 9.694273009 4.169907616 5.987425239 3.829671402 1.159469868 2.880813536 2.682439257 8.235190833 10.496462605
-40.439586452 29.202862195 -8.980775608 -0.237634904 0.449173799 0.847174423 0.155138799 0.596674524 8.903608383 0.804251858 1.856931549 7.038349435 2.120203150 4.764203861 6.219275405 5.173020898 2.145739357 0.771611409 -2.052830598 -0.233653439 8.862168077 6.820148868 5.178611895 -0.747749931 4.228994742 1.054700873 -1.625519551
-27.914669177 23.506719741 -2.951407556 -0.184699722 0.580818097 -0.065255371 -0.790112705 1.398060004 6.365780722 3.872012534 1.002622673 3.949443325 4.534598187 6.078304234 3.183520446 3.255786827 7.916149186 6.485936774 3.183822583 4.111097943 8.281193391 6.198113472 2.951650678 2.979976937 -3.419997159 5.153355225 1.658985835
-31.335810337 24.090305142 -2.662911561 0.644621465 -0.361709105 -0.530782187 0.414608201 8.071448091 7.201119581 1.377765500 0.699503612 4.589731284 11.103822566 4.787520188 4.454035885 6.677728763 4.556763887 7.050362541 6.294101932 5.935581581 -0.909044138 2.399934416 1.718167281 2.797572983 5.524504676 14.321180436 5.087719862
-41.029105819 36.904772432 -2.416830402 -0.231003049 0.853474563 0.466177856 -0.029949425 0.098726182 3.053194055 6.380675649 3.273553597 5.345109826 7.910110304 1.523421074 5.254293305 4.532370828 5.801666894 6.232158463 3.841826408 2.673387212 3.506138474 1.526282768 5.731385431 2.875941674 0.421728314 4.203937688 5.756044347
-32.123887527 27.726006582 -4.846600784 0.532984112 -0.625438531 -0.543259336 -0.172115874 3.389218191 -2.237856462 1.114033558 -2.456721983 3.880315877 5.165556793 0.865427686 4.606008426 4.489933451 3.815011090 5.968548202 4.915635019 0.730314682 0.990921758 2.777135394 5.040903340 5.953636917 5.381810049 1.200987873 -0.261939970
-38.716227233 26.346449481 -2.293460101 0.704854392 0.028486749 -0.546027552 -0.451910062 -2.532307443 5.537322211 9.444135988 4.579706632 -0.577730775 3.246918072 5.526999944 9.031205973 4.696913988 5.595198842 5.471624719 3.803093916 0.004475054 9.616446943 5.850234121 3.108536583 4.868636125 3.923804220 2.621951376 4.048993769
-31.089143743 22.557926792 -6.347855322 -0.219725034 -0.955195204 0.070911259 -0.185188082 6.720263696 1.060367687 4.611653646 2.988240941 4.501156732 8.254890891 3.844933687 1.303410647 6.280117138 7.344026442 3.219270987 2.418951724 6.640827860 0.617645943 -0.250977505 3.795313750 3.654017578 0.018751480 2.699698965 -1.553726925
-30.080677512 23.772675909 1.945512430 0.510640013 0.391975020 -0.560041176 -0.521494240 5.575866415 4.218286689 -2.967778751 4.803614107 6.486712179 2.045896580 1.971462833 10.433087835 0.511717156 6.698897370 2.527738962 6.951566808 2.356365619 0.723005856 3.689131501 4.448748516 5.321924895 7.422791077 4.687158477 3.002505298
-38.180815094 27.782727271 -7.986380849 -0.528200845 -0.460785976 0.240687962 0.671378773 4.212032684 5.378140348 0.595745005 3.963870680 1.973728028 5.079965153 4.287072123 4.772860277 3.792041116 5.116745124 4.093599075 0.779039554 4.715937584 1.724077553 8.221449342 0.003520313 3.366066776 6.293550296 0.926608586 2.905529735
-40.371729146 25.036259639 -9.011176861 -0.383805514 0.265245768 0.678656627 -0.567241741 4.771699635 3.091204258 4.557234458 6.629087070 6.611751068 4.028252807 5.434968725 5.346801032 2.596094526 5.585293168 2.861246503 6.461917710 2.081110490 2.913534348 3.844780892 0.360535148 0.219257914 1.127858979 7.238445664 2.326949373
-40.986473899 35.817457029 -6.047556956 0.134807532 0.231196937 0.035386195 -0.962872122 -1.167920989 4.977450053 3.101149804 11.643566664 0.795540925 2.927145705 2.810211751 -0.014620711 -0.512739385 5.636413014 6.410198108 2.400279502 4.996352845 2.528706820 3.307986282 9.833710915 4.452324746 3.195531005 10.020429637 4.305126358
-31.083455977 32.102196074 -7.271305064 -0.861859662 0.172008812 -0.473632857 0.057295793 0.208600461 6.005874090 4.156143543 0.665593251 3.745663300 6.788257240 8.871057006 1.442340335 7.117162459 2.633885048 3.312200295 2.725525370 4.289865916 4.177027373 7.212277614 2.459976753 4.083133995 4.746339572 5.657291175 2.736911264
-35.077025282 19.821662877 -5.282871804 -0.483079444 -0.458038572 0.394093474 0.633660202 1.371237691 3.701254269 7.617666879 3.989804699 5.755575953 1.427260839 1.892126595 2.009309223 6.348512055 -0.245645832 -1.275603092 2.009623733 3.855825618 0.432280500 1.921480720 6.132271346 -0.266038518 9.426307678 9.051320875 1.568694058
-40.342640598 32.850518414 4.533317595 0.696488935 -0.354323734 0.609950541 0.131598605 4.840304572 3.113330150 4.777940506 4.698011629 -1.673124937 4.546428041 4.468322764 3.691048947 6.352155339 1.476091135 -0.246832425 1.512239626 -1.632842702 0.788605176 1.708830347 3.919938207 1.777310014 8.229004311 4.159877148 4.142217848
-29.732326254 28.950795781 -5.076671867 0.276995523 -0.405844184 0.777299899 0.392898008 -1.419307965 5.005008909 3.831348224 5.811010995 5.946410238 0.944418966 2.745789872 1.108532360 -4.998298638 8.757891436 5.308501836 3.067907090 2.320150301 2.633529823 5.752851548 6.435532346 7.644588489 2.574581657 4.471926425 3.244945560
-29.858680971 30.593047436 -10.171061010 0.382927820 0.579467569 -0.247264588 0.675606279 -1.947837113 5.947546550 3.762606040 5.765681719 1.825794288 -0.623869336 7.271391357 7.509648323 5.818348538 6.716620137 2.986786439 7.069863150 6.410220199 1.547934660 7.691714864 8.032932357 7.768315676 8.367133742 8.666428618 -2.478880003
-36.703461973 24.846456589 3.399593611 -0.621874975 -0.533139187 0.569308429 0.070157214 1.705092230 4.311860910 9.207828661 1.284111402 2.945321442 -1.099384171 5.997779928 2.949775176 0.786953036 2.314989376 -2.231468855 3.437287476 7.395181990 -0.545726944 5.003519634 1.224463435 -0.804922042 6.111839236 3.733153367 7.121767018
-42.057987561 23.226587348 -3.724015475 -0.080419550 -0.793947130 -0.284341879 -0.531347670 4.317122182 1.263284547 1.604318531 1.654157567 5.184796220 8.860979773 3.608646705 7.500475993 4.973134705 0.229443962 2.085983085 7.033105309 0.585590071 5.839814303 -0.049293342 2.036719911 3.287708314 7.660839954 4.229160372 2.853588830
-26.735827165 26.364736918 -4.338998904 0.198110338 -0.501713865 -0.434242588 0.721435282 -0.345531781 0.942738086 3.445061392 -0.671743558 -0.924661630 1.669055224 3.432249910 4.721751923 6.589937007 0.689465940 -0.083161060 8.800174615 -0.089952369 1.990138447 2.289222547 1.231510015 3.739934720 1.805578500 7.596622990 7.845073081
-34.227016764 32.017688112 2.869003805 -0.033943708 0.510473245 -0.079085056 0.855576089 5.850682986 11.078098648 -0.900114542 3.790415609 1.842205534 2.589129169 5.001495840 3.267463770 2.872881204 6.540086873 1.949326694 3.838103765 9.960123863 4.779091973 10.267531391 3.844516339 7.101001885 7.199393515 3.069508711 6.350076631
-35.543180015 30.658329277 -8.034538043 0.097259017 -0.516222929 0.842636188 -0.118401122 -1.784745379 9.549811712 -0.165870716 1.692559605 2.474191959 1.809456679 2.643091459 5.198111719 5.246407904 2.992872159 10.660087150 4.801475168 3.054734725 2.363055306 -0.570981663 4.414693958 4.351939769 0.018363082 3.798579593 7.870720782
-37.137448297 33.080835231 -9.214100365 -0.235325707 -0.129362850 -0.566325573 -0.779206269 8.304661109 10.608141348 5.184249285 2.892921956 2.243767283 3.591364292 7.019252474 2.906082130 5.623649138 2.489485104 1.266728310 1.627209300 4.864962234 9.736366102 -0.986798912 8.721492685 8.415316296 4.804621768 4.041416554 7.123897439
-29.428944020 27.724113421 -3.594615049 0.663879152 -0.229014522 -0.698745776 0.136276046 1.805732395 2.242454691 5.383962395 3.828050199 2.642599217 3.402266328 3.537061649 11.651582534 5.002057629 2.495665330 3.382154118 4.285888167 5.029605023 0.155003964 2.003772537 1.034553956 5.784494581 4.969565594 4.693586863 5.331783325
-36.290618358 36.571770833 -5.721028178 -0.682244961 0.262110791 0.483399690 0.481834501 4.465719428 6.250765217 0.958411174 2.600038587 -2.345821767 4.478851977 3.986401626 3.453729726 5.641702840 7.784919772 7.241027600 6.250529563 0.550248468 2.334978726 6.385206782 8.707206464 -0.784877358 4.444452504 4.330674747 2.824741776
-39.572313395 33.387504333 -5.822379974 -0.140484435 -0.311725415 -0.650553604 -0.678138184 9.878823941 0.655587525 6.082210082 4.125067239 -0.005737209 9.462757100 3.573144846 7.233434544 4.701090561 1.361150732 0.694157839 4.241890142 5.024022820 -0.835419466 4.914123447 4.736378074 1.867998566 -1.181837602 6.424422329 4.864363075
-33.447056461 26.424269887 2.168130912 0.485058974 -0.629983955 0.465783593 0.388437450 3.703177501 4.531257938 5.773945706 1.164041452 6.271439808 0.247276038 7.077099502 5.777049795 3.122702108 3.213688167 4.702336970 1.334709865 6.829590573 6.273309653 3.008927076 2.409541761 3.179672646 1.170028045 3.579816398 3.324906992
-44.490981436 30.485984744 2.147490756 -0.037262897 0.214275821 0.974492128 0.055339337 3.689456684 4.203380998 4.842011394 6.003481754 2.120310421 6.637245894 2.487101411 1.765972238 -0.922440463 0.049181537 4.108480332 7.394285404 1.849328811 8.089540313 4.608794043 2.294309627 5.669545357 9.080599874 0.453538811 5.935989596
-43.378803985 31.539026108 -5.243156633 0.790602450 -0.273526194 -0.517641062 -0.179384835 2.717927006 3.479334576 3.969372837 1.947498356 1.140916398 1.927188010 3.493402884 3.583740657 4.925980234 4.378651270 4.390741939 3.967923325 1.955678757 5.628066694 6.351977259 11.627120472 -1.267164089 5.452314361 -1.047072621 8.161927878
-43.690533858 24.973972741 -3.519965129 0.393273049 0.419944652 -0.636278046 -0.513938758 2.884644083 3.693720811 8.873644217 7.085737403 4.308346176 9.789696503 6.911683966 8.727777956 3.351800953 1.328307828 3.806785984 5.710071018 3.488035526 6.067053982 6.152741907 11.259323656 5.266948417 4.431169325 0.476297628 7.674425208
-31.696801714 30.898223205 -7.449608579 0.630114067 -0.361316623 0.326402592 -0.604870159 7.389231873 11.934836707 4.568967946 0.687978055 7.492370018 2.303831615 3.507419307 2.289871364 3.560634863 7.473943202 8.032407301 5.858865539 4.099896717 1.319323417 -0.876745877 7.702109784 1.020002299 1.181147972 6.994099783 7.924777233
-37.098900240 25.363881997 -11.940762000 0.730173009 0.650702502 0.208407243 -0.000228397 4.333925254 4.594349801 2.445866978 5.634124645 4.815766518 4.472423383 7.560353729 6.961537669 4.493244179 6.398576537 2.108277979 1.193981768 2.515533452 7.904541337 4.716685102 0.278050914 -1.438304541 1.183236927 3.997767014 10.905781170
-31.482679775 32.044513539 -9.699928468 -0.695284646 0.095808665 -0.708662854 -0.072089669 2.839834147 0.183084944 2.077213654 3.629897132 7.480599625 6.046637034 4.204788673 1.186032862 4.985465828 -0.640020525 6.630968210 3.388214851 7.687867162 4.516424936 2.182977625 4.000645753 1.200515097 4.153674958 6.357838269 -0.150358031
-41.125511356 25.132904603 2.159917305 -0.424219333 0.503825138 0.700678780 -0.274312661 5.979600077 1.933527078 8.845727487 3.939736981 1.140630668 -2.297400241 3.443809572 6.227661044 6.105548767 5.659010197 8.421163917 8.633670397 3.325273759 5.615281180 3.211803966 4.803418492 2.582429712 -2.532353655 1.713888154 3.788886529
-30.961597866 32.024149258 -0.409616978 0.386710207 -0.876580738 0.235711047 0.162793515 4.460464464 7.442931299 1.978484298 2.212415042 5.380320441 2.990227732 6.835963792 5.269871982 4.205826091 1.506550656 2.155012063 5.032485129 4.814097425 3.262880184 3.919892433 1.217672718 8.315879914 3.688276132 2.374428197 3.564778241
-38.839650734 33.727506968 -2.887265649 -0.759151508 -0.649431493 0.043703376 -0.004211735 8.957259375 1.093335335 4.116554911 4.805515361 6.344027499 2.896990892 -0.038984292 8.674170419 2.468300174 1.969116501 0.661970924 6.459952952 7.290667040 13.223010772 5.095126567 4.701728083 1.217255264 2.822503264 4.689699620 8.622789513
-30.655434905 36.003821994 -1.329715849 -0.133122655 0.953984145 0.227983400 -0.142183612 -1.530398200 2.459393313 2.236988208 3.141510274 2.229397349 6.191782015 -3.858941064 5.686850952 2.273284204 7.202201386 1.785898536 4.882080784 3.110531872 -1.479839168 1.471085239 10.216157462 4.301968936 3.707380019 1.840619071 1.334155003
-29.517060621 30.509534545 3.657169184 -0.845524049 -0.277370045 -0.442550673 0.110922684 6.348710806 4.163050267 7.435294171 6.045966821 3.099503148 6.445191534 4.250247213 6.275920953 4.672582017 5.835601476 4.181688670 2.823630180 4.808064213 9.215158081 -0.150002087 6.414385136 5.600537183 2.709807175 6.068346903 5.502726610
-31.863037475 35.518050455 -2.899212994 0.721299655 -0.381214317 -0.460401393 0.349904287 1.872024743 4.814632880 0.867812450 5.604408227 8.443205993 0.826650451 0.022474668 4.413105497 3.856290432 4.960250168 2.630022642 0.482662593 0.438825666 2.922312586 6.602538012 0.900799292 0.434926743 4.015597085 2.374246618 4.632404552
-40.879860157 29.626448051 -5.824822430 -0.365467001 -0.052915025 0.645331708 0.668715827 2.570702414 7.998975321 3.135562536 5.433599576 4.287136859 3.866891719 -1.304466487 3.722052077 7.880974470 4.554116961 5.316381013 3.427286424 4.569219941 3.010584810 1.511602381 -0.108355877 -0.723490898 1.704679630 7.023527505 2.019937747
-34.625213937 20.351015703 -0.983683395 -0.490875036 -0.786853385 -0.268720914 -0.260177862 3.521562676 1.689410364 3.743418303 4.957848089 4.026393241 2.564411150 5.979768808 -0.635625010 3.397435205 7.179171853 7.247161602 3.161875288 2.869826665 0.496925807 2.585068376 1.499617023 7.158958895 4.681916149 -1.574061189 4.209550878
-41.831083705 26.102890982 -4.103587218 -0.080087619 -0.102255200 -0.464573083 0.875957589 5.805005495 -1.085870513 5.753176093 5.438127103 4.116770762 6.423872224 5.243793440 -3.919119855 4.694773614 3.023453757 3.994164010 1.244145040 2.446975995 4.429219548 6.183970680 8.055817922 9.323754640 5.559777227 6.750429485 3.300937733
-43.629434771 24.526011213 -1.846817383 0.497897783 0.476119554 0.152387848 0.708650769 2.710508229 8.433208763 2.428705000 1.406471846 5.335851519 2.241096070 4.804394165 4.980297077 -1.938929405 2.930922673 4.822430410 3.519994652 4.772689020 1.973876734 -1.365323877 2.899685373 1.740786450 4.089588935 -1.664329334 7.249033657
-38.352109618 36.006236082 1.841885330 -0.009754181 -0.925097443 -0.205098660 -0.319427796 4.352100050 5.987162517 -0.486455647 7.536442758 8.628652909 2.621634359 1.279402760 1.490756631 2.354239690 6.029360344 2.922700728 4.347724747 -4.254720505 2.064265717 1.689942561 1.480284091 4.497556414 5.303808973 0.260209918 3.998771270
-33.110371903 33.331656287 -1.872353873 0.374091091 0.147085360 0.507152020 -0.762376928 0.871774924 7.615600824 5.982817251 5.495082095 3.645714939 -3.760544095 4.774925217 -0.275352446 6.844783271 -1.034780023 1.803358550 3.476966948 7.832291803 -1.461104588 3.611452172 10.805339591 4.619869096 4.428242871 4.808136971 3.774589940
-41.593884626 27.756706400 -2.520392847 -0.195534205 -0.191950402 0.782500532 0.559119249 3.985843377 6.788668918 1.591971240 3.867678141 3.215977395 5.489721812 6.338251232 0.090451770 6.750679786 3.487168944 2.705792254 5.360307688 2.915301318 2.487409033 10.687956472 3.588240514 0.195065620 0.767782774 2.244936154 5.848385841
-37.059352609 21.628037465 -0.195563882 -0.218269834 0.424961725 0.721401983 -0.501343186 -1.141460070 4.648195513 -1.014558373 7.617965687 3.368423151 5.198771007 6.413408832 4.547361098 7.297717986 5.653801384 3.838467867 3.876757806 4.023688641 4.552438742 0.114906447 7.623927542 6.536957746 1.768155631 6.277434841 8.073936213
-39.519098427 29.757096126 4.501323617 -0.303321157 -0.152759306 0.005665915 0.940547058 1.251410651 8.826639018 -1.104979016 2.126595338 6.219718612 4.819710883 5.745932310 4.603384330 7.382313370 5.360730559 4.981145887 3.258116914 4.891937563 6.844169157 4.689090321 2.800234048 -2.173329606 8.421924083 3.367780297 5.603135553
-32.999098618 30.699022118 1.603061799 -0.336206908 -0.376885279 -0.292676581 -0.811950011 1.699204501 -1.050503905 4.207955402 5.060644928 -0.316621230 2.817795938 4.568242880 9.828160802 2.050931506 7.520887408 -2.009210569 4.628851847 -0.700530217 3.064075641 -0.258107254 7.410607099 2.521779902 -0.848656265 6.015388102 12.532498912
-31.307356670 34.301417599 -8.022594307 -0.331742141 0.157589826 0.579258759 -0.727716902 -5.185634655 3.955816957 5.890302869 7.356949745 4.319751109 2.591690321 3.358945994 3.645734706 3.490008389 1.223370629 6.045632659 4.219721451 5.840153804 0.659505419 4.054412440 -0.148117131 0.392585788 6.512141895 4.818797000 12.685639116
-39.327721232 33.833168774 0.532516659 -0.540663366 0.767833006 -0.304282249 -0.159774570 5.208025746 -1.108736339 3.182596709 6.927829492 7.269868549 7.242087392 2.044622301 10.126085845 8.115386643 6.736384277 4.195658428 3.236047418 3.831622622 8.376444823 5.014328886 -0.849443779 3.579755603 3.646702319 6.551873117 2.024266473
-33.957167931 31.615563539 -11.862503985 0.123994904 0.651399069 0.709839535 -0.237554944 3.898119471 6.972682370 3.765949919 5.315753111 -1.436111947 2.642403525 4.047741466 2.485292209 5.943193744 0.134552443 -1.171080716 2.900931706 4.827024289 1.588238677 5.781833076 5.711587711 4.311646771 7.541217346 0.107757383 3.502639302
-39.166062712 33.523853179 -5.569114656 -0.602915622 0.336272326 -0.616600832 0.378440338 -0.039595175 5.025944515 4.944114468 -1.174726986 9.451773405 3.055365470 4.885213682 2.748492321 6.263608022 3.739230320 5.385099287 4.129868832 4.848935387 4.494835404 4.524669057 -0.507883399 -1.131536457 6.088491404 6.078733233 2.076739791
-36.712882728 23.946810437 -0.107879300 0.296604440 0.877312591 -0.331081302 0.180924280 1.022590869 1.755559500 -2.992787904 4.600741173 2.181123703 5.671317111 8.192702612 8.467489639 6.968629362 3.186331472 2.864847210 3.714265252 4.201243418 4.050749670 5.273305428 0.516361726 2.529947274 1.680057000 3.943944319 0.704784702
-39.047210256 33.800720142 1.371839947 -0.356393880 0.567880167 0.482909462 0.563288532 4.382574083 4.430004953 -0.404607198 4.548906087 8.659209637 5.202008057 5.987706136 3.039649297 2.251561361 5.076196690 7.331532499 4.614427474 1.638678783 3.050045766 5.622663383 3.212203736 3.440352660 6.225858159 5.059323249 2.808912137
-32.393852835 20.133276316 -2.708159548 -0.824203531 -0.550297394 0.132324327 0.018750745 5.681042189 6.227622985 2.174705488 4.156639765 2.268144819 10.584929504 8.304943890 4.946690710 4.829748480 2.990055906 3.860151319 -2.672253690 1.052228509 3.233049672 3.579129193 4.924907536 2.100488848 5.475386021 0.134358128 1.698224820
-44.670105477 27.503878613 -6.490184394 0.482156152 0.487088169 0.132184783 0.716098977 6.189621396 8.803546431 7.627180674 9.374769524 1.183701026 4.633482552 5.074149294 3.606764610 2.542812212 4.240754125 1.145432038 2.779928815 2.947215951 11.549053662 3.648446954 5.515831159 1.471557587 5.671356531 5.752296406 6.333642386
-40.382236423 26.485993617 4.340306800 0.137823730 0.391279045 0.554466296 0.721437769 7.375609353 1.178586565 5.303368575 3.074135044 1.788116434 1.419883416 4.082558449 8.214495422 5.160569200 5.037849731 3.872287576 4.301160144 7.927977066 12.753545769 2.106843301 4.700594729 1.553042653 0.959341583 2.216070857 1.290585069
-30.235196466 34.339078119 -4.732187792 0.369493761 -0.814441526 -0.114024028 -0.432617479 4.821145482 1.259676937 -1.397970673 5.389757441 3.367886127 5.463113166 7.039180943 4.857900576 2.962092447 2.952311125 5.505410871 4.891012828 6.920310067 4.018535195 1.722301186 6.271178293 8.463598084 3.335154261 2.118799476 5.851489187
-41.767959311 25.444503008 -7.197053236 -0.502790065 0.778849215 -0.309664165 0.211433575 1.751846565 -2.128222719 7.811124638 7.684373634 0.670432666 4.493718538 -1.540436782 -1.364163669 4.471370000 1.998090951 6.287713917 4.154114069 3.879000740 1.782782071 3.723618142 7.124541820 0.304159513 9.854735646 7.598986551 1.742536008
-27.938125411 33.778254681 -2.261404663 -0.834107728 0.036767511 0.339423902 -0.433248038 3.412510912 3.942017158 1.811808032 5.149679476 6.547585594 1.191442453 3.493220288 2.941653317 7.083789900 -2.564547397 2.950468920 6.338675744 1.912457373 8.237099371 6.681687182 4.054880528 7.368009794 -2.721869085 7.907732223 3.357400936
-37.453213964 24.818134483 0.236148746 -0.124888158 -0.813362348 -0.547528695 0.151845210 7.433374375 -3.705919935 2.829392088 0.582510069 8.426121915 9.505469369 5.150198731 2.045018824 5.127558568 4.796921841 2.942022357 -0.031957776 -0.467725150 6.385193089 5.947482928 8.442108980 5.027494051 2.605288643 6.283987265 1.373047272
-42.597109417 30.898415622 3.761392882 -0.550953135 -0.455001611 0.697505891 -0.053941720 7.747092291 3.255193926 5.323764857 5.911995105 5.176702364 2.780476295 5.937382388 6.427789300 8.278561016 3.364634873 5.365469043 3.581709693 1.971656722 2.753152093 11.751771265 2.455872917 6.882738354 5.106547425 6.833968499 3.255211417
-30.993188983 36.355151403 -5.900334082 0.596963581 0.789172985 -0.051233908 0.134965065 4.271885764 1.484665915 7.957583968 6.970527021 3.504379816 -3.731388161 0.563171956 0.993486747 8.868572465 3.934332723 2.728699201 6.567078591 2.103684290 6.483509679 4.204803204 -0.269434309 5.133888458 4.634083578 4.749871167 2.016630009
-26.231677673 30.094369248 -4.320428214 -0.585153333 -0.035159531 0.144768206 -0.797120788 5.422813378 4.345121095 2.748084067 3.566096642 6.913380689 7.393182180 -1.354464100 -0.783267025 4.140107279 6.381009662 5.137853498 3.680296583 4.370939944 1.552777669 6.755049920 1.172456033 8.846294664 5.865039150 6.209564568 3.373174031
-31.816354675 29.148441875 -2.510434497 -0.721702867 0.109363099 0.680038819 -0.068788725 1.238277409 -0.711368426 6.270857408 3.833766639 6.634126498 3.556428691 1.766277483 6.648829282 1.451471110 4.538207034 0.557994252 4.222258101 7.033195966 9.797532196 3.017569529 3.963530148 6.045820230 0.776125620 2.951160323 4.366892110
-40.111956827 36.256061207 -5.289447934 -0.100046904 -0.616501369 0.310457743 0.716611937 8.256727594 6.390515433 2.053870734 4.442630402 -0.680390578 3.885313597 0.708160602 3.056695953 6.814204452 3.358943987 3.260025452 4.928061156 5.432092322 8.656904815 0.219132280 4.702631347 3.094193238 4.257865440 8.302672843 8.515268323
-30.793606411 25.298643903 0.950263172 0.345462788 -0.930625257 -0.099688618 0.068222229 4.799560413 -1.033768201 7.510030311 4.277912083 5.609980979 6.466341655 4.556104307 6.559906609 8.125744065 1.937530246 3.518743162 5.755733986 1.656039721 1.955435778 -1.154472875 6.274229895 1.882606298 8.287168822 2.908515886 7.956209282
-43.037365987 23.201535399 -0.912560994 0.792416239 -0.201820574 -0.282363947 -0.501612961 6.644359136 8.571963183 -5.489678702 2.153474997 6.764886957 6.234841034 2.358267653 4.388107662 1.445725545 7.041699563 4.862909313 0.486248379 6.710081203 1.841754677 7.413723912 7.908168411 8.947623849 5.037948914 2.831936573 1.567501599
-33.044496746 35.422611723 -4.926104598 -0.239307333 -0.700968623 0.089185210 -0.665898632 3.982449422 2.364676339 5.601031903 3.004718300 4.733290955 2.085371108 2.744242317 7.832059334 2.202763833 7.011136989 -2.277768050 8.061278913 6.280020746 3.625809328 -2.563145166 -1.605568496 4.281234789 -0.292291951 3.164763490 10.289940793
-38.359564234 34.151893208 -1.331531773 -0.279849034 -0.729540908 0.034026172 0.623134657 3.277207872 8.261429276 1.493273145 1.855013052 1.355287305 2.857157403 7.284513121 2.728828886 4.185960724 4.427342932 3.060895792 10.809084324 4.476089705 6.623894396 0.588512489 9.371582270 -0.927607993 0.554445330 9.950453659 3.293413688
-40.037170921 27.259616656 -2.894966031 0.473379897 0.792851463 0.343298297 0.171593444 7.581199428 6.561472298 4.508615766 4.098953332 -0.529902432 2.806898103 -1.478826581 1.797942563 6.280551566 3.071316329 1.040209977 3.198468954 1.768106639 6.306689197 1.001924007 7.117124802 2.489429857 4.663388939 3.376908636 3.463317918
-36.654206258 22.165116469 0.428555397 -0.849502564 -0.365812926 0.356756166 -0.131344336 4.057914667 2.008425315 6.123224862 2.330407302 8.892700001 5.303864149 5.290251618 6.358728226 10.010694931 5.672601868 3.566485171 9.261061575 8.429774312 5.146687393 7.080953862 4.757405460 0.713881222 7.465270500 4.263928935 7.631655293
-45.145218298 29.638475691 -0.101949546 -0.532016722 -0.408903455 -0.338301274 0.659779070 0.629620096 3.627499213 9.071499739 2.459068318 7.605219617 -0.110295502 3.937591784 9.982771967 5.103368399 -0.995395035 4.253773043 6.615643517 1.160668217 6.641686025 6.470802485 6.741900060 5.079816540 3.732601905 6.370606492 0.637814090
-35.056889306 34.470529216 -2.769661979 -0.882406791 -0.168533804 -0.117935187 -0.423138161 5.121965310 10.428701757 8.198611836 0.584317804 5.124108586 -0.871996288 4.386295733 6.901645320 5.277163437 5.761374307 3.202061232 7.176337280 4.335688221 2.060585495 2.750728350 4.066766737 7.147951856 7.177753586 8.309161766 4.436528099
-42.117535536 21.551793349 -3.820597577 -0.096626739 0.367585316 0.347100963 0.857359452 -2.043982250 2.057472877 9.975623621 3.694300643 1.086761692 1.074488122 5.333020327 6.244361779 5.761394657 1.256003709 1.276566675 1.446956002 0.175734921 1.004981032 5.778914394 7.178562430 6.672286418 1.719168816 5.587938693 -2.656306304
-34.310088718 29.474685474 -9.512148412 0.868595005 0.472566498 0.112812601 0.097452243 5.664246914 1.615030643 8.589413438 -1.308548448 9.625960179 2.515112469 3.631172958 7.937617382 4.389099288 5.520097814 4.930910564 5.012141461 4.467330700 3.533224237 2.899332138 5.582604571 4.189041725 8.059823605 3.871785096 -1.794203006
-35.050203089 25.320402447 -9.028828566 0.603169491 0.452866931 -0.003669227 -0.656570365 5.348905274 -2.597369882 6.746059481 5.274878234 5.249041129 0.806934039 4.915593013 6.313538008 5.939684406 4.653969516 3.485921177 5.012211878 3.795139172 1.024977870 4.905702891 -0.973325332 3.886936352 4.200810526 0.121212720 6.407726597
-35.917343209 31.646905192 -3.417540093 -0.513728382 0.813935777 0.232508478 0.139755175 9.066669746 4.514549644 5.033493942 5.184175721 3.332982184 3.885778520 4.481837749 1.275704442 5.751443950 5.606419253 2.132563655 2.618973679 4.520601276 5.148581543 2.201058993 0.758283784 2.192653557 0.377466910 4.442268819 2.756997183
-33.206063105 32.146849915 -8.260072685 0.971471504 -0.215669728 0.083540844 -0.052446280 2.715744854 3.052817035 7.826594222 3.265876406 3.479706213 2.589223863 2.015249894 4.627525585 -1.606450806 2.840915457 7.368873317 0.886491000 7.588162148 3.148634546 3.987478073 5.935779783 5.708722948 1.051061447 4.776335416 -1.189083723
-34.745326432 22.191692631 -1.193786992 0.306176079 -0.007063439 -0.504546689 -0.807241572 2.226509346 0.774985891 -1.322549142 0.718806454 4.545007101 -2.468824145 2.997793291 5.514203234 -0.314329286 2.673673188 1.455505531 7.093504755 9.027828522 6.042755934 9.927596631 2.532890990 6.494546918 3.193276056 2.956407693 9.540928923
-28.297861873 29.460614404 -7.320522782 -0.293088786 0.888162648 0.170775588 -0.310002860 -1.548351520 1.248835075 5.326383429 2.998026826 1.955130232 4.911555276 7.212221833 0.691533926 5.288136002 4.995749714 5.953269336 -0.701434894 2.171122384 2.008768816 -1.147832241 10.440154591 2.544364067 -1.566969752 -0.869697616 5.237032385
-33.907899475 29.551956551 1.398945461 -0.018388469 -0.059150466 0.997342716 -0.038348311 7.021692931 7.244199264 10.482398104 5.776969222 2.568787000 2.786427998 7.491044422 1.838609956 -0.533209498 6.960334703 6.031346031 4.432885781 7.287125349 2.277523230 4.178034814 4.918143814 5.145845199 1.378140525 4.384893680 6.872979864
-29.689762794 32.239018336 3.932645750 -0.496057892 -0.584582754 0.642005759 -0.004263296 3.339976903 5.628362081 1.723961948 5.686757730 5.340870507 4.442204234 4.392366863 6.335735946 0.527412959 -0.556705633 3.406888029 2.830567189 7.077828514 10.637578975 1.894198497 0.872575073 4.104284898 7.022412183 4.713653870 4.785093831
-36.197423942 28.992361246 -9.640617386 0.175510277 0.548397238 0.742895645 0.341412761 6.658966016 0.801924967 3.675884903 5.529045610 4.719056665 3.107825107 -2.109450726 0.439192281 2.780869000 4.015615692 3.317822245 1.442246004 0.619818042 3.097133912 5.106585345 -1.112418245 4.457121861 -1.734173195 4.374888459 1.454378325
-30.917639716 36.698175073 -5.700073925 -0.611278604 -0.345665172 -0.670424827 -0.239550848 1.146619081 -2.748557271 3.626295418 8.819548020 3.807287055 -2.772024166 3.729702014 4.257945910 1.545988357 2.384442878 3.682001262 0.590887779 3.609021050 0.554757534 1.965360824 -0.139414687 5.091888859 7.125743271 0.070104120 0.316755256
-29.459959349 35.482135908 -3.420891285 0.226508605 -0.308398955 0.701850091 -0.600824755 6.851742809 1.061950177 7.606739914 3.303899192 3.407821052 5.564030914 1.628278554 6.473562238 5.042718700 5.120509105 3.281462579 6.760040863 2.341386375 5.132458342 2.750503204 -2.968981979 2.475840945 1.029146760 4.862171695 4.742499909
-41.782498856 31.774345179 -9.298521965 -0.675310922 -0.535051538 0.210310661 0.462000472 0.501139830 7.851218736 -0.370307502 5.195255775 1.900546588 10.653939905 6.550654358 6.739696391 5.761270458 7.496452825 6.001922778 6.889669145 4.104882088 8.191791622 5.973378618 0.880039588 2.900934311 0.153524562 -0.221539767 0.641369223
-42.132737903 28.455241001 -9.377539953 0.114885365 0.101713821 0.906793269 0.392659673 7.768057884 1.085675602 1.489840644 7.843602761 -0.738089820 5.420363511 -3.164811860 3.519863600 6.949800995 4.850316236 5.494747220 -1.669081053 5.740043768 8.382392792 4.723693504 -3.045213951 9.811557034 2.012227173 0.140125931 5.295291058
-39.900412358 25.285372677 -0.912177112 -0.160826276 -0.380161369 -0.898419371 0.149849512 3.016087071 2.497058163 5.171900986 -1.901957262 3.893727619 2.810916624 1.278478070 2.033955163 3.564966968 1.061203210 1.572963569 3.330921558 0.995251249 5.736073436 4.657197959 5.146922897 3.283063229 -0.196087307 -2.249457500 -1.607681278
-35.674503629 37.173775693 -3.596281074 -0.653082294 -0.199309984 -0.542353725 -0.489501261 0.270835267 5.729157469 9.267509121 1.820245137 6.262491869 2.090246493 -0.822975827 1.434073827 5.941661713 8.207702274 2.966109517 2.945469901 2.618580855 2.000055497 -2.647152813 1.810500834 6.401600873 3.646158928 8.222200571 8.184517745
-28.916937442 31.685880566 -1.652918448 0.091319308 -0.888625429 -0.093551496 0.439606357 6.477048709 5.457011828 7.444836749 11.973965647 4.422855055 4.924841877 4.806257253 -0.366529715 9.227751852 4.056895085 5.141911960 3.382952558 6.575280031 5.265976010 2.582102453 3.464212846 3.836942604 2.214519518 10.146393635 4.335740462
-35.499372128 34.911907692 -3.588515523 0.028392411 0.985483891 0.006676817 -0.167244707 3.692515288 1.582892148 2.805661189 8.899290820 7.973848231 4.785002569 9.805938029 4.613314711 1.214119685 1.822745377 2.681943349 1.771678118 4.705470509 4.102234747 9.874276194 -0.103073101 1.044419496 2.486948876 1.823881346 1.166018796
-39.920232828 22.277098628 0.489747385 -0.123367800 0.316463878 -0.335966804 0.878497186 5.247757180 6.335080794 5.906934979 4.579046063 5.906568080 10.750618998 5.024549725 -4.016662889 1.157915596 5.259663506 -0.742658606 5.910028328 8.615273494 3.498039982 4.971709281 6.714509234 4.905107643 4.361648530 0.451243651 4.081935029
-44.423634245 28.314531184 -3.650025612 0.356719570 0.391253506 0.276577617 -0.801982958 5.334261780 3.418400208 12.155999868 -2.087208499 8.490407263 3.007229757 3.836268471 8.431458750 2.386279998 4.142754602 4.545625244 5.991382683 2.723862332 5.524119628 6.024549263 5.687514293 5.941295277 0.649488592 6.678380085 7.885427430
-40.134231474 32.950514226 3.536129407 0.231792681 0.648320517 0.197941414 -0.697690373 7.771486105 2.816375344 9.477782665 3.911909102 8.534466447 2.942428313 6.027446785 4.805510607 5.049293434 4.056940919 3.040090009 0.621178404 4.600863496 5.079353454 8.790564951 -3.617537818 5.889837790 4.942898270 -0.666235326 5.461370452
-36.542888328 31.648344515 -11.910732440 -0.297643920 0.116876679 -0.643499096 0.695454422 4.161256321 3.570697618 5.540170230 6.149750985 8.659559887 9.376647713 4.603302912 1.598281501 3.674300926 0.428459889 5.684391741 1.326272878 8.273403993 8.673621831 4.359763619 6.329801787 2.569350477 -0.918332263 1.815356886 -1.274440085
-34.083597864 26.359432864 -8.919835685 0.616739914 0.538437756 -0.222560051 -0.529323799 3.390262690 7.336881596 5.120310443 2.164881714 4.324741851 3.166227462 -1.829000321 4.650070452 8.586418482 0.058544080 5.975437179 0.246864613 5.385460868 3.701527406 1.133904634 6.813465281 1.185356708 2.046495756 1.381080644 7.011907247
-34.373352655 26.014753505 -8.925607467 -0.776538576 -0.408190805 0.370497658 0.305122258 2.384294094 0.027555007 4.973325219 0.304315492 4.155307751 6.542766084 4.418244388 -0.332882249 2.136660789 6.390490741 5.944146958 11.858795654 3.997553339 5.071438965 -2.901010732 7.251287411 4.154482474 6.237173017 8.173800952 1.264178875
-37.724179434 22.107672500 3.123668575 -0.873519722 0.306685904 -0.358328424 -0.120448295 4.930578442 3.138254624 2.080113911 4.431784968 1.146050914 3.065969942 6.565053761 3.290550044 4.353686038 6.205541934 3.616834842 1.416829916 4.944693258 0.177423619 8.418366127 2.667914440 6.565711265 7.942549256 7.628111975 -0.765097647
-31.975788008 26.500542245 4.215075786 0.337006137 -0.566771781 -0.474123592 -0.583441026 1.182048857 3.356028838 1.274806687 5.509881340 6.653820474 5.769634955 3.154922198 3.689588703 2.155731607 3.114028592 8.795194065 3.095899190 2.190646080 2.218633482 10.137689588 5.079436722 6.747532064 6.366236429 5.480093474 7.675055316
-34.235605643 26.525789551 -1.058895137 0.657925685 0.537437478 0.403282200 -0.340085603 5.964757873 5.783015832 9.997767064 6.981734023 7.066801319 4.918818183 3.443569816 3.746370354 3.569602963 3.041631806 6.813686771 9.642102264 6.501620430 8.152344144 4.466197036 -0.571925642 3.282060674 7.896726568 6.430250802 3.626275999
-35.012640682 34.697172204 0.654076081 -0.700096452 0.642148623 -0.312258160 -0.002224090 4.406089540 2.901562836 0.804284045 0.022027823 3.626887625 2.372444475 4.987717958 5.373456575 2.728376642 4.254217516 5.537898287 -0.120730551 6.071207034 3.044126947 8.377897433 1.081352364 5.319112050 2.515028267 5.779343357 1.626703575
-35.557630401 37.471493239 -0.477156050 0.062553715 -0.927931340 0.344485606 0.127906719 5.670800832 6.402218157 6.943707946 11.262469550 7.629418132 8.209448910 4.173345539 2.432695663 1.783204424 2.717869842 -0.257865274 3.829143599 2.018850204 4.744878496 4.218068693 -0.313246163 9.215938717 4.151879188 8.008315821 10.585637932
-40.176769081 21.923084993 -2.605545241 -0.029637659 0.929380563 -0.305190430 -0.205504695 -4.058255256 11.563716452 5.873272844 1.855162534 6.053053688 4.982690456 -0.474485802 3.541638465 4.710272786 3.859234449 8.121102827 2.967028220 0.820733935 6.555360305 4.851517904 2.015829812 5.466126352 10.857086301 5.739233875 5.431587093
-28.348770968 29.377026941 2.872796996 -0.906774185 -0.015232363 0.232920089 -0.351107938 10.663550418 9.234947571 3.303091221 -0.578011244 5.174374854 2.225212009 2.595671766 3.784439267 5.524178895 6.164644626 -0.161553324 2.935246552 1.506612016 5.824533406 4.760467465 1.803558800 4.784615287 1.937851047 0.283256976 4.323068332
-34.058452644 22.366898514 1.325534765 0.762626934 0.333163576 0.048514833 0.552311961 9.078336536 4.582953158 5.647554422 5.412017189 5.805714670 7.997926704 2.274406283 6.778120781 4.467834122 2.596725059 9.807898382 -2.238248987 3.810809618 4.960850667 5.477872067 1.151144847 0.607729059 2.747513225 5.638019863 2.740654904
-43.147632877 24.740624327 -0.678480596 -0.685286228 0.538153202 -0.300736973 0.387725663 3.489081056 4.281222820 1.973175770 5.090253499 8.129797502 2.679367081 3.589283141 4.600404219 4.345536771 -0.853108403 5.018686420 2.698284996 6.386506150 0.416897207 4.950961336 7.321661323 2.640894313 6.628558787 4.085470424 6.183273273
-32.073106568 22.791369014 -7.036643608 0.373101749 -0.139056485 -0.508940351 0.763176322 4.986289440 1.047956864 1.853334500 6.472666205 7.642963329 4.507790704 7.221920234 3.895271871 1.582756265 -0.660909940 -4.116664917 3.614007380 5.770584640 5.047678774 6.489676127 8.750246386 3.366334884 1.287171180 7.305191690 5.551652790
-41.825507513 27.399548020 -2.230148605 0.162103258 -0.078515857 -0.543469481 0.819877257 3.742475190 4.190424930 1.490133236 8.533588843 8.667650057 4.472545729 5.305328316 5.432494097 4.925513302 -0.277217838 8.852425459 -0.154615981 10.591217088 -0.419832347 4.240031428 3.889951116 4.923093058 10.617266801 5.856438147 1.272783097
-35.614214441 25.128334242 -2.311260865 -0.299657485 0.106366208 -0.513940854 -0.796716023 1.547440493 6.969990660 3.959858689 5.296167551 5.494681754 3.440875557 0.865319236 2.874472976 1.796454912 0.325560485 2.605361098 3.928911977 2.929341671 8.019847662 2.496413068 10.749368811 4.096017182 3.358998020 6.678765698 8.195994084
-32.144511622 33.302548746 5.341476358 -0.246097386 0.687259819 -0.237359053 0.640913955 6.589480154 7.047517096 3.393536122 2.919076562 7.412412636 0.219677154 -0.828401629 3.936208752 0.597136572 -3.454620175 4.453850457 7.911821648 6.320243769 4.972140432 5.236011919 1.787909558 5.659300797 -0.154831799 3.118663006 -1.523324809
-35.317057351 30.301266746 -1.306724879 0.844393640 -0.207088990 0.493264471 0.028349486 5.818769460 5.480060131 0.250128615 4.517835131 0.947543249 3.092296143 8.424160145 3.563870276 -0.158933243 4.583179780 5.700387576 10.008574465 3.419708756 -0.874844541 3.841423716 5.528552121 3.215968216 0.783358528 5.724204732 4.339324486
-31.124640514 23.185458543 -1.280142810 -0.701026669 0.595440331 0.240860262 -0.309836661 3.946315445 2.165263101 5.780017188 -1.285334838 1.427880153 4.425585493 4.503528192 5.198851684 5.018650943 -0.477021061 4.260962024 7.013755059 -0.561440372 -0.158021269 6.487433099 4.200681106 -3.189928702 7.962574539 9.310199988 8.340819183
-31.346115340 29.428795756 -1.820415141 -0.245361184 -0.807561153 0.424936051 -0.327218927 5.642440596 0.449989818 1.600320974 4.175263367 6.565963992 6.395405973 2.577859824 2.472540454 5.821343017 3.603487122 0.845855599 1.151913489 0.093717332 -1.245736233 3.826934773 -3.731208433 5.859204887 2.883033850 -4.617116534 5.608674400
-29.216135613 31.967316491 -4.644066439 -0.118984749 0.227814526 -0.771554257 0.581934017 6.948994341 5.006696779 2.989953355 4.748220449 1.903619438 5.482072494 0.474420490 0.170246485 11.644746405 -0.621176690 7.226253911 5.965039631 5.157348978 6.040741170 3.841586309 9.127008105 7.227287388 4.442434297 2.154491909 0.236722899
-38.409267625 24.236269332 -6.575109635 0.328812214 0.251535999 0.207083379 -0.886413359 -1.843399972 -0.442332381 2.645836982 5.444634886 6.317718237 2.906178728 2.900951938 3.134500084 4.825293993 3.934636178 0.737894969 8.456431106 0.262469631 4.672136758 5.113728520 4.741016480 4.346840324 3.533607640 11.408262491 0.467044399
