-43.491571575 13.247839922 -0.607343232 0.321821319 -0.431721810 -0.266871415 -0.799266517 3.220941415 6.473375235 7.383011853 2.581316813 -0.581379157 3.944569913 6.374947057 7.410715363 5.507146201 2.910901279 6.049295342 2.145192024 8.924237783 10.807037274 4.481642456 -2.629683505 8.450249998 6.650321139 2.338043940 -0.704230483
-41.727057821 23.145191851 0.082161386 -0.500653125 0.739550133 0.082793133 -0.442218663 5.773384626 4.375863909 7.315200255 1.005577004 6.881587456 4.287822010 6.624603598 2.985334388 4.024141940 6.002800279 3.698040464 2.495826147 -0.984598771 3.835997847 3.161166777 4.797185427 1.538002722 1.356299900 5.051014698 3.094557348
-35.034722812 19.663221244 -5.709294196 -0.183037424 0.633013033 -0.002303861 0.752187805 -0.390057255 1.569087770 4.803081934 7.626784369 3.593188847 2.431194785 0.798331841 4.711696495 3.404441404 6.717408082 5.521886302 7.882622110 5.385725246 2.315473835 -0.405849179 11.495884034 3.795642322 11.054744535 1.656921609 3.330543561
-44.521138165 28.413508686 -0.770058388 0.289109384 0.024908895 -0.295880985 0.910082279 4.955723224 6.606122862 6.973880558 5.555246672 4.405678955 5.800706513 3.039781021 0.276907947 6.112375883 5.121376322 1.398954510 5.415046377 3.190182158 5.912914115 1.400284699 4.538309080 0.445603180 9.726359848 3.134209500 6.980497236
-39.556233884 26.439904056 -0.843498682 -0.430712681 -0.338907765 -0.221588398 0.806552351 3.622484272 4.511153064 3.413909367 4.885836466 2.088689506 6.863890737 0.096775074 5.770935785 4.551396685 4.446182099 4.296132801 1.020925532 2.258532229 2.345552695 5.767508938 9.009646773 -0.228877545 4.687709752 0.528680608 7.065439259
-41.476107648 14.805408624 3.423479064 0.659721465 0.274327251 -0.249487590 0.653657472 2.479073816 4.021386996 2.362074827 -3.830987546 4.613789494 10.524765903 1.550066746 5.529022508 6.972724223 5.301637250 9.643508155 1.337915278 5.489331949 -0.586169776 -1.702050122 4.689691020 5.898713347 5.511463073 2.633513505 -1.195457693
-48.655824662 22.250236801 -3.534923038 -0.757057321 -0.114287029 -0.520017790 0.378661043 3.167812256 0.916140590 5.319595083 0.392533551 3.397640027 -0.497927439 3.343818252 5.590100044 5.459288136 4.820470330 5.403699535 2.014334849 6.501092986 7.140217043 2.044952661 1.915564757 3.847325303 2.618910462 4.356030365 7.726577528
-45.832281512 20.176126751 6.562170520 0.543162811 -0.542037496 -0.633822304 -0.097153491 1.384562607 4.083033662 2.514807946 3.826629691 2.744477695 0.225484364 5.890909172 6.762806421 0.785343985 4.233101681 3.547279332 4.266161434 7.903882431 -6.276218564 4.589359271 0.783968053 9.347964667 4.982794210 3.840112935 5.075106086
-40.720656205 18.298086135 -4.115078992 0.400172988 -0.697116350 0.361329250 0.472579673 0.272269417 5.272287841 0.797098133 5.726329036 5.104350658 5.717361954 3.230509964 1.445368205 7.261325755 2.334298055 2.128168080 7.310731653 8.976888689 7.724718020 9.914646949 6.035686059 0.180859898 3.448234727 3.117022054 3.783880477
-40.178352461 14.018226707 4.016935840 -0.889083726 0.071835997 -0.250276561 0.376472257 4.310200144 -1.149403098 4.193472108 3.795588591 11.811781343 1.911983281 4.261353590 2.659588659 5.171274708 -1.064527860 4.110645334 4.595563494 5.995057210 -0.161150838 5.568948788 6.865837483 -0.082075465 -2.269228219 4.640034190 0.422338164
-39.476079976 11.501996207 4.695026722 -0.151430343 -0.579409309 -0.698746944 0.391288145 9.828770036 3.743293177 1.645709134 0.861504294 6.250754720 1.361574705 5.773597579 6.314562802 6.519840088 4.179978560 4.722271583 8.551890766 6.792632346 4.892239808 0.926938630 -0.208846371 -0.412498723 3.871729108 3.170461927 6.701404871
-41.889100905 12.283212930 -5.461981077 0.708842364 -0.248485963 -0.588955904 0.298208269 12.050068037 6.572483458 12.829712337 4.158237591 2.117945301 3.172759103 1.343555123 1.396054682 6.585842562 7.726735344 7.582162459 3.213279638 1.794806340 6.803242726 -0.361854657 3.969202048 7.807273191 2.251610125 3.363808616 1.526600044
-40.915501478 28.153015858 3.018556365 0.379559216 0.051133759 0.361136463 -0.850235612 1.516489634 5.070089529 5.516999263 4.925982492 4.745832454 6.683438012 5.660509082 -1.451875472 3.603254583 0.208235165 5.985745437 4.420661447 1.320403452 8.927522651 5.486075468 5.819839820 -1.874700668 3.199267318 4.755557161 -1.526683111
-35.921056126 18.017684290 -1.001157251 -0.177981023 0.846692904 -0.293046846 0.406887488 4.665602833 4.233701028 8.780369885 0.923125464 1.754697216 3.270425223 0.216365256 8.044090002 2.975027683 3.259660824 9.638037726 1.171348878 5.465239458 6.261954722 10.981645064 2.690061139 3.616734606 5.199141780 7.623793566 3.025583874
-36.395687342 24.674496600 -1.173167242 -0.447293381 -0.559397933 0.483616634 -0.503107877 6.699482722 5.597876770 3.569317426 5.188350567 3.366533676 6.360451520 2.871376788 1.485109396 4.639710398 4.850785412 8.697716366 5.921572677 4.333099529 4.021410789 4.841373904 6.710139363 -0.528957217 3.819219470 2.902762136 3.182721469
-46.811209884 21.299373147 -0.754227271 -0.448127161 -0.180094942 -0.596403963 -0.641131946 1.952388675 6.619164284 11.259703741 3.737423958 7.238941205 4.813765729 4.063034735 4.484888013 5.795154629 9.723440918 10.483101256 1.774967947 6.888480126 9.980156867 6.989373982 2.242574475 4.289201059 2.831566811 12.040588688 6.381905839
-44.349080471 27.224021152 1.685055962 -0.799869429 0.461947026 0.068806906 0.376934280 6.901493295 2.490643325 -1.257200319 3.778901234 3.992911872 1.447502361 5.208864291 0.168712809 1.045061705 6.630225247 4.526692650 7.377602018 -0.978693919 2.164252768 5.581522784 2.978268636 -2.368378335 4.342971692 2.216141151 6.009979012
-39.260156206 14.513724149 3.717329967 0.030339743 0.236669041 0.968841044 -0.066440169 5.249907915 4.226970154 8.553803307 4.923918527 4.690677984 -1.638196169 5.839040416 3.534264104 8.458939014 0.834685509 3.111417428 1.908761506 2.140000780 1.808997244 5.551449103 -0.856708324 0.817453929 1.698142975 4.050858239 7.228682920
-44.849673128 18.010212454 0.696010973 0.955796111 0.027783225 -0.058277587 -0.286854683 4.471829290 3.789614034 4.903597282 4.593253743 4.202753989 2.788668513 5.541056419 4.104501481 3.856892263 6.923577779 4.094556831 -0.029882324 1.642848052 5.152613726 9.000216723 7.830192353 9.850435472 4.101301061 5.432595132 1.052096321
-46.318103000 26.135616349 -4.730938219 0.321416932 -0.639229418 0.698582616 -0.007696454 2.871611548 1.769451699 6.485109605 6.677947939 3.324399417 9.103411084 8.607082442 6.195991521 5.863089245 1.751045719 5.891529275 3.055043353 6.983181511 2.427438676 6.308606237 5.760298186 1.050701993 4.677373926 5.165580235 -1.829287744
-43.263338188 26.749219694 -4.456605811 0.266741599 0.263900002 0.635856496 -0.674456985 2.457245281 2.518262683 6.646164551 3.157524276 4.745612938 2.811352519 1.682795889 4.616888951 6.242620133 -0.545614159 9.733406146 1.576255566 5.235287952 -0.210589493 -2.462294784 9.386463898 0.385303120 1.324915265 -1.501473890 2.049995595
-35.035335842 20.492591072 0.444132252 -0.328445715 0.449757580 0.771119300 -0.308571800 3.630382774 5.840007485 4.932742179 3.306276032 10.666915004 3.824206658 8.626717114 7.521344120 6.665798168 8.030474083 7.491005377 3.272646173 7.057215872 6.802948608 5.728327115 4.536231156 4.338779613 3.783395479 7.923887308 6.511029213
-44.880844114 20.212733055 3.633883906 0.568728313 0.093291145 0.036518177 0.816401428 6.113953115 4.177375960 5.474019931 5.079165577 4.688676484 2.046789864 6.197008250 2.740023941 3.785324504 7.048238231 3.928717430 -0.672854246 4.509876292 0.355897736 -1.362567590 6.002164392 1.822037409 4.559067293 4.813552038 3.958045205
-44.847882243 21.797071582 -8.722938159 -0.211277958 -0.644659043 0.253120529 -0.689714681 9.345801295 4.380124351 2.331904170 4.910811731 1.142819311 8.321632455 3.988720218 10.808372093 5.305899585 5.163631213 2.055680217 -0.109112027 -1.320007988 2.915279001 3.706793670 8.160499491 2.474707375 8.550460514 3.011631947 9.268135095
-39.143078909 16.939899741 4.820080559 -0.753526746 0.522626269 -0.396121371 0.046336660 -2.441870290 4.081652562 3.649049994 -0.589067948 0.984501382 5.386880253 1.514026396 8.429670871 4.402119725 2.178124382 -1.018531104 0.791371358 5.264563996 4.171621418 1.767029313 5.225668570 4.952487778 6.564261493 5.809487397 5.693359908
-39.745026370 26.044984663 -2.349256751 -0.686600740 0.667935477 -0.136660734 -0.252518248 7.384799686 5.471784892 -1.255567530 0.374897067 6.470159304 3.046593553 2.332316990 3.874601000 -3.130493309 1.613130292 4.709094615 -0.737279474 9.446746992 2.411472192 8.744666507 4.998259616 3.381434894 3.161484555 3.051458314 3.994074888
-35.998318608 21.382426016 2.654339054 -0.007318808 0.618519683 0.478572938 -0.623175561 1.411925785 2.874359732 1.823858455 0.202233067 6.734153230 2.628467233 3.103841426 8.597625214 5.305365605 8.053268510 5.926026064 0.733041061 6.024145959 -0.124315337 1.453223518 5.317530971 5.766938773 0.919101658 -0.322370832 7.226834056
-38.158843372 21.708888260 -8.732188305 -0.297821324 0.533173427 -0.008731404 0.791803207 5.635010308 5.337626510 5.522022474 4.984027478 -0.069834001 3.109988963 2.008324984 4.159022808 1.386456693 7.562857144 6.754026901 -0.986359978 4.461587529 5.085058454 8.151373584 2.838547030 -1.656852812 1.208666487 5.531849717 8.048893460
-38.640803488 18.356089685 2.298791869 0.155619915 0.139701110 -0.717441188 0.664487911 4.646783411 -0.379245654 4.081737462 9.213919198 6.848761297 2.138528987 4.239177346 0.267182148 -1.100799740 3.026785438 5.563062681 7.017540111 6.310578103 6.976255659 4.410703286 -1.327728563 2.063773567 1.869053708 5.758822096 6.140919218
-36.471229522 21.665317056 1.023709268 -0.574385951 0.591987343 -0.147186173 -0.545864448 4.774745462 1.860975392 -0.675838204 6.912921857 8.063403901 3.245784367 8.565545022 4.006855362 7.641414046 8.978173685 6.108413350 -0.235036021 6.150358762 6.213230127 3.140669422 1.648585750 0.231798596 -0.502957753 6.298047231 8.654922322
-34.900281992 14.389361909 -3.304791374 0.078398574 -0.015331682 0.396730766 0.914452461 7.072786299 5.813782974 1.508210646 3.845065872 9.241269396 -0.548338769 4.705758942 1.134542783 2.617044941 1.229655470 1.477106760 3.489741099 2.893500777 9.719595337 8.112357582 8.898803519 4.301955787 0.249699916 5.790306031 2.331252929
-40.818773391 10.091449863 -2.168274708 0.269787295 -0.719998146 -0.632921133 0.090710113 4.191396865 3.325762713 2.846069864 3.303095684 7.123442701 5.662992645 1.769556127 5.973725096 -0.853162139 5.011840441 11.517259260 4.921520051 4.991952226 4.889722089 7.122958708 0.076081757 2.923723945 3.298188950 -0.717621997 5.604702524
-36.038746134 22.981952033 4.169372536 -0.310285166 0.797526928 0.485600953 -0.178509464 9.329898790 2.839202951 6.923163657 3.733849577 5.212989457 6.267512043 1.332700122 7.556231458 11.060481183 4.093173824 2.430266212 3.426220461 2.704043132 6.544850265 3.511365360 10.553811355 0.440067124 0.206006552 4.392909442 4.417692665
-40.616323320 11.460683180 0.304407243 -0.261740719 0.878590690 -0.299116788 -0.264762804 1.246213338 2.923041678 4.827392067 8.299487458 -3.878359159 7.797890712 2.958421166 3.869166245 6.156233331 1.997228254 5.556745067 6.329172035 3.767773380 1.586700635 -2.380422616 4.678971844 2.838548042 4.476411931 2.870736619 2.843687815
-41.056331382 13.741381947 -8.878942958 -0.005915860 0.605012095 -0.796177673 0.005145827 2.799583893 8.013416058 1.787107076 1.734234172 5.265406731 5.785850777 4.687055951 11.044414400 6.123657236 2.210942336 11.633868215 4.633904985 7.084372775 6.101013673 4.535386870 7.977171899 9.561115797 4.325438330 4.379313639 8.817038069
-38.079007843 12.479712227 -4.021805790 0.760582589 0.648080210 -0.036999420 0.011713661 4.207731435 -1.622720579 3.484340595 0.459131120 4.328471870 6.591254868 1.286146575 2.781173713 2.505883298 11.413390345 12.676159411 5.825927800 4.678779848 -0.420424340 -1.937181446 4.240560328 4.909004799 3.698972899 -0.627973671 12.494921722
-39.719312315 16.884136840 -1.492561079 0.674623991 -0.691074290 0.061086388 -0.252125465 6.425784363 6.223851188 6.773813408 6.205657836 0.574319132 3.096786267 1.558764907 2.133790984 6.330907743 10.564491868 3.082743729 0.011306634 10.143551342 6.264420537 4.525633661 1.209956399 4.170163496 -0.393771570 3.507880589 -0.855655211
-45.322746735 11.502534924 2.346615833 0.105829508 -0.245819796 0.918799397 -0.290138606 4.047071102 8.744967984 1.338707760 6.575934282 5.478785573 -1.552129014 3.802268921 6.306137257 8.567665042 1.381658919 6.378092919 7.857892776 1.072254335 4.282831060 3.714390420 -0.658949817 1.078590238 8.491002139 6.080418881 6.297985957
-34.917314040 22.568766198 6.651930989 0.714783924 -0.459417366 0.071133768 0.522455368 6.161261921 -4.557021366 6.594262329 2.357608841 9.257045345 5.157600040 3.954134801 1.130078358 0.091134867 1.786058141 4.943245968 2.905596801 1.988069238 4.152384024 6.923052885 3.620913657 6.472322309 -0.103214084 3.543062122 3.745171120
-42.894923557 14.436430070 -2.849112800 -0.399605660 0.834021067 0.306024390 -0.225993914 1.606620792 3.621580278 6.734034405 4.641926491 6.326655779 2.094955584 6.708410044 5.839429742 7.099616329 10.805728941 2.152175745 4.822091617 5.043640571 5.384295766 1.735246386 2.162562602 0.286628652 6.149243068 7.367977409 1.047719012
-44.202124012 21.152780448 8.062098871 0.094195647 0.650303683 0.564978982 -0.499030109 4.301840568 4.634189782 8.964803083 5.326479591 9.154847956 2.118063685 -1.172403027 0.763548086 5.149192067 -3.436901799 4.737136330 2.570285589 4.841331010 3.449004303 2.318207285 8.516711373 10.337705109 8.240552906 4.895803274 -0.600813546
-42.432227993 19.779722997 -6.609012622 0.591656427 0.634426681 -0.284812625 0.407832352 2.594312554 3.789603326 0.922670786 7.386508040 4.528060395 3.679525648 0.618597544 4.255984502 2.778291977 9.375008377 -2.321007806 6.941395841 3.968319314 0.085583182 0.787314410 1.755510487 2.062031677 5.452442584 9.313110467 7.654692649
-45.004423894 22.401767231 -0.913236978 0.095088642 0.197672799 -0.566731712 0.794165462 0.872581406 -2.054613729 7.146837348 4.448040962 4.825392725 3.365029000 0.740496688 9.547527695 -1.946023664 0.445180349 1.067640769 4.782334132 4.564497121 5.767977891 6.362295385 5.773479257 3.671936639 2.910699574 1.553439438 1.585039047
-40.371132100 16.150861896 0.318496006 -0.653513063 -0.694959816 0.052119855 0.295355804 -1.048247548 5.694512445 1.809733155 0.754050297 2.207899513 4.136871556 7.465306341 2.142037861 4.449973475 4.732120803 6.616735640 1.741554950 7.758198947 5.602826570 6.769642031 6.651931107 7.784955515 5.720471678 -0.429040256 5.205321108
-39.857521923 19.844567541 1.950018135 -0.336137892 0.734819812 -0.187964006 -0.558319527 3.817098007 3.900848882 11.559744271 4.325512670 0.332402576 4.635993819 2.944136576 5.911833641 5.643380159 5.309647607 4.335925237 4.644224173 2.185174055 7.143379656 4.414246421 2.926579806 1.613340723 4.841411190 1.286187170 1.827635928
-39.714865124 13.822108231 3.362523629 0.740654679 0.392642385 0.318207152 -0.442726565 7.400672193 1.900293030 6.490230063 6.078506834 1.535160309 3.526630652 4.179230585 5.572303714 1.358528859 4.752135962 11.190350712 2.656298999 7.800981505 2.511868593 5.509854212 0.104382699 4.986224910 8.042148837 8.266228619 3.902579114
-36.476937608 26.610126973 4.718161029 -0.178892728 0.870009886 0.368850432 0.273915223 2.462255595 2.137293996 3.897388748 3.103588414 1.436167099 8.694697718 4.283733261 4.825944046 3.576615201 1.307688774 6.503255290 2.472067248 7.772374438 2.497507886 4.106934232 4.240443717 1.660508248 3.852091894 5.791577730 8.325607172
-42.543710111 19.285251219 -10.028268961 -0.344392961 -0.286060400 0.885458363 0.124605068 5.334508927 5.295210715 -2.085749824 3.894133749 -1.810445619 4.479450468 5.479331163 3.946915116 10.118230507 4.077235573 2.804788844 -0.826597948 -0.781840997 2.539620259 2.824585493 5.258356393 10.764017134 5.277457906 -0.425479002 3.822436438
-39.312152012 18.286941804 -2.352826206 -0.867527526 -0.435066748 -0.070964394 0.230384398 6.217498536 3.813556767 4.263134480 1.298512526 0.980317134 4.963490009 0.735945878 4.631873827 4.443239323 0.394611613 4.196641979 -0.206203390 4.314139167 3.538052903 8.677508168 5.346342006 6.100882944 5.446214214 0.820378348 3.043407275
-42.792892936 15.946033575 7.661563065 -0.501805551 0.185422904 0.705952605 0.464155637 8.363104519 10.682635716 7.677764002 2.793793862 1.993507610 2.751416141 3.729056776 8.136394795 3.870265294 4.360898085 4.686595080 9.189654520 4.647138068 6.540574895 3.570216113 1.035249647 1.630170066 8.340159052 3.515241203 4.794198126
-45.059013354 23.353280720 0.083353296 -0.546141632 -0.548857067 0.237915660 0.586413997 4.317046233 8.132532602 2.028604472 3.470104246 6.781036286 2.416840183 7.955629362 3.959218521 6.142852536 2.649691837 5.330889821 0.945070277 3.466439482 7.919930381 4.588740541 6.007364627 0.345073611 1.612491402 8.910063309 3.193689515
-38.167706953 18.453313675 -4.943951176 -0.051258026 -0.544568060 -0.762704797 -0.345108150 8.411177714 2.485617296 4.580798045 1.955515225 1.162053204 7.662975729 5.595962080 6.588670868 5.597520610 0.609487221 -0.171642521 2.385382807 -0.297090592 7.148420015 1.955676821 11.961269716 -1.026307519 4.771726405 4.656383825 -0.259405884
-40.200860775 10.840074910 -2.687511801 0.336078793 -0.069214730 -0.939272205 0.005300082 6.241365358 6.339722381 4.733295337 -0.439532734 10.831352960 11.046487200 3.158233449 0.551187705 -0.574170986 7.474181016 7.161471309 8.674400152 2.021825611 6.715513623 -0.475656686 2.608530906 1.164687759 5.735869150 0.599276318 5.150764543
-39.327705745 19.026165784 -7.520558579 0.629326253 -0.365694818 0.621361629 -0.290043950 3.609139876 0.239713696 2.914126157 6.401090679 6.119917089 6.800268745 1.629112859 4.435618704 0.683929743 5.401629754 -1.845761399 5.734716567 0.427403166 0.900650695 5.608639628 6.595872440 2.513009687 -1.384143874 6.114572932 4.953852136
-46.382779817 24.554102202 0.792106143 -0.688069823 -0.136408746 0.530037650 0.476458458 5.079938504 5.117452427 2.882020944 2.761728104 1.264525194 6.409770127 4.489359456 4.808006604 2.022430471 5.973947200 1.239059599 3.617820351 7.028520514 3.237528845 1.090352090 1.613803776 4.040023746 -0.889806370 10.922052137 1.623647281
-43.211290453 14.847511552 2.830841167 0.388165376 -0.863803110 0.093863618 -0.307183089 4.976205419 4.504839898 9.024965463 7.798697914 3.095034240 4.318045510 2.491654728 3.690726934 1.302182067 4.218300640 6.446724896 -3.570178959 0.582118697 6.326404329 6.680827307 2.604646157 2.489774405 1.980710264 3.949366981 2.799204489
-48.101084131 15.339057124 4.074913042 -0.161588378 -0.751304796 -0.577286069 -0.275991112 0.078147562 6.877642962 6.609967972 3.530175133 2.345710318 0.079925851 3.014132953 3.357705735 8.348196266 0.791956974 6.544330701 -1.155300213 7.281367411 0.411473505 -0.270334795 2.831008182 7.747711310 4.493693450 3.341057641 4.081690860
-46.644024574 17.271388848 -8.399073429 -0.354794261 -0.689735016 0.616604497 0.134853750 4.216051733 1.342134347 6.253738465 7.849903371 2.563800457 3.639014716 -2.453371599 1.095698512 5.822361700 -0.102855045 6.034392071 1.226666283 5.158085223 0.774182032 4.525584582 -2.778525671 6.069524462 1.723257612 6.817584033 3.399950330
-48.996737829 23.448106549 1.015089316 -0.084607722 0.385337222 -0.822904928 -0.408881693 3.686252581 3.509649893 5.271384506 9.268911179 0.661963693 -1.263978881 5.771466832 6.475397801 9.496086569 10.948362427 3.577417362 3.051178491 5.053634181 -0.109177257 2.875135139 13.743554058 2.151060720 -2.197108511 -0.933037877 4.144985046
-41.829518832 13.252315862 5.563641682 -0.622445485 0.216328266 -0.668177840 -0.345401324 0.018601610 1.798959178 -0.643122090 5.514610445 1.698591442 7.049329428 3.540328752 4.533225754 6.335130921 1.735252654 -0.550507971 -0.254083282 5.264582746 5.551714449 7.826364394 3.198623655 4.738729675 13.447801813 1.486574129 3.601494830
-37.058489091 21.634020384 4.359345423 -0.498792316 0.494049620 -0.461465586 0.542375065 1.972399358 2.938309651 2.190276897 4.692687984 2.155918287 4.570010172 4.094721980 4.407563960 4.260425893 3.548295493 -0.530034881 5.356390996 5.769942960 3.425261552 1.224058248 3.285559065 2.061415646 -0.656811635 6.481783430 5.068317303
-43.015258717 20.486735920 -8.340070239 0.684294794 0.276863565 0.638705271 -0.217123879 3.602357650 2.875861248 -1.620982379 4.489800038 9.512620686 -0.672725378 3.524470725 3.778557859 1.544758566 10.844709273 1.460027242 7.021860598 5.320187373 2.958518596 -0.044506237 6.159179316 0.763675463 -2.599555472 2.936070993 -2.055017995
-47.421139629 21.612739792 2.401163345 -0.448017666 0.179256525 0.428809223 -0.763721101 6.397084783 3.358290878 4.549906061 1.756350381 1.053013520 0.754817581 2.208618975 6.498890830 4.836994818 1.179820087 0.527937847 3.099214704 6.087064194 0.799794795 -0.615889827 1.420945135 -0.552297897 3.060272589 7.057186081 0.587043959
-44.083922685 22.125405090 -7.183290125 0.219014654 -0.341399078 0.704711283 -0.582117908 -1.452825437 8.952625321 -1.751288592 3.536232191 8.856546287 5.503225827 1.919041699 7.365585128 -3.423435551 6.128920373 4.111652319 0.496413438 0.406702783 4.243854191 3.846491919 2.614693959 2.163889927 8.689769435 1.727534292 4.978882696
-44.335478913 15.051980651 2.364422353 -0.004969072 0.409088619 -0.450438059 -0.793553631 -4.194393965 2.085999737 4.873988038 9.330127914 6.112546733 3.251988754 7.601196652 2.626112064 5.586497694 1.439850355 3.301046037 1.205213145 5.412987179 5.362639136 9.508047153 -0.086289731 0.721062627 -1.895254914 -0.858043609 3.478066504
-33.466907522 22.299219906 2.025542072 -0.834392596 -0.024038332 0.541495852 0.099966979 4.895652598 10.728730367 -1.589693907 -0.396476014 5.614816233 2.030272049 3.903517661 3.550813058 1.493043549 0.340778687 4.000045567 3.639739896 0.406127796 1.371486157 3.365038416 7.941371379 2.217974332 5.390230539 3.030823874 -0.369350700
-44.986917461 19.444613706 3.587304570 -0.379607770 -0.314554007 0.773999163 0.397339921 5.377181236 4.529031012 7.375054864 -2.293554657 5.517831016 5.291807464 1.012648530 4.247274190 6.694841307 3.456430530 -1.026645782 2.320577295 1.205273976 4.829477879 2.571684160 2.053526865 5.543703824 5.037870100 6.416222302 5.136738625
-36.615848118 26.174335838 -0.902100342 -0.253874662 -0.436739009 -0.388153324 0.770807169 5.512439522 2.713981236 3.361720033 8.575220809 5.900540158 3.261625977 7.063541247 4.075600386 3.435030313 8.635534464 5.474528033 5.291244783 -0.957404809 4.873852537 6.748709897 -1.765765714 1.523281458 5.715835748 5.348407207 6.042788072
-36.942501261 22.659240036 5.090359668 -0.882227242 0.180946898 -0.381685104 0.207965851 8.475716132 7.127434107 6.744342588 2.943444308 2.706267447 4.093866646 7.235744826 2.093827954 6.347746589 6.351966656 1.854634010 3.124979103 1.436224350 6.546250456 2.158664593 -4.948313927 4.321028049 0.762990965 3.616571056 1.619358796
-42.818391701 26.863265831 -6.387840061 0.952049380 -0.163648644 0.258491501 -0.001800668 5.585310990 5.112519373 8.797469688 1.751388355 3.009994670 4.729023922 9.551566650 -1.683359193 1.172702591 7.779364168 1.903715460 7.336345323 2.401349785 2.250695215 6.341800563 3.799621269 7.801064075 2.364335361 1.355851349 5.234791408
-37.519595317 22.530381349 3.860739010 0.746759909 -0.218727850 -0.126100434 -0.615310041 6.037923537 1.309845303 0.106135214 3.259676891 0.148934242 1.395672920 7.017469954 6.409967460 -0.545646654 4.019655721 3.656727237 -3.990072347 2.710833545 0.906904380 4.416674328 7.226528696 5.424560924 8.300780409 -0.666972369 5.591976593
-40.712642714 19.023476455 -8.035856908 0.708082658 0.302746782 0.604119622 -0.204945891 4.246521366 10.855871741 3.478403556 3.982926465 1.604765699 6.244969665 4.695151188 0.548317842 6.254367265 3.978170241 4.162150566 0.184172601 1.641906974 2.760183984 -2.905081981 4.044661255 1.358386560 6.470922164 -1.140441471 7.426067000
-45.999454410 20.158670828 -7.536957644 0.367829143 -0.558667019 0.736315512 0.102138882 6.791777360 7.940082561 8.057722485 1.888105424 -3.023220962 5.435490938 -1.646226470 4.749947104 4.772656540 -0.569016623 6.081659377 4.590775930 6.275795125 -0.342099075 2.271405521 4.650975760 4.969898187 8.300443942 6.234260036 1.959189594
-44.315264385 26.784676663 -2.708121595 0.784861615 -0.202927150 -0.388949708 -0.437642483 4.681900325 -1.325763004 3.645165376 -2.183618779 4.334422127 2.313650167 2.776053853 1.702336842 6.331188045 5.188599877 2.977066747 6.697187765 8.504256407 0.836377700 2.944689472 3.898811340 4.951970695 5.936912605 3.143190457 4.915835740
-48.188199364 13.102912850 -0.247218820 -0.797729573 0.083978601 0.335468138 0.494000255 7.357191440 0.660120597 2.518187217 7.299920522 4.021643804 3.587483626 6.453962863 2.242890973 3.392952931 5.767992312 7.032642682 4.059794940 7.364624206 1.658303863 3.249294276 1.294122230 0.384209599 1.156239603 1.411551807 0.192523860
-43.500197188 21.665091447 4.517263929 -0.661643733 -0.429649855 -0.496287452 -0.362391139 -0.946217043 4.532034966 2.832169017 3.721411270 5.154651628 7.147609948 -0.737432079 3.639373298 3.468341870 1.833349135 1.928533724 -1.982767462 2.817195151 4.432826949 5.931520983 4.954224148 0.731304453 2.764269924 6.577586940 1.788750510
-40.745791432 21.354498352 4.751150898 -0.249140499 0.583580921 0.437440302 0.637187808 2.021283388 6.183618041 3.584485206 5.903390176 3.180295705 2.925833736 3.170319994 4.598218606 1.608931279 6.900246828 1.828400960 4.481174317 9.221692614 8.191418804 -1.910134349 6.978664366 3.817725215 -3.398295556 9.144149565 -1.455487607
-34.990595909 23.408157858 5.281361857 -0.140475101 0.910355794 -0.320306446 -0.221185113 1.034300169 8.821463655 6.823769318 -2.686332096 3.080236779 3.663919562 4.148036168 8.869063247 4.636396186 2.679936962 -0.187659371 3.087568737 2.878204781 6.788158671 0.904488354 1.391083832 6.453121838 0.768684929 11.855889506 5.668016252
-36.039151117 17.495365811 -9.080888233 0.739819909 0.210444909 -0.639019404 0.005800274 5.626270054 13.188787305 2.471671327 0.711339406 4.420599172 3.558875364 3.910035681 5.601616810 2.333511245 6.508853841 4.994336572 4.796276538 7.179278797 4.388854977 1.711996036 3.554674823 3.760359721 8.720022902 3.534243548 5.082805790
-31.604066318 20.282746924 -3.648957437 0.271179014 0.700384128 -0.532839860 0.389879083 2.142838866 -0.511174355 4.472863701 2.755086290 1.880628262 5.446136281 3.096351131 3.167144814 0.383134835 3.381572986 7.960939379 1.632430612 8.031439845 5.734131978 3.004870486 -2.934102047 4.711464746 4.708344356 2.178373450 1.836953801
-43.814984647 18.513392311 -3.807933630 0.017451761 0.261185975 -0.781671737 -0.566097711 3.033153026 1.687465925 2.021109359 7.032686817 3.453134868 2.930091291 -0.173505476 4.411779325 8.164212367 3.727144471 2.767867074 6.012820438 8.863522607 3.151440579 -3.309474202 5.587656417 10.748057387 2.517045648 1.635006933 5.469394019
-43.883499489 26.900537405 0.769978819 -0.283001154 0.709041208 0.644273456 0.045635799 4.370483712 4.084695094 4.597307183 2.071263377 -3.536198867 1.609158682 9.625297999 3.090019837 1.340148000 0.614765804 3.898365384 4.535871331 6.867948962 -0.270573160 8.680377269 4.097485527 6.359837249 2.982965993 4.078949861 1.104492884
-44.323894984 23.256651193 3.778866288 0.157854599 0.169127122 -0.963767127 0.132781275 2.659904961 4.324566484 1.370381782 0.168795318 4.896789134 -0.846883178 2.570245970 5.170785954 6.863657061 5.717331958 6.076271078 6.770274288 4.804024497 4.861819618 4.858970071 7.232097120 3.664238816 8.308842316 3.385041532 -0.399514041
-47.553866005 19.340412173 3.130823948 -0.334506815 0.267881394 0.156929778 -0.889785252 -2.457042430 0.871207570 0.048339504 4.865993721 10.903518354 7.038614886 -2.049292922 3.979849308 1.218284505 -1.166461883 4.625759755 5.589044650 1.778326372 8.029621201 2.309359500 3.609094285 1.679038991 4.108161099 5.006002889 4.082603012
-37.368183686 17.244858927 -8.024873709 -0.254325890 0.889693563 -0.187043764 -0.329815610 3.699726158 0.753057174 3.929085402 5.868160736 2.680007401 5.806338166 2.790909201 8.794347967 3.298104320 3.339879063 0.998812608 0.596228109 -2.825131176 6.320513602 3.391443773 0.472328924 5.228614449 4.942093114 -4.154847044 6.153167343
-33.275745992 22.053729659 -4.273184882 -0.160282587 0.594387880 0.081235736 -0.783845199 2.765579019 4.581860949 3.684882001 6.340602173 -2.423553440 4.543647380 4.880623086 6.817039294 6.260793119 -3.966579552 4.507172072 4.399055329 2.296797157 5.518251671 3.514715353 7.119467028 11.676458877 4.336067941 2.217997545 3.509601191
-43.539340963 26.257165581 4.105053025 0.198735514 0.320184902 -0.915063503 -0.143682323 6.498150190 0.501854020 2.788255496 0.626758210 6.558295969 3.143623894 9.898208178 4.208050063 1.998163344 7.167384902 8.921631670 4.522725463 5.127296628 6.078980161 1.127045328 6.199702481 3.575202122 5.943331894 6.244654677 5.248797545
-45.688633844 18.887042896 0.633468895 -0.580195612 -0.123813592 0.788399172 -0.162696011 6.107441504 6.640188429 7.758630515 6.983057483 9.298301584 6.557665317 6.217655264 5.339844409 8.166673542 10.945733095 6.299432960 2.002579861 5.354734151 9.217817807 9.277606967 0.087471179 6.494193936 6.795419961 -1.026734870 -2.500911983
-49.722957493 18.782593957 0.083770983 -0.577620672 0.440739566 -0.680234668 0.096869967 1.990472740 5.214198037 7.540808090 6.013756500 -2.119558309 3.465838538 -0.144293657 5.895576047 1.246793882 12.989639289 4.442740488 3.426132166 6.731238422 3.553955202 5.697707136 3.556278036 0.944962170 5.918841398 1.820004905 2.323123054
-40.454606526 11.989400755 -1.952816279 -0.122015855 -0.500131308 -0.771616337 -0.373616159 9.103474128 0.925518855 0.678408331 3.952036828 5.931141526 4.538154571 4.736140200 8.215084927 3.569673070 -2.164033899 2.504448514 7.078033990 5.234544142 4.244759148 5.121082027 3.933161587 5.401109767 5.807723293 2.434977131 5.266831116
-34.090521011 20.799456535 5.285317442 -0.866894844 0.325330900 -0.377653789 0.005545270 0.564189052 2.949690157 5.885246038 2.288902176 2.775150477 4.948763602 3.081776695 7.384847475 3.699579506 1.814701197 2.326115645 7.584921722 7.449974435 -1.084274950 6.930431978 2.761201022 6.239737348 8.385364848 2.688375918 6.179837003
-43.634615552 15.545469392 -0.671971449 -0.828804637 -0.267372101 0.235677000 -0.431336742 -0.424557769 6.166294801 9.165327001 0.911908690 2.706689222 5.635408112 0.825701289 -3.064324392 5.513054502 5.831562388 -0.726207387 2.804218384 -1.171508412 3.189273230 8.294899601 9.208439137 6.049412936 5.651653945 3.985232626 4.559440915
-32.916210325 17.465547514 -3.552436161 0.125966862 -0.892037674 -0.432833413 -0.032501906 3.136024950 2.947081839 3.719485617 2.163198853 8.459297992 9.707075278 3.058841280 1.950172957 4.486224732 -0.016123004 6.403951003 4.756839578 2.053191780 4.856883865 5.290618872 8.385697655 9.568231897 -0.118998321 8.935688879 6.877629538
-46.414804856 22.975043947 4.644779743 -0.544085196 -0.640742176 0.268687972 0.470348314 3.876109623 0.671886789 3.386275968 5.921580053 7.622941842 0.941269246 2.019140308 4.672882631 -0.941420338 2.464912919 6.154033099 2.396391047 5.652831273 -0.142017261 4.725116345 5.202705669 0.488652892 2.720940646 3.687742708 -0.730957605
-41.062259702 22.693135864 0.733082488 0.149213661 -0.832160944 -0.520861444 0.118096587 6.442082046 2.922920176 3.094071585 1.243408322 3.761518594 2.809603076 3.166135455 0.883427211 5.327693546 6.315692291 3.939578244 7.915052822 4.286782568 3.436684675 4.879345009 8.675562639 2.993752892 6.826959138 5.613313039 2.902534518
-43.389701773 11.940225005 4.071342071 -0.745942457 0.611472853 0.226274030 0.135907557 6.356066741 4.346770517 2.169084972 -0.007721380 4.617710311 3.529265559 0.652311266 3.004041800 9.183220756 0.318602240 6.731136609 6.982244340 9.830194042 0.760091334 5.830665614 5.026688454 12.050744200 0.968506966 4.271548722 2.284050469
-35.329808681 14.747221560 -1.964649874 -0.082825147 -0.264384383 -0.939626936 0.200853464 5.986502862 2.429302619 8.304050825 6.107845404 3.121035568 3.403253204 5.431810535 2.602702869 4.090145341 6.596099201 2.020463731 4.529447201 4.094089042 4.383506788 6.987247347 2.933349051 4.591219529 0.258703588 -1.070017257 1.863620990
-44.798393568 12.165040256 -5.522408414 0.051476144 -0.887302563 0.446226121 0.104530463 4.930638648 3.751169780 4.779042073 3.405008152 4.914765346 5.591805174 3.150493525 3.342906453 1.393909259 2.319128921 4.412887730 6.533231268 5.380107840 3.856814706 1.919770232 5.349383222 2.948407434 7.813520602 4.485465196 5.611186679
-42.473864782 15.161624447 -3.558129005 -0.556470227 0.029927826 0.500297702 -0.662681991 3.142677714 9.438785998 1.206198661 -0.217905010 5.739197478 10.526730115 -0.373359567 1.632954431 1.422547969 3.258938925 5.889070316 4.385011125 3.003218683 11.780023473 6.864503780 1.779566117 0.920420714 -3.126960336 2.601451876 6.813725144
-40.991221407 15.385427450 -4.925317395 0.364174452 0.685538798 0.627454166 0.060949112 1.824822990 2.608251493 2.392071524 2.459957346 6.729848304 0.270568914 4.353287951 9.560894380 3.216949024 3.254745100 0.580370268 -0.783604083 2.583232877 2.443903795 2.648977661 6.790078315 4.343319128 3.439997259 3.112876986 5.272607392
-44.072275992 11.472909451 3.537350155 -0.246418086 0.267455977 -0.746913069 -0.556656353 4.858026752 1.211697338 3.467783657 10.277839800 3.124297303 -0.211806868 8.457733310 6.608415957 4.343115253 4.096868749 2.319332792 5.468570787 5.128753057 1.669678129 8.046006369 5.004349210 4.909923179 4.192117115 4.794783457 5.137833923
-34.139787780 20.554697151 -6.867880581 -0.803485846 0.178978961 0.420558423 -0.381454637 6.135436583 0.312845124 2.272931874 2.589545354 0.059780848 3.954261555 0.702413523 1.119928175 3.657206617 2.332740243 6.413030413 3.243236363 7.433102363 12.019947670 -2.377016894 -0.256579903 0.492201033 2.903430646 2.160517509 5.910296763
-42.043099811 15.981148432 -2.194896273 -0.075111464 0.340564413 -0.929157045 -0.122643115 5.081722316 4.359909824 0.932949382 6.930734788 6.122295086 -0.893369356 5.612430922 -0.601408569 4.811899390 6.656105267 4.939302557 2.505002795 -1.254830580 1.360728894 11.111247578 6.854414934 2.355720832 6.772737752 4.710992256 6.417062627
-36.526609537 15.192808783 -2.345296764 -0.205980326 -0.446570458 0.775287534 -0.396328363 6.938940203 2.559372205 4.794337866 7.576143187 0.889053300 -1.132602529 7.585511349 6.094980890 3.901661624 4.227630653 2.772077914 6.026081741 7.256257754 3.783725584 7.211460182 1.618742542 12.786701053 -0.810324556 2.885437187 8.592997398
-39.258266445 11.966359357 -1.956498519 -0.312023955 0.460881179 -0.113881130 -0.822958491 8.655374148 5.676498794 5.265599661 9.318530779 1.722180181 5.067392860 7.249621330 3.439821897 1.283374049 -0.208778840 2.590507774 -1.723164922 6.500392487 5.321944916 4.309043163 7.549893913 -0.315809996 3.040045795 2.846512928 5.170224273
-44.836203113 22.107417567 4.133359365 0.137641876 0.833874403 -0.227368786 -0.483747485 0.091568104 2.310749020 11.842306247 8.485389826 4.001708609 5.259092260 -0.612508118 9.509500343 6.238316880 0.402550074 1.879078050 6.625029752 5.469955243 7.252168872 3.801824100 -2.797176390 3.817931059 3.844883451 5.706603502 8.869966728
-38.011179819 22.731719855 -1.389507829 -0.659311963 0.571577076 -0.404739482 -0.273483700 4.393822572 0.443522463 -1.009612903 5.354360870 3.175699466 2.187317590 -1.485546946 4.223704572 3.454587504 3.579508980 -0.907057526 5.621716256 5.531508577 8.207580113 0.434070884 0.366526239 5.203936368 9.543224553 0.763707231 5.899655357
-41.042102704 20.199275916 6.422454719 -0.496196181 -0.484763493 -0.607693522 -0.386655259 2.082611701 2.544201501 2.572579716 6.935311843 4.001091362 5.706914099 4.660271779 -0.480523421 4.849340289 -1.076229133 4.362687607 5.329122513 -2.355275401 2.514097530 1.980379203 4.361576076 4.196442545 1.027090675 5.525742988 4.168051389
-39.563711413 14.440955823 -7.897910864 -0.920138581 -0.143872081 0.007407478 -0.364130396 1.098816549 3.944570001 0.306767955 4.935275109 5.960506217 0.530567616 7.448000473 1.968285121 -0.916348712 4.705871003 9.829762285 5.167575815 5.986451288 4.039649338 1.303125505 5.421139995 4.994784795 3.879920666 1.978242541 9.145309910
-46.333183891 16.999583651 2.356786696 0.717166895 0.016709853 -0.526397932 -0.456396366 3.410264225 3.243321653 3.075255008 4.749012573 0.594730324 4.776149196 7.127959608 3.798316699 0.375545977 6.283893285 3.347611208 -0.230336266 3.084960634 5.539735544 0.177762232 3.742347091 3.379819014 4.121684511 3.385293661 2.082636485
-45.273671723 21.031598301 2.264754091 0.384645471 0.468568144 0.671039965 0.426845547 3.117435903 1.894333051 5.550392513 7.391001784 2.712619116 5.992740387 -0.378948856 7.447954082 3.086910438 -1.689617631 3.467226404 6.887135447 3.915072162 5.595566491 8.821656617 5.846687817 -0.126081332 6.096341479 -0.195301421 0.305323442
-37.722941527 26.829166486 -3.474416931 0.061593924 -0.461603340 -0.631627991 0.619818220 8.532777321 -1.019559012 0.537834227 7.835163713 4.648918639 1.518173238 4.977440875 2.588824873 -1.202244144 0.216745366 7.727452946 2.125461259 6.875197778 5.930072892 5.025986924 6.433668782 2.683107914 8.207357680 2.869236935 3.319868540
-35.233502183 18.753870555 5.957908083 -0.579450723 -0.768675016 -0.146637767 -0.227756328 7.732858673 3.661346380 -3.266434074 4.331499863 5.340043435 0.026786764 4.812118763 6.691436927 7.607824170 0.684538513 1.339003468 -1.343368729 5.578202627 2.878314204 -1.928384617 5.327599386 5.107281043 2.435460462 3.628020643 4.071176016
-38.438850042 12.108347737 -2.698270730 -0.008581837 0.797389625 -0.344310304 0.495526541 2.142844430 6.655679901 5.895157279 6.528378903 7.045692872 4.092702908 2.797698732 7.065405394 6.175002087 3.168102041 -0.631389560 7.879010883 4.634882748 0.602665394 3.204448115 4.313105160 5.228843863 7.226615567 5.469169310 6.075883281
-41.005124926 15.434124507 -2.281487118 0.208326694 0.022742905 0.184023989 -0.960321780 6.811494202 6.431578583 0.366661527 -4.833668988 6.340310841 7.014253413 0.417197294 4.721702523 4.545111562 10.179495411 4.990642828 3.819527312 3.835888748 2.611112096 7.748153316 9.004697411 4.649373752 7.701751461 5.003178610 3.084023265
-36.061865963 21.161405624 6.513769253 -0.540153131 -0.830074892 -0.107603070 0.087360451 2.577732474 5.109154184 5.535630343 6.354771279 2.495186608 3.758635205 3.616251887 4.326416786 4.130027222 7.173831033 4.046300442 6.761427699 -1.307317933 11.349628094 4.761993801 1.231764925 9.591033218 7.076145058 6.866369472 0.966465035
-47.407655614 18.626416200 5.750345752 0.540329506 -0.306732747 0.169978556 -0.764896292 5.766230534 0.245740052 -1.692197386 1.571706300 3.724818667 2.119677131 4.793032319 1.887152860 1.885301046 8.089802564 1.905305214 8.667287347 -1.501428551 2.958081698 8.312541627 -2.810849632 2.924310119 1.239767245 -1.662111681 5.204436302
-45.841705558 22.116576306 -4.370031950 0.415034944 -0.346035893 -0.176108308 0.822794640 2.883289688 4.004962847 4.001367833 1.735963634 6.066405573 3.104819133 3.476900572 9.135307420 7.933952530 4.962373917 0.227755241 1.616392643 11.085353496 2.083807274 6.046259827 0.080544302 5.858851163 10.794773507 5.380942694 3.535304942
-36.760571735 17.887018299 -3.298736915 0.567811057 -0.705120501 0.196160477 -0.376718396 2.811669578 2.576349694 0.158996627 5.158336537 0.396019119 7.715665587 -0.566414151 6.596380406 4.504683070 3.363145013 3.070788747 -1.255042181 2.529760984 4.918553573 10.611700297 2.485456220 5.571011436 -0.634598198 2.276035488 0.189917485
-35.552092083 26.777241562 -1.377572925 0.111855593 -0.165559460 -0.334273861 0.921053406 3.853166548 3.327015285 0.077979630 2.970631063 6.822329457 2.664993795 1.980730029 5.508736880 4.513263354 1.985620494 5.654713218 0.913865578 1.697143748 4.439772271 7.194439433 2.949328794 3.859749178 -1.176182700 4.901197042 -0.000686586
-31.398455144 19.788250630 0.932396983 -0.279599362 0.224192681 0.881158170 -0.308418737 4.527316209 8.381009094 1.782468277 5.617071993 8.012827748 0.326740667 3.970588259 5.782497050 2.064928483 5.776769448 4.438261371 4.409820603 6.801206201 7.180109820 6.856346894 3.841880214 7.594802345 6.057844536 9.720888531 5.764956929
-36.548736312 24.417177656 -0.386696847 -0.836502450 -0.177342705 0.390047343 0.341579107 6.305063671 6.303674617 5.868457298 -4.099467632 1.451780511 -0.236186070 5.352066650 4.506437299 7.839319844 7.326641243 7.257677522 3.092328242 5.921403356 2.652533860 5.680109712 0.838383855 2.025765239 6.771096266 -1.507473997 3.460510311
-36.137846683 23.055446390 0.751701262 0.497435492 -0.505159266 -0.613718022 0.347451058 7.502705432 4.791476761 3.666780354 5.090245910 3.548836856 8.179593416 2.667011212 6.748499218 4.145126858 6.507014510 -0.499512479 3.920663261 3.807642537 8.531697903 7.504739151 3.978867332 3.358707143 1.370704318 1.310375914 -2.684477390
-40.730838173 20.307516026 1.429009477 0.076897590 -0.881178996 -0.072657888 -0.460794063 6.816087024 4.741592377 0.304677156 4.901333927 2.107057360 1.919962362 1.962091195 6.448173278 7.289220334 0.926504205 -0.149179605 6.368989655 0.386070877 1.455408560 3.754129123 3.986280250 3.584354148 5.091154771 1.044111336 0.659749888
-38.445532461 13.086244640 -4.741750541 0.280753894 -0.868778632 -0.325179471 -0.246290989 4.283957966 -0.434031062 7.883173125 4.144138911 4.057723776 0.380798464 5.258465762 7.592282455 10.715676870 4.904121542 0.956137083 6.827716447 -2.992159226 6.370213337 -1.513807533 3.411238143 7.113598491 0.695985152 6.179441516 8.942181883
-36.128522789 21.411312415 1.464446239 0.490516502 0.038455759 0.502755982 -0.710739853 3.300663870 2.964536684 3.550856533 -0.387696961 4.184050114 1.592489500 0.783834383 5.762834683 -0.683397758 5.332536151 3.875242966 5.973631493 4.506386212 4.756772118 -2.566225038 -0.312969571 2.662813451 4.346342985 2.950885011 4.255271525
-40.348420327 22.216912482 7.187472046 -0.745419528 0.332134524 0.405936472 0.411402438 1.995283919 3.976276647 1.199966836 7.626915490 2.509885243 4.242290253 3.638301500 3.754870125 -3.025470243 9.212801932 1.257881789 -0.379657025 1.743162943 9.308313692 4.134247165 6.316634110 0.959052458 0.796100628 -1.142127655 7.376777902
-35.682878940 22.579812241 -4.378268885 0.848738614 0.127317930 -0.242019960 0.452613796 -3.390000403 5.769678173 0.193747093 2.437273022 9.486612976 1.579632874 5.226690414 2.796137223 6.119418166 6.883979501 7.279425965 3.012296286 -1.271228350 2.448238948 5.280655149 -0.919602781 2.170666484 1.713598366 3.505496237 0.705737012
-42.975217408 23.619065090 -6.915460899 -0.448571191 -0.630320664 0.110308579 0.623948527 1.543424402 3.021866236 3.307752272 7.398865049 6.399526712 0.831686970 1.452752800 3.918829719 3.061067223 1.113865751 5.619245763 13.135685010 2.495725863 4.645532376 8.434257387 4.598949669 -0.957850886 6.688958218 -0.184302839 4.792669467
-47.955587106 23.371239673 4.952349643 -0.202938932 0.100342346 -0.294689143 -0.928388664 3.784344483 4.368623920 8.744656509 8.358451373 1.571655237 3.023702152 0.245979519 -1.467358724 4.032949184 2.691282452 2.007960948 0.646681226 0.954774339 6.125593206 3.669402322 1.782343613 1.770832887 1.781041570 0.699719445 8.479135879
-41.876838249 19.929819218 3.270525331 -0.311523153 0.703435408 0.402763809 0.495896427 6.703535751 5.778698515 6.718049369 1.564060322 4.332074397 5.666893303 4.001278310 7.896127238 5.860429239 4.582228912 5.952440059 3.270461431 0.518694071 4.908228321 4.631294224 -2.725843160 10.126926045 15.354558971 -0.321775095 0.075863694
-37.415413520 14.884567652 -4.133407199 0.324622516 -0.213693242 -0.897610446 -0.207968526 10.661713080 4.467662907 8.677906094 5.666936431 1.283358858 5.878872015 5.794989116 7.890087169 5.840857606 1.005366044 3.829009153 6.586502968 -2.851591187 5.438395199 6.454501443 4.308663084 -0.591400136 0.927000965 6.820190396 -0.348280433
-42.842794439 21.685402437 -7.678982911 0.263482586 0.129334126 0.863135200 0.410910254 4.170236780 8.777274898 0.752686014 4.619330624 3.793180955 -3.724865190 7.765217885 6.670805498 4.704530915 -0.002177475 3.857605471 5.263573137 4.647472864 5.008899858 4.770553699 1.489783911 -0.330651185 1.537776334 3.331883067 4.287936229
-38.657724852 14.889658047 -1.474000551 0.021916623 0.771820867 0.412573490 -0.483317004 2.609571919 0.326514827 3.967106076 4.792774174 7.456821483 2.134966681 0.327727355 7.438364646 5.712037214 7.156326235 8.418723421 7.365826059 4.043648122 5.122467097 4.388302074 -0.527897707 2.403118960 2.087505367 -0.041653504 -2.159615989
-41.412316658 23.528768356 5.523193693 0.017010087 0.389855211 -0.392578320 0.832830015 4.749210575 0.929192934 1.823994475 6.914075218 3.555456515 1.383916927 6.313130564 2.834261766 7.531628691 4.136015371 7.413608222 3.273689527 3.722305977 2.862216816 6.148016293 6.630893442 5.732999077 4.278145499 1.201147036 -2.495755206
-35.928391641 19.929981153 -8.004831810 -0.261196942 -0.944344890 -0.156172500 -0.124896103 4.230170021 0.051242211 6.136121220 6.631673618 1.576023675 5.159337682 6.347172505 4.224192893 4.922969336 3.194656338 3.277077338 9.515894485 2.389151456 2.653879066 6.949422635 -1.516472063 2.358680778 -0.092030536 5.849988986 4.372950985
-42.502028255 20.302062783 -6.053066570 -0.068569433 -0.807378677 0.481513859 -0.334039382 9.147235462 0.296256379 2.480536894 0.728233797 4.494571617 1.012148133 6.190782651 1.061964685 -0.337250756 7.219688340 0.620844642 1.772457275 5.126955210 4.837877579 5.153447374 -3.015404573 9.202690259 5.885235645 1.736123596 8.277325511
-42.690271493 23.958965495 7.375655661 -0.792843165 0.279140101 -0.000692513 0.541737981 3.151518496 5.040633130 2.311263753 4.003852787 10.484115807 0.681380976 9.862151766 2.926320115 6.446755760 1.856100586 -0.468776027 1.955843078 4.052977722 2.174867713 0.669121042 -2.472554255 5.675624493 1.367037342 5.659988639 4.822068619
-37.015134843 24.630857191 -4.206251580 0.386256010 0.573821002 -0.581075849 -0.428820021 7.155863340 0.919537375 4.080814019 -0.311527932 4.189067474 6.720377409 6.767783536 -1.480300234 3.226098480 0.029331306 1.446256951 6.861389762 4.643392904 1.148122460 7.863972897 2.741918981 3.873776809 2.324544486 3.181859408 3.360780483
-43.567365693 12.688204699 -2.299994799 0.441672319 0.879430630 -0.108855063 -0.140277955 10.195179907 1.741756742 5.008902866 1.343911510 2.322697620 4.062126248 -1.223076676 8.011843673 6.951010990 6.219515112 7.473457592 1.336475281 0.008627162 2.490658335 4.254742357 6.525957979 3.405681091 5.678289066 8.053421123 5.182532333
-37.647182222 20.054848743 -1.205608504 -0.027200033 0.368421938 -0.135494115 -0.919329527 4.206618361 5.844123354 5.180734321 8.250807404 4.309560726 6.057006591 3.634183667 4.474234032 0.328192684 3.107909780 7.082411336 5.411336538 6.572416420 7.104880532 3.813144664 6.651253776 3.673922418 4.495413501 10.112350057 3.996882565
-43.323895936 23.523682265 3.614009281 0.135316379 -0.305523249 0.303204371 -0.892419258 -1.989779711 3.188224057 4.718758273 1.385105614 2.395651205 6.471958370 6.146372708 6.740571391 5.467461670 5.843683545 7.689672028 2.551574816 2.656919588 3.403639474 4.899747951 10.437940135 -1.309787120 1.942148889 7.535131520 4.452172222
-47.817586995 24.088879573 1.444866029 0.445671916 -0.794433466 0.405274798 0.077487735 5.229964531 4.889604232 1.843887823 -0.128772229 7.143456849 4.381206996 7.175894385 6.760958762 4.338652984 6.481915596 7.603004871 1.782363526 8.297882502 7.959734146 8.089953334 2.493157132 5.585118933 2.469560140 6.786905921 4.751776784
-43.362676691 15.932186148 1.513219502 0.396669327 0.382375573 -0.746928069 0.372210728 6.635284808 6.500185050 6.741846647 5.849090645 5.697822375 1.524554473 7.256208837 1.473178287 5.996427394 5.622860260 5.540093137 0.719671135 -0.305696319 0.899688419 -1.235861664 -1.146491281 3.314610147 -0.314643314 2.506342822 0.189609303
-36.989668228 19.614727353 3.018076471 -0.671950680 -0.365494607 0.638700425 -0.083413088 5.489604754 6.431004793 5.912828601 6.352160918 6.524358952 -0.776487863 0.337730925 3.537197158 2.381875071 2.587617984 5.180319175 -1.509363904 7.335097826 1.103003012 5.503882896 8.000033772 2.167320079 7.512374189 6.251435601 3.002801208
-42.533161305 14.067655532 -0.307035661 -0.597725710 -0.442235404 -0.538622093 0.396280283 5.366315230 5.257285203 2.643007174 5.951936120 8.465153436 7.728299679 1.387597115 1.513948751 -3.787436122 2.654294538 -0.372917083 6.388746007 2.034105534 1.423941778 4.726893410 -0.418057643 3.002967351 1.166713432 -0.914223260 2.739730206
-33.003016686 20.070218880 4.505279059 0.591832574 -0.398354827 0.130599893 0.688470263 1.356221906 3.858541102 6.406491310 3.373724022 4.899272777 10.769318122 6.573924255 3.505198247 2.538704293 5.499971988 0.702200015 4.545266512 4.413991837 1.007058285 7.762470678 3.161660626 3.751814729 4.492331965 5.559440506 5.185100614
-34.052354827 17.306697836 2.954684899 -0.271957980 -0.037570850 0.905734696 -0.322911674 0.856402753 5.010423827 5.340168280 3.213140169 1.775213091 8.582390286 -0.096388726 3.238972003 4.471752409 1.528702665 3.516252839 6.100663629 5.681363166 7.005320865 1.816674010 4.180535928 5.894131849 2.145148727 2.961061113 2.200954061
-32.922405748 15.467736463 1.360965588 -0.780490142 -0.226504035 -0.302806010 0.497834892 5.933435110 1.973548883 7.624153779 2.690468069 -1.320121723 2.758497603 8.769753605 7.111695869 4.270022737 7.216015297 -0.358225242 1.639048006 4.572310328 2.845617424 2.800886230 2.923312982 1.214036115 5.885744129 3.317863079 0.613546174
-47.622858897 17.691699546 3.672531429 0.260328505 0.092370407 0.651188757 0.706859236 5.832383625 4.648434009 2.543564752 4.575551323 1.330811251 1.776131379 2.438973558 2.836677025 -0.365142325 5.014290426 1.789403707 7.608047822 6.691439376 1.638488184 5.667380964 3.084659820 1.923345884 2.133153013 6.308862645 1.959787055
-41.956854511 16.716133023 -7.131510225 0.060688224 0.456228048 0.877857966 0.132432247 2.269303995 3.630869548 4.333923820 5.319040148 7.797228731 6.347514903 3.781212402 4.948319019 1.845769949 9.494292294 4.606346795 3.407997516 6.646748241 10.944405480 4.153193970 4.324975717 1.343539099 4.686202875 2.923970402 0.780810077
-41.998171753 18.799430753 6.549167879 -0.743804173 0.150924202 0.416204537 0.500750458 5.741862055 4.974245118 1.655602840 4.348190797 5.214866470 3.582863909 2.457464614 -2.970222304 6.835548329 2.536174958 0.221309154 6.218139640 2.116284488 1.881288573 -1.147062935 3.506633659 3.081018074 -1.594856936 4.620970172 4.258452291
-46.277772595 18.266447527 3.855629322 0.244325807 -0.700342312 0.462028725 -0.486163556 4.232757134 5.035574727 3.850659989 3.047338160 0.350512141 1.889839577 6.145141860 4.647537219 3.026796554 -1.940880800 8.286903731 4.212404070 4.013161613 6.194090657 1.922725139 9.141844879 6.606714633 4.454478203 4.461078788 13.017108194
-45.601806607 22.732450335 1.866448317 0.352964355 0.290529684 0.346294682 -0.819200012 2.506140548 2.118906864 0.947921111 7.616220857 7.207901020 -0.374873233 0.864248886 4.944717215 2.124248575 4.723447394 6.107516906 6.350671752 5.757503413 0.443241473 4.024334060 4.744004805 6.049264215 3.322981366 0.997864717 -1.073837633
-41.932481784 19.475874330 5.755553362 -0.229808473 0.559898507 -0.790983306 -0.089705833 2.947626838 -1.186647642 1.330970653 2.638040146 8.087311850 4.174720507 -0.665516928 -0.011604173 6.581226774 4.687968555 7.200131221 6.184360375 7.812503818 -0.757660877 7.363755771 3.740901978 2.869376875 1.167095438 -3.060329337 0.365123106
-37.389741623 17.121101142 7.910283113 -0.116687241 -0.843348286 0.508154597 0.130102503 5.930422514 7.737655952 4.146252490 2.482883820 5.673836265 4.376793441 2.916501003 -0.268405703 4.738256047 6.052955705 2.242309086 4.006462190 4.491302000 3.045190349 4.725416924 6.257009998 4.681746404 0.826814255 1.108592841 7.930129293
-47.064059008 22.605764204 -4.215503336 -0.386506507 -0.311887465 -0.615273365 -0.612190832 4.490361533 -0.224661424 3.778590695 5.633726296 3.258512127 2.839720657 7.056955503 2.194815789 -0.455938344 3.171188328 -4.429099450 6.701248983 5.527082143 2.001225534 9.891954322 5.015242905 6.379798983 6.661893057 6.881512735 -0.223836931
-49.691404343 16.412530630 0.391704965 -0.559667921 0.369702538 0.152548028 0.725824325 2.957532493 2.504921482 3.929883401 3.447300446 7.066697911 2.425305615 3.986839917 8.526438555 6.656008922 3.382595406 11.249492941 2.601352021 5.970148297 0.520030506 3.707077278 1.132668588 1.453442475 5.539934760 2.392138598 10.881235680
-41.658294971 23.461224744 3.281040358 0.402056441 -0.548338104 0.491222070 0.544405015 5.930074996 6.043033094 5.714790449 3.423110449 9.541943479 5.035210344 4.310855725 3.162868452 6.187618488 3.263308031 5.638805178 0.203152448 3.072254048 8.787893661 -1.899055781 3.043316491 4.623661662 6.191065936 8.053205446 6.337817342
-39.414509215 20.935546197 4.331916267 -0.137707412 0.959505226 -0.149573187 -0.194972436 9.094515472 2.278586474 1.811883716 2.513660362 0.773937780 2.568270150 9.296097562 3.820699793 8.678940317 0.362520055 6.599065621 4.411613087 5.175070870 6.737235427 1.874372639 -2.320663416 1.604876171 6.787268047 7.930070350 4.781180767
-35.137039507 24.370806619 0.870666382 0.476802244 0.430743891 0.197053477 0.740465562 3.703422001 0.364743992 -1.602170895 8.613833927 -0.074492856 4.567844823 5.503638220 7.961901551 2.849991335 1.946539000 4.990241761 0.520952066 5.734822419 -0.235947658 5.609802730 5.293323849 1.395626246 3.649323313 6.842200006 6.938405573
-36.128469280 27.573581921 -3.893231673 -0.204594751 -0.930099014 -0.289508160 -0.096134470 7.706536180 1.448461285 4.157279233 2.054506133 4.596568722 3.409307733 11.921160925 5.578295815 9.738492178 4.222372583 2.838919981 2.217709097 8.121692596 4.404874623 3.021465767 3.173594833 5.304604784 1.347188846 3.080811493 2.595082677
-45.438627774 16.461405291 -7.657958586 0.136358471 0.734943697 -0.091982342 0.657877936 -1.376351345 2.143749819 7.122487487 1.364224215 -1.065749390 1.608092849 5.133611702 6.690079963 8.689896476 5.206471529 2.639999010 8.704308813 1.424032485 0.342680823 5.035963474 7.739446046 -0.280552166 1.253526597 3.827466026 -1.510066636
-41.979427471 16.235110731 -0.437264187 0.953777120 -0.195381677 0.087843123 -0.210757658 0.664850676 1.894316046 10.078129890 3.745988455 0.962559985 5.757439273 4.750248874 5.524561132 6.260312100 4.083837715 8.509839573 7.583983685 4.334433795 2.044086083 6.343269955 3.125057512 6.477534019 3.056233988 10.806260522 3.930508593
-36.071613005 11.972664291 0.022770771 0.287092446 0.639502473 -0.218642704 0.678829789 2.492067849 3.566653416 3.312264166 3.866924415 4.028844466 5.531530899 -1.401097444 5.726580469 5.220421899 3.553791471 3.172271327 4.852373320 4.044276525 1.293469390 -3.151069303 1.627569385 1.566678460 3.787303074 -2.015029876 2.179351782
-34.373608058 19.076241088 -3.775951702 -0.150651626 -0.835451604 0.168848541 -0.500814212 1.842348970 -0.360538751 8.796588064 3.983062016 4.871026114 3.491501046 5.735808925 3.809830046 2.927684705 6.362767774 4.973315476 4.452773062 3.430192842 4.898086479 0.456150099 0.344662833 0.790088846 -0.384083549 4.613721665 3.756840796
-34.701755713 23.020797588 -0.579285038 -0.054674793 -0.965406464 -0.149512992 0.206511239 0.446807298 6.269149598 1.452762005 2.561441898 5.053409525 4.250720951 3.581587387 4.344329720 10.088148933 9.334797405 3.928825280 -1.972693994 5.956713174 0.159569328 1.003278722 4.026786610 0.924588288 4.545136141 3.147757003 4.719971334
-39.586646978 15.898075891 -8.182065026 0.297138179 -0.934523234 0.040945716 0.191568986 8.131026124 2.938889906 7.320247650 13.797740614 5.141997129 3.412022925 5.626601417 5.800382089 0.532556023 1.479913747 2.597194957 3.420690616 7.181293690 7.885743291 0.914868530 0.950578526 1.539697766 1.188048818 1.233725969 6.393423088
-41.190660947 16.077751155 -0.876792784 -0.416250306 0.156992787 -0.482475406 0.754523976 2.296914398 7.757677210 3.951832741 8.580915612 4.484838224 12.142983047 4.357286869 1.940952069 7.726029636 7.837985639 6.768359679 6.395730864 2.597890683 3.295384619 2.011218127 7.848495553 5.871301296 1.628519270 3.150714167 1.462477426
-40.363565828 14.066631985 -8.258630086 -0.278521673 -0.242907181 0.836238255 -0.405126351 1.764930669 3.254090587 5.180122475 2.264456703 5.834368381 4.785911106 5.697585964 2.515039190 0.574612796 9.734369158 0.938620656 6.882574152 9.744389031 3.585333648 7.605959119 3.485107587 -0.152140533 4.264623029 6.463060036 -0.552777856
-33.089578615 19.229660954 -6.479331977 -0.415511033 -0.324964749 0.259020386 0.809108728 7.499596547 4.417822788 6.363659567 2.316671726 0.805661202 6.317711343 5.014556541 2.120370914 5.194488360 0.477552446 -1.871684093 2.634108735 5.270037899 2.766020397 2.380803877 6.541961500 2.374941901 5.180351155 2.103603097 -0.063084239
-41.577755394 12.495819045 3.505403002 0.377690722 0.646064811 0.051429955 0.661290359 2.990586361 4.580027099 4.624146403 1.865428867 6.264244111 2.584068043 7.949882436 7.210926540 4.531416877 0.666311886 0.507276547 2.687974765 8.967799752 2.173207271 5.884496244 3.556362781 0.697589421 6.765487324 3.180463788 0.683995095
-39.729091751 19.303709285 -8.592696243 0.184976554 -0.632548796 -0.302296204 0.688681857 7.784761975 4.211859880 7.824687100 -0.200537052 -0.142487839 5.030842786 8.300641562 6.645365413 2.840879938 6.149963250 3.205430802 4.614647887 2.547293802 6.518949994 2.553817737 4.520041842 2.582724500 8.118022173 3.573761187 4.317759229
-37.356866748 23.955554680 -2.169698475 -0.514903867 -0.489853399 -0.531844376 0.460498875 8.916866344 8.475281492 3.889182088 6.714097609 1.531703877 4.041474754 6.024476413 1.963005455 0.396805542 6.662970595 2.325440164 3.300998842 5.441380884 2.519173588 7.875942698 4.097204023 2.941594405 5.327194472 6.333351878 1.126107298
-43.580851372 12.523768249 -6.313376227 0.238273661 0.621331462 0.725255266 -0.176572012 3.815087343 6.504726760 0.935468466 0.698854268 2.093916625 9.088051343 -0.088193836 3.060020063 2.575240325 10.131295711 5.134288520 6.094155986 -2.695038054 5.007300853 7.105656331 3.676406121 6.197198711 3.420678021 4.856430053 2.768225001
-43.245699718 21.677228098 -3.164859843 -0.661143501 0.731295499 0.079508637 0.147561988 3.812472610 2.673957963 0.414325736 -2.082226586 8.105552076 7.380885509 7.773049303 9.709768405 2.840279981 6.544848239 3.168362681 4.575431511 1.720015916 6.642477451 6.713573668 0.377484685 4.418518827 6.096129401 5.520989831 0.556936047
-45.344761457 26.875506696 0.007134676 0.595530574 0.266092714 -0.316020422 -0.688962333 6.803994061 5.764793239 4.633449929 1.415286206 3.504863712 0.559196635 3.926670187 7.431728732 5.846889611 2.517241988 7.499786869 7.743409046 2.223611496 4.620682178 2.742621555 2.218632739 3.390592231 6.993083865 0.039555855 8.410323004
-35.313790567 20.136715572 -4.113234553 -0.685751812 -0.479708671 0.492375188 -0.239145810 -0.734905322 8.041940457 6.877826973 1.726070726 1.187781538 -0.316898909 4.387746982 6.593841838 5.279162119 -1.287580344 0.138005781 6.324104189 3.368390741 0.519431204 6.253092434 4.071041722 5.776786676 5.494862820 3.558661892 7.688597212
-33.422591151 22.661522446 -6.790902300 0.151448859 -0.639273781 0.368864692 0.657518909 6.764503495 5.516406246 8.546112643 7.011555485 2.847967859 9.117315279 2.642289335 2.405749655 3.300625417 -2.112866718 4.315204676 2.315398321 4.573916394 9.350331696 6.903630438 6.670377713 2.874074062 3.762148287 0.898334641 -0.892965740
-31.392628088 20.544152673 -3.218737086 -0.545488979 0.809924749 -0.081540308 -0.199536596 8.210731115 2.250023645 -0.864726447 -0.904932349 5.329344873 4.666823543 2.056535375 1.629908006 0.617404238 4.616593352 9.698430682 -0.414718376 5.248707179 1.993939456 8.202599021 2.668082715 7.220970258 0.754977764 10.527480029 4.723133530
-46.671275232 21.977604082 -0.483628991 -0.110574797 0.373691115 0.804187141 -0.448788599 4.820627868 2.649095261 3.536839693 3.748643270 -0.211642550 7.040075893 4.967227181 3.813176727 2.539983498 5.243758642 8.358896920 -1.080504590 2.676133269 3.897032586 4.782297585 1.128145137 4.979449643 4.516818243 5.503476760 4.111966459
-36.487560526 16.826698121 -6.562360756 0.265537988 -0.575700371 0.639486401 -0.434874467 4.300265723 6.739815709 4.853044993 3.321711870 5.025119773 7.789304107 3.700927386 6.766964967 4.984547417 8.839449669 0.632869635 -0.763022730 -0.014533827 2.159500031 3.813228239 0.786311809 -0.870112087 4.651451721 5.704467786 3.440807400
-43.648657236 20.420483455 6.225051496 0.331878241 -0.895016621 -0.222910069 0.197770530 11.234958494 1.563204485 -1.397424981 2.586785317 -2.794022487 6.260913269 2.040097818 3.111730262 5.928315733 1.875603757 1.314185856 0.558445273 5.831736974 6.194968762 1.270990899 10.097147689 1.848470794 2.516414394 9.286916572 1.892816176
-37.281133758 12.963707088 -4.985500067 -0.907249996 -0.263639938 0.025128403 0.326741475 5.057070871 4.193877187 8.679738661 8.869486722 2.762999838 2.281594632 0.717415297 5.925234137 4.360542468 10.106562962 7.486879325 7.110717572 6.297608216 -3.030426577 2.914722710 -0.101834187 6.285620235 5.983037162 2.242400122 5.187119314
-36.935171582 16.464433107 2.096755058 -0.267732591 -0.367289056 0.180864306 -0.872184678 5.319575095 5.839808028 2.469896711 4.748172789 1.875486068 3.082312275 9.413095721 3.210709859 0.658681322 2.737078247 5.575879741 3.375629006 7.912065779 1.357526805 9.707372864 9.832941241 4.022306654 3.642394074 4.334881067 7.061988986
-33.883805562 20.268823870 -5.925666294 0.577104897 -0.002639625 0.137458586 0.805014353 6.732686238 3.883126466 5.315864764 9.030734550 7.368122704 3.288713849 2.468865399 4.805965858 -1.688579271 0.749801128 0.237706208 2.022685207 6.600989508 -0.536657303 7.682779210 4.898570020 6.672431628 7.594661125 2.396860057 5.842381438
-36.196758721 20.553225423 7.543109388 0.778941162 -0.253885767 -0.151957591 0.552902861 0.899420605 3.107979535 1.395575125 5.101986859 1.126498518 11.619658870 10.605479149 2.887905928 7.350287949 4.179885386 9.004501399 4.056761039 3.620297958 2.378199117 5.185571511 1.738936603 4.169839661 6.435896023 1.520945241 3.820029554
-36.849538354 27.365367818 -5.763179351 0.361217840 0.473005939 0.039690071 0.802628028 8.668097473 5.753365633 1.710137834 5.909611568 9.317588298 8.719463806 2.854411797 4.351518900 4.670259945 5.173423052 5.210770412 4.014188329 5.974217610 -1.951294148 9.950874934 6.356841593 0.161216960 10.228773163 2.764357126 2.955102597
-33.821554320 20.021056178 4.485331938 0.307777245 -0.388088489 0.023682732 -0.868389095 7.556359738 2.699703175 5.376649901 4.849122285 5.544124284 2.610689745 2.417919585 4.842166579 8.320198591 4.357985567 2.515321804 3.840337259 4.178368754 5.406640417 4.372648527 7.997877243 3.590217556 8.990381930 -0.886580726 5.591166926
-38.360455780 18.149463895 -10.401413792 -0.364304094 -0.219889265 -0.868461506 0.254373448 3.548496346 5.015913636 4.141835995 2.890074464 6.790178763 7.719019097 4.054644745 -0.617831235 1.597011135 3.224061915 -2.676105359 2.995732511 1.268765001 -0.155059640 0.872613796 6.771166289 5.768144360 5.648148642 0.382553675 5.125926715
-42.512861947 19.606506042 6.677461025 0.239207527 -0.309477343 -0.203476412 -0.897552719 4.128043586 -3.143365667 -0.932298991 8.074698733 4.925740375 3.020170861 1.862783212 6.868952485 4.653874966 7.880417836 9.029817744 3.863672409 5.012741304 5.295425665 7.526472423 1.882531362 8.781228875 7.243643833 -1.659345004 6.622658859
-37.964479157 23.050187637 7.306911298 0.327712877 -0.473404341 -0.301334749 0.760059188 5.441566654 4.565769490 4.872764515 1.143372930 6.307984511 2.720651440 1.322990015 3.006419080 2.411985360 1.070080615 -1.899667497 7.695900180 2.451714315 7.393091078 2.718443886 10.172657034 5.840007429 6.680123869 2.283680535 4.090136720
-37.855129122 11.480901777 -4.558553460 0.048690704 -0.090923591 0.898310543 0.427083464 3.270937288 2.505302608 5.056409057 1.194907605 1.766399197 7.885624557 0.541555874 4.657402923 1.973060765 6.048094484 3.637734903 7.036867469 6.940082322 7.383778422 3.249818890 7.522206446 7.514065813 11.487440474 1.989673823 11.136831813
-37.813562530 19.625565867 4.362197510 0.200324619 -0.226060536 -0.459234040 0.835386604 3.038678131 5.959949599 3.678044365 3.180159373 6.090836738 3.141054432 7.542181520 7.117795378 8.756972180 2.742978745 1.295024340 8.065286643 0.192288840 2.772785254 1.460285498 4.280713159 3.718310683 11.154498111 7.568313880 6.080804078
-49.867043125 21.867559012 -4.066059806 0.195042623 0.856806003 0.442141093 -0.179869682 5.250888594 10.875744173 9.471924722 6.485390292 1.307587584 -1.022476242 -1.314687140 5.502960208 3.670159128 3.829706946 1.729909694 1.616591886 3.703570382 3.331686379 1.258716732 3.872473915 5.469877888 3.340407196 9.585997030 1.836978340
-38.227270396 12.908169678 -7.090940201 -0.105597039 0.824021792 -0.162016566 -0.532529797 4.623048280 0.514375045 6.670770382 4.715621213 5.130191593 -0.371283040 6.674494006 10.107594589 6.305320171 2.302232664 1.794683752 2.616664867 6.578402281 0.848625916 7.951543012 -0.520923149 3.754604346 2.416114398 -1.399376452 0.809938440
-40.018999706 13.525083148 -2.778614832 0.500373757 0.238946760 0.424264045 0.715912403 6.874246941 3.271755297 1.999448996 0.623210163 1.203682538 5.495537621 0.450966401 1.886125345 0.965649249 7.732543880 -0.469254999 2.947209082 5.711022335 9.259523195 5.467119143 10.499537705 -2.015385959 1.412112385 1.110113897 5.848188808
-42.527966134 22.548037133 -9.245817205 0.292423065 0.445916446 -0.825004491 0.187122592 0.514144710 -0.304091461 11.046791129 9.220569656 6.268400517 5.103513091 1.417479045 1.817976591 5.864919357 -0.179094608 2.140346263 1.303958347 -1.160467357 -2.158997680 1.900694357 2.964396754 2.567897505 2.769670969 4.668150631 2.586305149
-37.664307055 23.475129227 -1.221167043 0.900787172 -0.420444871 0.099799331 -0.042996222 4.410368759 4.077185429 3.735025131 4.334987679 4.798621161 6.826305734 0.787060452 1.742905904 8.759046548 5.728626030 5.451941637 3.234114283 8.353700173 3.709094602 -0.405034369 4.985276527 1.670157380 4.744965633 9.503636713 -1.457845624
-38.436971843 13.827568146 -3.176580489 -0.515524230 -0.855854317 -0.025018473 -0.033499745 -0.167356822 1.814035235 5.790992507 1.725386056 2.306869025 3.992009903 2.308403189 1.692843762 8.443899024 6.019205310 4.603903559 2.867748943 6.133998771 6.571018836 3.344130768 4.927263377 1.515714019 7.726988176 -0.244818080 4.778669326
