-4.292562505 22.793682350 22.041836279 -0.105840692 -0.484936911 0.599743027 -0.627648183 0.401675549 8.067657230 -0.070851070 -3.158736099 6.589008689 3.240279727 3.177172852 -1.085055174 2.699947732 5.658328876 10.427493222 0.971731336 3.070456036 0.659024947 1.457249393 3.079298663 5.868010240 3.049093157 6.127876510 0.971804867
1.122636705 20.799046621 29.538799155 -0.358805949 -0.497777677 -0.736352110 0.285063581 0.180347844 -0.561696812 4.926344337 5.191578810 1.854106302 -1.531313167 6.788787513 -0.972383735 7.769630820 -1.499744059 -2.114032072 9.590890772 0.941796361 4.714171328 2.908776471 7.497090051 0.775831978 7.135351100 -0.402250915 9.007811183
0.862663094 14.500676392 32.842480244 -0.274174009 -0.810486598 -0.467085458 0.223094737 5.305202033 2.388056888 7.896942785 4.225859138 2.761963003 4.547263507 3.016014675 -0.019284172 0.564046164 2.743207166 7.574865507 3.864774890 4.695717278 10.044385937 1.223288497 -0.004978864 6.611602678 7.003857089 2.715618999 5.885325079
-1.599600458 27.328196553 34.953100073 -0.525762235 0.041557584 -0.845489079 -0.083637653 8.791542522 6.967245629 5.196605062 -0.700927141 6.600922385 3.429343040 4.433192715 7.833829506 8.338832994 2.629607374 11.171446332 6.457923282 4.770023920 5.100456585 0.111839583 4.767102572 3.143410635 1.373882560 3.224598023 6.275725741
-9.362912349 23.504745373 30.977388737 -0.784522688 0.186614122 0.553103631 -0.209226420 3.886887255 5.328018632 5.656043842 -1.879164733 9.354283408 8.255682992 1.814091686 9.002147672 5.981306540 4.576985831 7.538559870 6.365393077 1.424672122 3.213173008 0.171013182 4.659603797 10.159436005 0.188138104 8.578996552 2.515641260
-2.154155242 15.409515470 22.450456630 -0.302466905 0.610810364 -0.555807916 0.475922296 0.488529407 3.140142727 5.608988196 9.689396731 4.873746283 -0.522476477 5.489041254 4.492537996 6.477121877 3.745917948 0.774066389 7.122047908 8.229006310 4.828561372 4.341563531 5.653722291 2.371774482 2.286073239 3.359107925 5.066903523
-3.603692715 20.545768229 28.661054631 -0.373520573 0.208313183 -0.428766625 -0.795768296 -2.343030150 5.989211679 5.041201689 5.574917351 4.340028968 -0.901687982 1.848118646 1.681924651 6.056015369 -2.658484359 3.821494632 3.147024634 9.642063073 3.175970782 4.647163066 0.555965061 9.716124305 9.634597401 4.043773485 0.850838240
-2.423629810 23.694830209 20.040587799 0.719860526 -0.451506855 0.332746256 -0.408928249 5.405177432 3.957764865 -1.051347392 6.593904386 6.400778424 4.385421384 5.455937420 2.055802252 1.792543843 2.379869458 1.702655010 7.034288005 3.351575376 1.962970492 7.690434413 2.691935263 1.988680825 4.666524482 6.189329977 4.722113252
0.880364213 16.247153443 31.645953875 -0.884285660 -0.155960722 -0.086700689 -0.431506796 6.197178347 5.373426147 0.693815365 4.857358341 2.898377058 6.049670062 7.015652493 -0.219575210 5.756293340 3.677334713 6.521303170 -4.289669031 1.548333836 5.064866682 2.758568796 5.258039395 0.277051643 2.682163307 4.626559035 5.134997614
-2.088593602 22.865834681 36.646492732 -0.235809453 0.215334879 -0.938641307 0.130296927 6.819727350 0.965348358 2.065557856 5.054631594 -4.092273397 0.959995403 2.171085612 1.074180108 3.701082472 9.118409089 3.005173646 5.499547833 3.202649180 5.676332926 1.380111580 0.111903790 2.424565151 6.436681669 5.296817189 9.517745620
-1.606222813 21.977038166 24.610973018 0.889813079 -0.311562613 0.020139766 0.332799960 4.097437537 8.551028809 7.414842739 4.392547217 1.427157498 3.681035284 7.817696833 6.686078466 2.727679506 4.555012363 8.858923904 -1.356828454 0.279844028 1.851136349 4.902448206 3.703667773 -0.005070381 2.866824496 7.774188520 5.126701715
-5.318219063 18.971462535 37.344662090 -0.869407148 0.022254922 0.434764128 0.233700840 1.222496679 0.416091910 -1.898204252 5.172150714 6.398625711 3.344996751 3.963881971 5.337926301 2.161137553 7.169100801 5.210311293 2.950655936 5.822036299 4.803430038 10.875217795 6.498688741 7.593539087 3.121834413 6.154258985 -2.942419099
-8.192889635 23.641429362 29.842593024 0.742795013 0.334868783 0.215401299 -0.538257139 1.972650472 -1.000596116 1.156880254 -0.209149808 6.932943130 7.976706518 3.212026586 5.595486722 5.160944878 7.404099830 5.622171579 7.863962194 5.723738106 9.371081718 5.873393398 1.977444265 4.930937213 6.933789539 1.136979626 2.749789098
-0.857043148 21.349889930 27.022629194 0.397215932 0.449457984 -0.773311905 0.205415973 7.921408680 6.693093524 0.931873554 -3.904984294 1.548550591 6.497600156 4.859664934 3.928816482 1.070435043 5.343451227 4.690074549 -0.403739383 2.022283074 -1.567949529 3.230015071 5.195102734 1.727220012 1.191940624 0.054465942 3.636730144
-7.566850849 26.606314201 30.464151582 0.286303063 -0.735587259 -0.147552230 0.595961643 4.837693483 3.391555424 2.454633165 0.958732506 5.030914547 10.117297833 7.851336631 5.224648292 3.981543775 7.106305847 5.214780908 5.890832854 3.570237856 7.673761648 3.524251647 0.910566116 -0.099458170 -2.177945757 5.049962718 1.576140943
-5.353343702 22.047563660 37.496829514 0.105666062 -0.420231451 -0.490731721 -0.755924989 3.316466675 1.493741500 -0.482824087 -2.313018918 6.361476773 -2.732266384 9.340277753 -1.337224634 2.505556128 2.666994617 4.672177915 6.182063992 2.298144189 -0.872398511 1.807968746 5.251008633 4.841041427 1.375687024 3.876383865 1.922780128
-1.824498632 16.229254677 30.679170118 -0.356668245 -0.006537492 0.301238881 0.884307730 2.964561302 4.015300967 8.408903102 2.376110408 -1.317940049 2.747254997 -1.092710981 5.717827267 6.530826544 4.695131782 -1.202722534 6.368334516 4.420673361 1.259441890 1.536158647 7.340189518 7.375757737 2.466557645 3.979747401 3.925428037
-4.821463471 27.398524836 35.027454875 0.147393091 -0.623433551 -0.336685197 0.690107936 -2.194125979 5.959871653 2.587752344 0.262110259 1.477494583 1.893149119 6.830206043 5.183763673 4.318726170 0.755722550 2.146809855 2.013813289 3.311556311 3.261998964 6.564590025 7.244228043 -0.048690142 7.216426975 -0.585902908 4.557102531
-6.647810263 17.746473748 33.230466267 -0.125965963 -0.425589257 0.188167032 0.876127575 0.669033022 2.638072703 0.835807542 -2.880063086 1.534661606 6.608539482 4.076712216 1.313394087 5.076773297 -0.062268188 2.928900202 5.010442247 2.540887530 6.958746040 5.658169962 0.504922023 0.646400070 5.158404455 0.436819298 1.103095639
-6.538964602 17.101172537 29.873183568 0.338396927 -0.938672708 -0.064540495 -0.014683068 1.249885748 -1.749532991 8.290185559 3.641086825 4.498102082 2.991499242 2.714476850 1.170721158 3.362162080 3.372104618 0.136473793 1.865911543 4.118053734 -0.777261811 5.019158019 4.036266126 5.972576022 0.573124405 5.160705001 3.217555504
-7.811889884 21.826559004 25.082429425 0.190684711 -0.616345024 -0.570796232 -0.507887600 0.960777843 5.941735743 1.513558377 5.919256830 -1.341005181 11.762702222 3.865884110 2.378006771 3.188543042 3.536460667 -0.137329901 5.251167553 3.437299574 0.599096532 6.222537152 3.080372564 4.911739257 2.320999137 8.107047425 3.520593805
-1.911946098 21.047383645 23.220702455 -0.022580679 0.548497357 -0.572568431 -0.608938547 -0.782063557 6.795685150 2.739555626 4.413616855 1.161368503 3.635951844 0.930896514 0.881450171 4.946473982 8.194384711 2.118422702 1.940478087 1.701555424 6.181325379 3.511097220 5.859896250 5.177439027 2.117410739 7.576036077 3.923530759
0.180068042 26.003610380 25.922837580 0.335472389 0.188641060 0.589781245 0.709951343 6.629422933 -1.370628433 1.879850004 2.112649766 6.225793686 3.836783632 6.200997176 5.143638225 7.529495166 5.292209816 6.708292345 3.097846052 0.312875358 6.706809418 5.039755492 5.846281823 6.648014032 1.504315514 3.188893582 4.329623296
-8.927537324 14.945098870 27.238991040 -0.274672066 -0.860591014 -0.065255518 0.423886872 -0.367138453 7.537348523 3.930154045 7.976830139 4.802159495 -1.636599072 -1.024213533 0.676508956 0.368080289 4.595419551 0.613069614 0.351164119 2.843336467 2.528368671 2.006116000 6.843709455 5.246010853 5.426025756 2.530929242 4.230268467
-2.168042499 19.495540717 37.207256374 -0.666869085 0.699630827 0.251556162 -0.050217791 3.022739392 -2.539320007 3.713451297 1.617933409 0.591976690 5.329550721 4.254526805 8.549513372 3.242026752 2.310586157 5.311848771 4.349966104 2.473944540 5.024658408 0.965238969 3.742801417 3.464669479 3.729873416 1.546165727 6.710411631
-2.542151906 22.866533402 18.992895605 0.487144146 -0.850007357 -0.200171162 -0.010467988 8.657757422 3.109678928 3.928317547 8.001950877 4.325266399 -0.238210554 0.939989291 8.498705204 2.872278003 2.337641837 4.276507869 1.641290701 7.397446284 0.838370742 6.433804350 6.360182246 3.702666453 9.161099307 5.423426142 2.846998073
-2.778211333 23.478475014 20.094248517 0.340773620 -0.894831511 -0.164815933 -0.236612796 4.139377603 -0.682827942 5.006086278 3.588783308 4.613661061 -0.923100454 8.930027724 1.623752329 -0.456422490 2.521699653 6.237221248 4.414033421 4.719910955 2.115241019 6.177641197 2.013319898 6.748240600 2.323130821 0.748221816 5.816959499
1.951735331 24.105291927 28.099753602 -0.815747056 0.352231837 -0.202390142 -0.411737422 3.029323054 2.249551466 4.912484518 8.900975488 6.078601183 5.850486025 7.985024220 5.096784516 -0.224810925 4.005451639 4.461879971 1.395300329 10.721112519 4.695367598 4.382392834 4.224758971 5.859369990 6.614851649 1.734656527 0.665857839
-0.720773092 18.353993643 23.134628554 0.935643666 0.136372683 -0.323997366 0.031609009 6.869924441 9.002873664 11.088232661 7.071759664 2.439949758 7.064393962 1.489647270 4.078530221 6.546744766 6.825781954 6.300062522 7.749088659 2.149781817 1.167901563 4.998041191 0.463357350 6.849958995 -3.041864174 5.293193526 6.500289754
-8.035217481 23.315368325 36.903061350 0.604470978 0.745358464 -0.270891466 0.075322051 -2.186889236 4.103916670 6.643636576 9.981727356 0.770809494 2.997382586 4.427955544 0.815306973 5.475170708 2.764128445 7.314790197 6.486790952 6.414867580 6.771948373 0.013564865 6.286321010 4.160212527 3.534254424 -0.035592360 4.626289075
0.359982566 23.458925502 24.967181950 -0.309700073 0.927261324 0.088369934 -0.190953020 1.890208376 6.604760500 8.715814838 6.340556802 8.991595974 7.830382978 10.062745981 2.466300600 6.742568525 4.599283842 4.955432706 3.223831988 5.241661009 7.901624343 3.214128230 2.704168213 3.167025671 6.964196196 5.570408477 5.269650976
-3.480380812 21.583493577 28.588346432 0.338187626 0.727744169 0.442385581 0.400390499 6.010624002 9.640370277 1.917388958 8.315743865 0.656483529 2.300966876 1.660475643 6.189941774 7.588180760 0.507433004 2.859884964 9.008627965 4.515681746 4.313997458 4.812315216 8.086150066 7.705045146 6.752200276 5.170112213 8.174047865
-0.218787068 16.335877292 29.324575458 -0.425133753 0.136671130 -0.088144426 0.890400390 5.559920604 6.847051911 9.018106473 -1.596597073 8.394308648 5.852878437 8.363854009 7.013860988 -1.017825639 3.922486484 4.196994784 3.305060967 2.089544357 3.961359758 1.684722556 4.611456259 2.053584393 3.048307273 4.522803596 7.253261051
-2.084501529 19.081420547 35.592899478 0.761568620 0.366026692 -0.534085652 -0.028110747 3.703699586 4.973060460 6.630943448 4.589269015 -0.627953871 5.137343146 4.523667280 1.860784876 5.831015895 9.145473840 -3.628924339 4.456195629 1.010722326 5.674687975 0.614719464 -1.891781799 5.374407765 1.936620620 -2.335036809 3.449745371
-10.193457172 21.207466861 21.355473309 -0.631930277 -0.059029876 0.076082023 0.769019587 1.730611192 1.835447420 0.325037315 -0.839441092 2.646270069 4.964631395 0.437673821 3.340865374 3.784630486 0.562460291 0.448916229 4.425883039 2.022222569 7.149419370 4.879690565 5.101742672 3.353392795 4.331537351 7.699636867 6.713684151
-6.674795924 26.619685378 27.978707628 0.106062422 -0.124806446 0.161081323 -0.973255835 8.309101333 4.163587792 1.632600848 6.289257708 2.789339602 0.486771096 5.131900711 6.329545785 11.631608315 9.766106456 5.740091686 5.982668403 5.379743508 4.934193346 0.485203392 0.015903506 3.891246214 3.925150418 1.052630496 6.537796660
-4.643348000 23.279410977 19.052842978 -0.075031387 0.736845148 -0.661906530 -0.115365790 5.572162522 3.561525136 8.659878419 -3.162538643 5.414178816 -1.225669644 4.330798969 1.545712636 3.673540184 4.033551567 7.862329134 2.766622845 -0.719653357 5.096043402 2.439405745 6.905806698 0.586894592 7.106743969 7.629418283 6.444114826
2.465504994 17.026879655 25.426966554 -0.008117895 -0.596545223 0.029897032 0.801981337 5.107127151 4.806486563 3.293133681 4.071908563 1.026223388 2.388991902 6.696294118 4.471535024 5.101345106 0.962198128 0.927044684 12.027025898 0.277869814 5.868727761 5.205784215 2.691772288 5.755408937 4.299500107 5.464791337 9.221375398
-10.561962830 15.350038444 32.465238722 0.591674353 0.222211070 0.501485110 0.590809940 0.780003704 2.547435156 5.320587672 3.904990144 0.296114840 6.678951444 4.265274171 4.752069731 1.418339404 6.133052128 4.415867443 7.186815992 5.305050873 6.299690067 1.967200281 6.686108186 7.794665879 6.863498215 4.481646408 1.363424385
-7.277512554 29.224412963 32.943395076 -0.394438042 -0.843189660 0.324371313 0.168027020 2.760284237 2.539699576 0.060349127 6.466765329 7.079745963 1.282662440 6.676765172 3.228945713 6.791314552 3.978966576 2.767705467 5.577511049 6.319226581 -1.209821792 2.968584222 1.625253475 1.665744637 4.220106325 1.621449971 5.609530574
-0.785735535 14.770552823 28.486952904 0.512477944 -0.685873924 -0.318831680 0.406558332 4.536438584 0.238599043 4.283588262 4.023549701 5.977853939 7.464230346 7.312971931 6.569938317 3.563556142 4.658359310 5.434000623 1.425912024 5.255749382 4.362822234 4.902748737 7.631360370 3.705871448 5.984598765 7.714657913 4.768423356
1.131646819 13.488925942 25.964949050 0.525598554 0.797079918 -0.282221694 -0.093598500 5.538849534 1.386712818 3.635611075 2.821475242 1.304461640 6.455224458 3.608168722 4.954231287 8.416824085 3.380836261 1.694424286 8.266804728 4.341488585 4.530010331 5.257380686 3.613155696 5.716035951 6.649898041 9.747172572 4.542987665
-13.642591141 21.786459754 30.256324403 0.035584649 0.257849916 -0.860317250 -0.438293718 2.962842274 1.513617798 8.772186185 0.096558078 6.233908406 1.282634083 1.794385982 0.868808140 7.668294725 2.219327481 0.907557577 4.784724520 4.554008172 5.633516480 5.765556408 3.229002742 4.060626742 7.241626868 5.566650989 3.604232088
-9.002036651 14.235441570 30.862582036 0.039016874 0.162052644 0.776569479 -0.607582478 5.326810767 4.023938226 6.616308136 7.665972334 0.964524687 1.187629791 -0.306031601 -0.044891014 4.594051762 -0.401970907 4.104676987 3.256641113 -0.018698106 4.395115642 2.593155505 0.342435382 3.512932261 4.838470842 5.978252643 10.222064950
-5.047109816 25.427963535 20.460799163 -0.322703146 -0.646395040 0.689615617 -0.049663187 6.844662011 2.386502240 4.982545217 1.601769988 -2.095378083 3.087816968 8.437206878 1.397678928 2.029463038 3.830399315 5.803174703 4.801478382 5.697609336 -1.532480520 6.529015987 4.229519085 2.376240266 1.618949383 4.416335487 1.663965337
-5.747313861 19.691061580 33.989538428 -0.259194958 -0.456451914 -0.244076827 -0.815411630 6.326381323 0.669351153 5.313100699 3.197684653 1.664059986 10.376478156 5.646573765 0.493492084 -0.149944330 5.377436322 2.117023854 4.402179807 2.000952030 0.718696759 1.527655455 1.620778907 2.780571208 4.674915796 -0.180971755 -0.485386628
3.641572261 20.613907519 23.303445089 0.655955460 -0.166220403 0.374823487 0.633719628 4.763609506 4.741143686 4.765771363 -1.923733676 2.277054332 1.848482045 5.027362363 2.699916570 10.723848923 3.680860795 4.297601514 4.750504535 4.354749477 4.623435721 5.350998413 -3.438367256 2.327821617 4.065666086 7.960192864 4.461524400
-11.143425819 17.133663116 29.473355723 0.795044541 0.411959008 0.067424401 0.440054433 8.337704786 1.127937445 5.436862531 0.435893336 2.668114863 3.714178523 4.278216483 8.478299358 0.583688476 12.498089713 6.160465630 1.397639529 1.002718631 3.369732655 3.868146495 5.131723661 7.771837351 6.106318664 3.174826271 7.357391719
-5.075918126 22.193531155 29.985636504 -0.363989084 -0.395945738 0.203901013 -0.818024020 2.898613181 3.154141395 0.518561008 1.259293587 -4.745172752 0.119737400 2.532499474 8.882281982 4.329348604 2.418116576 1.648781848 2.376193578 0.333164143 1.736426150 3.381479994 -0.196338661 3.990124439 3.712085678 4.043647332 4.227422094
-5.863245088 12.695154790 31.161629355 -0.006483566 0.390178363 -0.880550338 -0.268979386 5.813931508 10.524756331 3.699071402 5.871896571 5.710966631 3.628218819 5.934588327 6.533875414 4.420957536 4.820393119 5.456179663 6.711964915 4.529982636 4.671987140 3.105889586 0.424053469 6.546086051 -0.509621506 3.935605815 4.887883585
0.666958837 24.022822789 33.100167096 -0.752923369 0.303390587 -0.085317408 -0.577738255 4.778995171 0.185232134 5.152300155 7.210125950 9.775885686 0.003763281 1.516425354 1.755470164 4.462048214 6.435479054 3.531273139 2.333427407 4.407388332 2.842123774 4.584191508 2.876845887 1.181219863 7.160203861 1.446436652 11.178815870
-11.503337636 22.072000268 32.275086676 -0.381673351 0.229685224 0.748464692 0.491294978 3.394407874 4.558483105 3.213937844 10.085499859 3.190973698 5.807219357 4.545645367 1.772600963 5.595236482 3.988051395 6.364541329 7.450599651 7.095160546 1.535504010 1.708733432 4.559352275 3.689563852 0.692350388 0.466352433 -2.155808777
-10.429598142 26.817331924 33.135810980 0.828433219 -0.511888157 0.134702602 -0.183095946 3.237649795 7.590611341 -1.222340415 0.522946284 1.204317350 11.284819006 5.480231743 4.852645400 -3.192288515 1.266644432 9.878809715 2.627927619 4.390919396 -0.207605630 4.083900976 4.602643232 2.715059636 5.595992008 -0.496946664 7.518335090
-6.408840185 21.163019017 32.215805226 -0.162784504 -0.713734815 -0.564556656 0.381260542 4.125636493 4.976786824 8.250903265 4.153325936 7.573419773 4.266887967 -1.145735633 5.257609735 4.937445433 2.822846614 8.775003750 3.359966991 2.752609199 6.392687701 4.369079106 1.163093066 8.493017271 7.713512768 8.222917788 6.379947468
-1.273590588 24.116060346 20.078334072 0.627443872 -0.145913533 -0.273033227 -0.714476232 4.356177510 -0.002704550 6.489173767 -1.729796919 5.697997825 4.274732072 5.459524229 4.960966813 5.749286082 0.206238582 5.722199914 4.930924126 5.918699571 6.284416015 5.723954914 2.771318880 7.257819495 3.473835585 9.868889581 5.720096427
2.229595648 22.687097037 24.964914648 -0.294476874 0.627699262 -0.205756099 -0.690609466 3.863098688 5.086549157 2.162820594 6.349635322 7.111949157 0.987080052 2.404364316 -2.964180534 1.589884849 4.585875442 1.254995475 -0.538325294 6.828619003 0.070330271 6.475681744 3.661637087 6.117278320 -0.652797498 -1.866173573 5.054133147
-1.551097297 20.762773166 26.842867427 0.665459020 -0.178437031 -0.641949573 0.336489620 3.775301318 6.451936145 3.931352680 6.332378891 5.743203249 8.462552118 1.500670955 3.713113089 5.990310939 5.689899166 3.503809707 9.006864681 6.502495803 4.857750704 2.327434735 9.521588019 2.568620013 4.804523352 5.544980037 3.024671126
0.064044404 14.333486715 26.945040925 -0.406278059 -0.670745005 -0.408516506 0.467069097 3.706014142 3.704971205 4.740986469 -0.006180078 8.642351750 1.665769583 6.305752676 6.707090877 0.655664759 4.899819919 6.906490287 5.731376968 11.908331067 -4.114364681 1.478109622 -0.831323342 4.994610978 1.339157692 4.092763173 4.416119965
-6.116700953 22.977145699 35.192238587 0.245715605 -0.201501533 0.785804776 -0.530595729 6.907142583 1.744160682 7.063962870 3.326351577 3.269194214 1.039303149 7.669310353 -2.498545848 8.140843753 2.515819050 -3.744599779 3.402755196 3.729460127 6.960564479 4.276644564 2.821790972 6.037224798 3.560035049 2.121542393 5.065373612
-9.853373424 16.116274243 21.975246251 0.634781489 0.481571171 -0.534468860 -0.281930321 4.121344132 0.786789822 4.190878443 2.108663574 8.484728806 -0.916878546 2.943647048 6.252547458 4.728526731 1.259031961 0.298133889 5.043436850 0.507394903 8.126402362 2.166452312 5.840353660 8.291044017 1.310231427 1.334194995 14.110599783
-10.053851664 24.917812229 31.296195620 0.163250566 0.904812604 0.365858055 0.144261178 5.355287399 6.122614800 0.387546121 2.502163208 -1.410661658 3.207586261 2.553051049 -0.668183030 6.986365496 5.914801914 10.324335241 14.537592557 10.508338010 4.272608968 4.567300133 3.640855101 4.390301359 4.916474043 5.004924937 6.196550534
-1.022519823 18.049711085 36.635900566 -0.564142594 0.337431968 0.216998586 0.721660872 1.394522117 6.171802748 0.156378747 3.688337923 -2.458148824 3.483657053 4.904949161 10.405737173 2.877371626 6.015101362 3.129539247 4.522492326 3.464682094 3.116564907 -0.744077838 6.307983143 -1.184440707 7.123816825 1.872806545 7.893248871
-8.440237949 14.583280788 32.864581630 0.881457887 0.065748626 -0.224838503 0.410069213 3.717885336 -4.880628002 3.215525203 -2.281272161 4.760001584 7.976616822 -0.682612016 0.178343639 -0.129770993 5.599454975 3.919573038 4.046857157 0.608415544 3.217268542 2.335956661 1.672472644 10.653816927 6.511123967 2.837103220 5.223267213
-3.952657469 30.477054669 26.838558734 0.248339398 -0.027900355 -0.920891128 0.299179953 2.247309326 6.994106007 2.096687521 0.099664518 3.896990673 3.639833606 3.935373520 -0.149058897 4.349488294 3.246015137 3.247727952 4.741174306 0.941669885 3.243789119 2.942169798 2.229408028 5.618333251 4.486674407 4.198216504 6.340391337
-6.482510929 11.287417169 26.810030809 0.066761370 0.322471326 0.664677307 0.670640917 3.227183143 7.955855344 5.354423159 4.706010740 1.859193207 4.402672925 3.607617666 3.896233872 0.883178308 2.492696383 5.008027412 5.951508735 7.469884616 3.554548567 8.030872114 2.278236803 8.277077107 5.111965604 7.310835042 -3.681182998
1.620587294 20.269585580 32.862500692 -0.709795588 -0.305420892 0.209898862 -0.599041542 -3.347280438 8.379514767 5.731034037 13.444533921 5.935234540 5.656973565 0.060094705 1.542033621 0.834407011 1.250899081 4.007549532 7.200390585 4.418173697 1.039456786 4.779853258 9.666754251 11.742216348 -0.319544170 4.307250132 3.271866195
-10.454531046 13.580216090 25.012960972 -0.317119355 -0.447961423 0.244201685 -0.799456950 2.101569751 0.611783228 6.073861068 3.459898042 5.293013030 2.234390094 2.413439798 -0.171540408 11.308628398 1.534825721 -0.621930738 1.311790176 1.343268879 5.222169973 5.644002082 -2.020311448 6.946784492 4.267736746 12.018791034 6.190806768
-1.569216379 15.552544924 29.206668400 0.601568199 -0.569831573 -0.289818397 0.478970748 6.879435814 3.077457367 0.781974303 3.657473766 3.331142545 3.024249351 5.425521154 3.969812330 3.443371077 4.206083880 7.783422299 2.272911762 -0.820721051 1.708652698 -1.222157770 5.033650560 5.689697736 2.178463160 5.139582747 8.411679055
-1.188978124 20.743237919 25.895098674 0.542939101 -0.701802383 -0.202933374 -0.414135961 -0.302743124 1.732044598 3.193574853 3.566531626 4.006139857 6.346405447 -0.085357636 6.190460508 2.362833882 6.038742321 3.933882734 1.116132768 2.480344161 6.085491471 3.214183950 1.161054820 7.804253862 1.778512656 11.445752848 6.658931552
0.630137053 15.615585688 25.449274274 -0.161841991 -0.044850252 -0.901914497 0.397926958 3.867937327 0.896267631 -0.767458232 7.940608172 5.070567328 1.139534671 2.533667707 2.633340621 7.468950384 -0.837162868 2.861445712 2.041448033 1.820710737 9.383772836 2.337506248 -1.301852091 -0.290401982 4.381613595 4.693530639 6.164394160
-2.953585063 18.230965355 37.219034606 -0.819302814 -0.487753255 0.132542129 -0.270688467 0.951609704 3.957801893 3.691413590 3.294727527 1.650658548 1.273018554 -0.588950318 3.772422442 1.831678533 7.018951785 5.174573323 4.248607195 -1.242977445 7.555684365 1.543668195 5.329629360 -3.846591073 0.036431145 4.939840067 2.221171207
-8.020885378 16.408784646 27.503470777 0.042696533 0.065986046 -0.379917808 -0.921675272 0.869995023 3.667230143 3.596422307 -2.507941251 3.204203778 1.901593295 3.528518636 -1.458941983 3.803118356 3.773980341 1.977521428 6.408483638 -0.231422834 3.437046096 6.319114252 5.822486155 6.236114291 4.699786510 -1.407870973 5.087888032
-1.755949719 19.938799193 22.339623557 0.354909844 -0.148547057 -0.664749384 0.640375695 3.855612777 4.077624891 2.440014088 -1.039493922 -0.532457500 0.862032625 3.320820508 8.187260659 -0.666668192 9.127460245 8.371041439 4.276613135 -1.276438099 1.946426583 3.314858011 0.919979221 7.033173231 5.516564928 3.508369951 2.487780356
-12.410004476 17.987357947 27.909205411 0.012805545 -0.705664316 -0.465735834 -0.533820216 5.350245571 2.236262604 7.280367456 3.113274004 3.795958783 3.471468286 -0.413085696 -1.427017053 5.658073291 1.108663533 -0.623664721 8.348286410 0.060283308 1.915976038 2.629299850 -0.459292232 1.899093633 7.075625776 6.452322095 -4.628929252
-4.255060340 24.940314793 29.645795967 -0.638429393 -0.113814152 0.450483505 -0.613611326 1.391422564 10.500008588 3.443055842 -0.236090252 6.369344157 3.930776196 7.721202224 3.420548982 9.146574585 3.519306274 7.647141397 5.604199723 5.467192893 3.179896664 4.374960164 5.804002718 7.383403420 -1.605468855 4.509636881 0.013819402
-5.906171412 15.794926417 21.901693093 0.135038253 0.915424021 0.375151350 -0.054999971 1.485786039 8.318334832 6.163277814 2.439670447 1.424783108 0.930003835 6.143506147 4.703165579 4.074268249 4.463453553 -1.131363826 1.234934328 8.291489421 5.071457670 5.063299598 6.857712225 7.646372408 -0.557980528 4.200100720 1.303522801
1.144749839 28.235157208 31.059130911 -0.439988516 -0.613696495 0.655172153 0.023155298 3.218746186 2.106644639 2.962146878 -0.854673551 4.627214023 6.459686366 0.172368637 -0.032756213 1.332849304 2.226047011 6.458747689 0.401606221 4.348773165 3.001675657 5.878954327 3.936163698 1.238608635 4.933458133 5.742900385 3.528728340
-0.778666911 25.251469793 27.372014436 0.071090906 -0.848123940 -0.366060980 -0.376339242 4.503830574 -3.451368702 4.562395973 2.330841784 6.556321479 -0.113941055 4.696161499 -1.487537731 6.105409821 6.320981903 3.215658375 -4.752880652 4.367347318 5.885923431 1.107310808 10.372440474 -0.282659358 5.964125906 5.715363054 -2.409325217
-7.890287857 13.127688171 27.036534693 -0.324105655 -0.847885250 0.305885937 -0.287193178 11.333663311 3.453884386 5.398073177 0.442918381 7.981951802 2.856443689 2.792988155 1.426890518 2.013506335 5.662855286 3.500201391 1.435358881 1.527821190 11.020836563 -1.560174932 4.985166198 -0.624173511 -1.268161270 4.547479781 3.402257887
-6.378570128 29.482377373 24.741397798 -0.258670001 -0.071120840 -0.475710652 0.837693877 6.499396191 5.385768576 6.770351500 11.714100588 4.981963555 6.142501511 2.089288478 -0.619479921 -3.367767046 6.111991984 2.266442034 3.758379018 0.431158643 5.932238346 7.048965507 0.602015253 6.332549797 -0.113926093 6.768827293 6.316404575
-0.938682881 22.564241620 34.177620104 -0.280631193 0.532031380 0.508421932 0.616194680 7.280598112 2.185235329 3.192605664 5.301386291 3.173367174 1.536620052 2.939146922 3.982757990 1.702349258 6.991486566 -0.011938311 3.811581851 2.864521224 6.590593304 0.980032158 9.177110832 5.520916460 -0.322914444 3.190135271 3.862824829
2.837164733 14.775908078 28.857341840 -0.099514740 0.522401349 0.096570915 0.841348742 4.366051857 6.573049167 4.402083565 3.817511005 6.426599180 6.962691912 3.144180374 0.137705706 -0.096405193 4.869561382 6.799429856 6.223775117 -1.196879037 -0.156053527 6.908829210 3.312733661 2.120136633 0.426390017 6.221265563 4.777283156
-1.219604349 22.618733036 35.786275919 0.271159259 -0.587983912 0.480828710 0.591228659 -2.034622429 3.821537681 2.931080643 3.359171922 0.737177302 2.920164996 6.030842074 5.282374565 3.832770571 3.875523981 0.313916998 5.337296381 0.653323427 5.481927242 3.924353228 -0.750810412 6.259261417 5.686024757 5.051962291 3.984792459
-8.930166795 25.471714900 28.286197907 0.410745523 0.038511919 0.076363023 0.907729936 10.905726660 -1.675895978 2.270178200 4.191620137 11.486306892 -1.121847012 9.380390978 4.246042666 0.467469202 -4.324200269 10.480372287 1.690232355 1.349595749 3.245316304 3.397936076 3.282807397 0.154607739 4.287914266 7.186104191 3.243565300
-7.429844976 21.780092566 19.493978907 0.147771963 0.708249598 0.198423678 -0.661191347 2.883317836 2.962535983 3.138909633 2.569756552 0.871630284 1.840789578 1.678107625 5.696325746 3.309279789 7.344364715 6.608540372 1.488449815 1.450724766 9.516933893 6.829182600 1.128264627 1.396544226 -0.116126521 4.238276933 4.557458538
-3.335399604 30.598521858 27.952721213 -0.334047353 -0.434018638 -0.773415510 0.319168664 5.389939274 4.894617646 8.191068316 6.513410289 -0.206060534 8.801145207 -1.260918690 1.424689148 6.731735194 0.232098130 5.455730477 7.755814366 3.031027126 -1.037339669 8.523996802 3.434917251 4.189039933 1.300694722 2.695853937 6.937518967
-10.865664889 19.419706327 29.905591163 0.114390957 0.616862867 -0.700783815 0.339554057 6.528773887 2.826372941 1.949256840 0.936559803 -4.007904281 5.581009605 4.808728278 3.519463967 4.116704899 5.799003242 0.443979248 -0.003363052 1.471084315 5.766377192 -2.840128956 7.799923430 2.698329883 6.227494346 1.313550775 7.052737014
-3.536769591 27.847642005 24.568202582 -0.428882974 -0.467210368 0.743096751 0.213497270 5.188110936 1.191638724 -1.168268435 5.848924443 -0.749688036 1.489583689 7.000085556 1.694349557 3.719240451 6.615790650 -0.568477687 4.013832131 0.641634130 2.224609142 3.070911623 1.147268140 5.705747502 -1.358761620 1.598896931 6.514449293
-4.587741174 17.288011022 26.433804662 -0.539970983 -0.521365740 -0.342804738 -0.564884072 0.543704694 2.244330316 8.740802328 -1.767105832 4.549887957 3.542093031 5.382782575 -1.114915551 -0.897714816 5.439290666 3.635283977 7.633425132 1.727521862 1.225584223 7.511069926 4.101448766 4.593765805 0.357959673 1.332852351 5.941686143
-11.180514721 16.564831032 32.889382805 0.486470262 0.634432250 0.594887817 0.083371995 5.552643365 4.165109740 3.632799480 -2.608743532 4.955284663 5.835726269 2.008710421 7.548797922 4.283756677 2.925506975 6.940195039 5.308974964 5.439677063 2.507484134 13.819869301 -2.471287924 2.509410562 9.765049312 1.953972561 2.385802294
-6.230797150 28.173099983 25.341144992 0.259232095 -0.256393445 0.928997062 0.063447471 1.811457806 3.798364797 4.525236463 0.780280346 6.134138760 2.837486466 2.561825632 6.602979275 4.365238797 8.331372006 1.251621012 4.225779962 3.559269528 5.730998676 2.734577734 1.057086528 8.063614706 6.470322766 -1.031284272 7.450046699
-9.278946996 24.153544339 30.768180409 -0.882077711 -0.104451270 -0.443222398 0.120759060 7.687641125 8.136093823 6.790267626 7.337787632 6.184565044 3.961862303 7.986821904 5.667517743 5.469450676 5.230052533 2.856529688 9.347167055 1.235094832 2.892500571 3.255303635 2.025204221 6.055157444 3.092165830 5.518779847 7.259544113
3.014929640 15.900567365 31.375583141 -0.412312548 0.535964852 0.121526609 -0.726616352 3.629732215 0.716131072 3.885373343 1.206270145 7.393269483 7.200166446 6.204105562 2.333202899 3.941256973 3.211779293 2.692412087 1.772632791 1.494605684 3.960171642 6.427808043 9.006710247 4.960188179 7.559250778 8.505498371 1.783943952
-9.051535309 22.337188117 30.162397846 -0.258784540 0.368329365 -0.508553905 -0.733987035 6.568015971 -1.369043118 4.954501941 11.846239628 4.958101515 9.229759404 4.570553711 7.734555584 7.297504085 7.252418802 1.868864630 4.674242509 4.746038496 0.899057135 6.078893562 1.283817566 3.305493967 3.547426744 6.730265846 5.358082310
-8.412805019 17.838035701 30.359214289 -0.521078565 0.255126508 0.083998395 0.810143113 2.305110040 2.529066859 8.317769613 5.173821413 8.873567173 1.372538641 5.976784876 7.173724533 0.750427178 10.637677752 8.901309823 4.749540182 4.592368137 7.097437547 9.159862714 6.123665363 2.057450136 -2.420857768 6.839858631 4.845406582
-4.369251941 29.959955020 31.522846316 0.821326784 0.296068240 0.481839959 0.074807516 0.744252609 3.349488575 0.788958066 2.917722387 8.449822824 2.273351133 4.979122359 2.937288351 5.903612098 7.323952397 2.755754800 1.786148154 5.885048580 0.376837388 6.902010156 6.926327523 8.008216924 1.401400825 4.374293009 3.928238581
-1.258727511 20.184423592 26.024278804 -0.419452227 -0.655899687 0.005239969 -0.627557147 6.664484981 8.420194004 5.408441575 7.205411428 8.673864763 2.142433877 6.122530192 8.037412459 5.610003584 1.266706768 1.242622238 4.837461142 2.302036732 7.303220474 6.259244043 0.566245798 9.102629558 2.704565665 2.607030347 6.707852918
-8.134190147 24.265589088 34.019684411 -0.363950991 0.133842212 -0.799721654 0.458335263 4.264193317 2.299006991 5.968335934 3.144648920 3.916031827 1.371414833 4.717650951 9.615231385 1.486485838 4.641716739 4.741171442 6.641017907 5.511650724 4.781158929 0.846290757 4.301825402 3.864114441 8.806599258 1.886411918 -0.261909958
-7.465376713 13.407440329 32.789816428 -0.210653818 0.197871526 -0.806073051 0.516447543 4.672795929 1.101910682 3.604229019 4.865738551 7.843814433 0.258941461 2.708113324 3.948212970 4.076528511 -1.279859991 0.661676459 5.165144631 -2.491985570 1.774040508 1.342179783 3.824474086 9.187015960 1.314899002 0.917800754 6.851322455
-3.040605815 23.801345697 25.527347569 0.348197274 -0.469602645 0.810628939 0.033357721 -2.227217756 1.924329405 7.396535914 4.600363863 4.093698051 3.338850222 2.987650046 3.482532504 3.210771647 2.559891912 1.072405534 8.337539085 0.204171061 7.731035280 5.053343632 8.614671938 3.970975896 5.879560271 3.767901708 6.493906848
-0.369285506 29.194305955 28.811642130 0.190822309 -0.482697772 0.441148444 0.732105019 -2.278783459 4.581194866 3.678199046 1.591366635 3.380354854 5.684023339 5.754510843 3.029335848 1.931374589 5.364184801 2.985621880 4.528931539 0.235001893 8.113275988 1.890881210 5.058910558 5.882937454 6.673231533 -0.866392281 0.822056303
-12.646911150 23.685450169 27.341860442 0.596724039 0.490787748 0.565487128 0.288569082 4.564839866 5.840477245 -1.991220388 3.377728161 1.810082939 3.462919074 1.743219382 1.422487838 3.626746111 4.900643649 0.356170076 3.066645525 -0.575295801 3.537516726 -0.156248488 5.875601957 1.562013217 0.562227910 2.935658690 2.161334462
-1.117733731 12.068971396 29.447911256 -0.548537123 0.142876430 0.809495988 0.153001946 0.762092275 4.241749430 2.596561612 5.668018780 3.756401535 7.248637877 -1.694132899 3.628968033 6.237937638 4.748477738 -2.664618709 1.484678843 -1.647361817 1.845712020 2.125868836 3.628465951 5.815587887 -1.398170710 7.691391850 7.278736089
1.501840488 21.283570069 32.673881299 -0.230175368 0.655691178 -0.456235066 0.555821863 3.699567314 0.356582618 -0.213964101 2.995626816 6.451698877 1.711146542 2.244255288 1.135317432 8.633471767 5.637163143 5.504772584 6.863524723 3.230648477 2.963883629 0.292540225 1.943301734 3.535982691 3.921673860 5.619110063 1.744949452
-7.325539884 19.698237112 24.499289407 -0.839512158 0.497136037 -0.005795462 0.219183734 -1.808416601 5.438033562 6.473170530 3.345550966 2.132619642 8.215049265 3.590560127 5.198664104 4.551189617 4.248241019 9.426782567 3.085361192 3.970729338 4.580334219 3.251937031 4.426926409 0.813628503 0.641680421 5.699784298 5.961828117
-5.360047613 17.135773038 25.912833332 -0.285993190 -0.602840129 0.363533785 0.650103732 5.205661540 2.430694987 0.943053197 0.692677235 3.456784989 2.696479813 3.608762134 4.169000766 7.176196170 7.726946209 -0.469263413 3.660623320 10.393383275 4.280719982 5.352878105 4.771907437 4.911818553 5.784668648 7.230058028 2.430425180
-3.813299113 22.625234525 26.736593429 0.210848943 -0.690756085 0.174712048 -0.669234230 1.511194041 -1.442510132 -2.149685840 7.457873805 3.329543341 4.562514989 0.193772190 8.507941381 6.754828891 3.744885826 5.535972460 -3.563890084 0.890749477 8.171466076 1.415183957 0.496259307 3.595304785 0.335366618 5.896390101 4.503235784
-5.447058216 15.731377056 20.916197553 -0.741114546 0.182896616 0.485143146 -0.426537437 2.317291264 4.895399194 5.625143773 5.916104045 3.350926583 2.801640695 5.630609744 6.787469474 -0.300014953 8.347558918 -0.050215991 0.789744362 3.382747344 4.366617271 3.714256041 4.010704749 6.437708312 2.454004488 -0.484875741 3.729096808
-0.377719690 22.843165717 31.680673475 -0.656159971 -0.036141800 -0.173239581 0.733577474 0.688451824 7.877354188 -1.082161836 9.218848930 4.487630564 4.818700246 7.824434951 5.600579158 5.179130310 5.316969967 4.427930786 -0.683985221 1.933928838 4.029440830 5.471358566 1.845342018 4.172481369 2.944714788 2.364431220 5.349153438
-4.735954469 25.398145970 19.667292423 -0.882735045 -0.373159515 0.115238742 0.261248633 11.424597688 7.784286372 3.869167731 3.787698271 2.241559210 5.174241688 0.270651799 3.150404709 5.473090276 4.956056041 9.051807275 7.423142590 6.307371423 3.730719276 2.264883089 1.373540823 4.074427853 -0.327949998 3.582482320 5.011367177
-4.803877581 23.700893492 22.481781588 0.283450497 -0.381795882 -0.536257426 -0.697363387 6.124786029 2.011640939 1.261370066 2.896591672 4.837705346 4.478902902 1.370678139 1.497827884 8.884612329 8.261776858 3.842292610 2.429550122 0.877707465 10.051730747 1.123963946 9.056885698 1.213992626 8.597581665 4.138964801 4.143521020
-11.788532864 21.886949366 26.649860118 -0.096646767 -0.868423060 0.486256407 0.007449670 6.468124951 4.520504234 2.950555424 4.651502613 8.034641082 2.705011678 6.987175231 1.681938786 -2.018044528 4.517538696 4.373166952 11.001073486 10.651394348 -1.459194556 1.442245081 9.332006906 1.720704673 4.906874595 9.218623225 5.108763697
-6.839249422 16.526750462 26.019275126 -0.322686362 -0.770325253 0.275877545 -0.475777361 11.788875410 -1.352089094 6.006876126 1.814925200 4.137913082 7.318494158 -0.594117649 5.494291922 6.207483325 4.940792386 3.961067450 0.723684291 7.883511144 5.040446370 9.869541596 3.956515460 2.651689139 8.987489376 4.201982149 2.357945346
-2.350330865 19.587690912 33.497590098 -0.279230731 -0.944365986 0.060665200 0.162858271 -1.087366147 -0.019263131 6.238730332 -2.132831370 9.476349774 0.827121474 3.670898356 5.858238383 -4.170403956 3.322805769 3.811585895 6.458654199 3.456072381 3.457261231 2.922146129 1.538831288 6.509435334 4.238426463 2.205709164 -1.359795362
-9.090647693 19.635053295 24.018181317 -0.711902858 -0.476316702 -0.432386568 0.281706542 0.328407892 3.326964386 1.762656853 7.149880502 -0.930807870 1.155793024 7.458065271 8.384883563 6.454856840 3.192686768 4.319571841 7.933269908 4.396356205 6.972258489 3.128871300 3.645091897 -2.976275451 6.465014214 5.565342772 3.625893480
-3.876766979 20.791124895 35.545520730 0.242717439 0.643425185 -0.568863348 0.451095077 5.719303417 7.725839284 4.536688199 1.111691834 4.743335236 1.846596083 6.543658890 -3.418268352 5.443526690 6.249478955 1.672047660 2.312659286 7.266415115 5.325861970 5.546414302 0.208754764 6.730263613 9.725722554 3.101505323 3.703067455
-4.590229806 16.908970520 36.317953425 0.334651518 -0.889778184 -0.161734689 0.264849079 1.317668240 3.348388882 2.787415280 8.044811476 2.922029747 4.405824016 1.792964559 4.359153037 4.700391760 1.827687990 2.344599168 9.322789149 1.618398780 8.332358294 4.381467456 7.396173887 5.990709560 7.896285259 4.891623417 0.166262178
-4.232525018 18.565682459 20.672182525 -0.334157073 -0.064198251 -0.903636041 0.260114475 5.578177499 5.110915326 1.051168287 6.008397619 9.567406372 4.119159997 -0.301888055 0.378004614 -0.600356370 4.160587529 -0.068214983 3.800564404 4.057959459 0.965566597 5.481705657 3.740950574 3.273273338 6.716564302 4.393882966 3.043953853
-5.808050579 25.524134293 25.793897677 -0.550407073 0.101491676 0.812391125 0.163621986 2.884079933 2.785321581 5.128217708 11.769045726 5.506257745 3.075129627 -2.927848215 6.195946128 -3.079142664 4.958953391 4.725272528 2.080081968 3.259952590 6.063119009 6.635160167 -1.216975553 2.205128877 4.241058523 5.648364354 4.732081129
-2.110575592 25.852919516 34.223182743 0.027149969 -0.184551647 -0.885609108 0.425323495 8.100539421 7.346714824 2.782887062 4.136090264 1.469956362 4.995177178 0.543514475 3.560560646 3.553366560 11.732859893 1.823342843 -1.394271708 -1.890897917 11.259857530 7.122528305 5.452818362 5.302873255 7.548966019 5.953874906 7.970033880
-1.740176694 20.297899703 21.387889782 -0.585725995 -0.779394675 0.051751880 0.216311679 -4.379361072 6.887877070 3.947519630 0.765255258 7.133661593 5.039466252 5.399744671 10.459454986 3.285479671 3.166200315 2.601004422 -0.210601699 6.810519553 7.375074812 2.661732899 7.728301909 2.515202508 4.623965089 2.414516868 10.853676870
-5.336619387 29.037306638 28.269526736 0.353537659 0.015542513 -0.008078698 0.935256269 1.324751373 5.405078891 -1.154525398 0.848159483 7.451516601 5.369722638 6.283175975 4.278385116 3.196632497 1.337922593 7.007235519 0.966248726 9.839139040 6.715038454 7.194268733 0.984381177 -0.615430973 6.601687525 5.313466598 -3.760077147
-6.098658171 23.288644128 32.655911399 -0.519074742 -0.381307776 -0.592081708 -0.484360447 5.894730096 1.206655000 10.273271611 -1.092182532 2.327079822 8.188744445 6.727376664 8.385494624 6.575249920 4.306429559 3.995236128 -4.179582788 2.173280058 9.521907251 9.873832500 3.190416846 5.183655160 -2.749828240 4.006031205 6.401790716
-5.640672745 27.757821713 30.252883400 -0.451459456 0.481830830 0.062939110 0.748372955 5.969137293 -0.150983881 5.017658437 3.831122720 1.902008594 3.197021704 9.925016254 2.890130126 -0.285073909 3.721239551 4.466736368 -0.525310292 6.385592522 6.272654860 8.109966621 1.829713358 2.107645141 -0.053494289 6.172567440 6.435595339
-8.232212360 14.132800485 31.463402099 -0.617723605 0.312843428 -0.711201437 -0.121404504 5.188358660 4.255063687 3.798885004 2.021745487 1.491332173 1.219522210 6.537849008 0.812018587 7.128493475 2.361784739 4.717940172 4.698101689 5.311303089 7.444501607 7.083794226 1.529062365 8.875519906 3.989786828 3.079670227 7.537087973
-7.888005926 25.399814942 30.798862448 -0.125935281 -0.134519777 0.978711979 0.090374754 5.914458945 -0.159418827 1.588370475 1.349897530 0.939322934 3.284547963 2.104668277 0.215472003 3.893133590 5.594377386 3.535697834 9.733825909 7.911954869 3.464796805 6.698477874 6.632481922 3.925791031 3.901257536 7.390212602 2.101356198
1.489622664 22.948797307 23.658307603 0.023558265 0.668250188 -0.692060724 0.271916621 0.072436799 3.732902357 4.676092014 -0.077225675 1.584425486 1.593224890 2.676972247 5.621114228 4.900395684 2.482425314 6.884581214 3.464436739 0.772264160 1.521088900 9.737913447 6.645990314 6.084682185 4.344063101 5.851631160 3.007284187
-0.965327951 18.650754923 23.878127213 -0.513730674 0.547042048 0.644996683 0.144239634 4.016520445 0.096366557 5.238773340 5.463384080 2.586312186 8.488892558 2.567602860 -1.513565170 9.084414115 3.597079938 -2.286159016 -0.140575718 7.333909249 3.885866037 3.325866765 -4.682526946 1.131914272 5.966071105 6.471641435 0.491396696
-13.395041065 19.364109971 24.553136469 -0.861483228 -0.141029254 -0.169506876 0.457410993 6.273089523 5.091328357 5.388947411 4.158809740 2.825908426 5.764416774 3.564391704 5.491706449 -1.047890302 -0.277926172 6.123484904 5.889341147 7.635460713 10.237560838 7.114173266 3.037408051 4.483670070 8.460964453 7.558310326 7.882237833
1.805385978 26.362305308 29.039261752 0.592943382 -0.240862255 -0.727325097 -0.247793710 2.273951973 1.572411207 4.736042553 -0.795517915 3.311248611 2.801105902 8.561679449 0.885189528 5.798355184 10.381872307 0.281476966 0.352862211 6.541914193 2.118469462 1.113087821 7.493165505 4.715501107 4.539256751 5.029066737 4.786614670
-0.198813842 20.287275850 30.907162938 0.592966448 -0.156964574 0.359240069 -0.703348766 9.869271894 8.291468632 2.976565994 0.419495416 6.985689733 8.082191057 5.153631308 1.377890589 7.164289970 6.075902216 6.876505195 2.461295990 4.092398214 3.183256857 6.441428795 -3.193184990 1.638317807 3.359237947 2.357353135 6.928236239
-0.560393996 21.632314670 29.580785429 -0.361078151 0.904092858 0.224208408 -0.044376376 -0.393308037 8.343125634 2.471700712 4.884605155 1.288198583 2.746236001 3.406058983 1.792972084 8.677898353 4.117333432 5.911978898 -4.394443291 3.887608481 4.193145512 6.049640516 1.752708725 5.383291657 7.309200093 1.443294341 5.906627413
-11.121180252 25.536790814 33.482743409 -0.454466856 -0.245999333 -0.813262076 -0.267486448 0.466565341 2.969526515 3.108688546 2.064674319 -0.474318948 3.551450322 10.172503305 3.525126208 2.032843370 4.828169868 1.199867542 0.575820707 7.767297094 6.319660880 3.878616919 4.099561507 6.515949731 5.605751140 8.140494982 1.958438656
-11.190829922 25.021708881 23.545835511 -0.093677992 -0.634391177 -0.765728165 -0.049321857 8.694011873 5.496885118 9.783901133 5.995165223 7.446565202 9.521176052 3.384862279 2.668136274 -1.451152302 8.638923999 6.161418560 7.825378932 0.632799780 4.424462440 5.581478052 3.488298555 3.894357282 0.366626301 6.168381312 0.926308783
-6.799880564 20.838332960 23.808667402 -0.694925572 0.718619388 0.003408555 0.025553982 4.464564344 7.978100827 6.652260171 6.109419801 7.132086336 4.534580957 2.376291043 6.451205221 5.074657675 9.472006168 1.956812435 4.670671746 2.110812991 6.868315746 -0.513654837 2.414612176 0.105808493 7.852605324 2.182857751 0.391169433
-6.976095591 29.920394986 31.404601485 -0.441855422 -0.079534333 -0.431888740 -0.782246887 7.545700652 6.043984435 8.858965394 0.394263114 4.815594138 2.759529572 0.445138755 3.912708253 5.991369395 2.626792727 -0.789456506 6.932913705 3.961052962 4.995347151 4.084066283 3.217416550 4.624481244 1.810598278 2.447361537 6.400332725
-1.085167318 29.536914417 28.225771197 -0.594053681 0.229199629 0.699578586 -0.324280058 4.732532374 3.143463817 2.848240255 -0.893554763 6.418074779 1.720144410 8.933431405 2.212602149 4.674169059 4.822136737 3.657949372 2.759887619 5.463991667 5.908613144 12.142137129 8.090611902 5.230514579 3.564730890 2.599076500 5.443784428
-8.513527431 17.065927347 31.016656051 0.362963851 -0.684215609 0.097053667 -0.625049462 7.204726466 1.607761529 1.330630405 0.878253405 0.730539610 5.090566230 -3.637990105 2.213903991 6.958683848 5.858038600 0.988197872 2.543796139 2.316293018 2.357763102 2.895425459 5.914832616 5.227068836 6.612943021 5.866370546 5.745541491
-4.369813809 21.028234770 34.591194021 0.861756051 0.210618492 -0.244634891 -0.391369556 2.970543392 2.132695646 0.422870268 11.404895836 2.259712538 0.753428077 6.701254770 0.636921410 5.826629865 7.690462457 2.139627505 5.563942517 4.181752132 8.817347271 4.593973332 1.049631825 7.963102511 2.875989380 4.823464091 2.969969329
-5.610211949 12.342565839 24.361780131 -0.419016825 -0.504493222 -0.001580022 -0.754923170 1.427261698 13.260288323 5.134566774 11.375125208 3.871740845 4.674748695 -1.883376577 3.708234213 6.906973871 1.550151713 3.840102215 7.856879436 0.586024020 0.229330404 5.714044996 -2.508083191 4.443207665 3.523760645 6.334061798 1.857758395
-5.351978571 14.499451437 23.319442595 0.369678194 0.870745838 -0.265438936 0.186230745 4.590318392 6.491872178 2.726289674 -1.016846841 8.830498136 8.487146240 1.931088029 -0.194815420 6.854894936 6.386182608 6.629618439 3.674345715 6.431358191 3.542742847 5.728593110 2.041495042 -1.244666028 5.756309669 4.981092938 4.991582533
-0.873401859 20.764169148 29.740204600 -0.676110293 0.374564754 -0.524098952 0.357626068 3.457512653 4.531306904 0.649265298 3.167399939 3.137426329 3.320328468 7.562578900 5.002195789 6.001512043 6.219177809 4.788476097 6.238606076 6.110980673 -1.427741527 2.097014017 4.785156764 5.180770658 4.827287411 9.392678004 2.484245627
-3.161458278 20.856925212 26.184994943 0.677803364 0.026347570 -0.726863132 0.107509964 0.000065951 1.956595833 3.136879177 0.058642797 5.813013828 8.777836847 4.746291824 7.016412249 5.095027793 5.866115923 7.654601266 4.392420163 2.468751944 2.865108918 2.277588061 -0.093779081 8.150391883 6.079995504 8.097977806 6.575669981
-12.962506476 16.931216489 25.615981817 0.593810115 -0.367480712 -0.367858661 0.614025634 5.514371598 4.964759046 8.205107109 3.266509151 8.941815286 1.561521104 -2.227089249 8.397741620 2.578107838 6.911610649 0.904906111 3.289801092 2.233807306 1.708038888 7.367873159 6.550638879 5.940820060 5.608034041 4.880991540 12.353786175
-9.484848547 24.672359670 29.036650362 0.540358118 -0.832390849 0.096749104 -0.076014406 3.891091678 6.051168271 -1.579321929 1.330370432 5.980251300 2.927866115 0.178932514 4.648016374 2.545295176 7.481695515 4.638554401 3.926017593 1.111524714 6.387771938 0.876943616 2.277815097 3.112847407 3.581458965 5.632713057 1.225072815
-9.993754919 23.375004402 31.438268899 -0.678925786 -0.076413922 0.643600201 -0.344962999 0.611473098 0.250108763 1.260335896 -4.154074053 3.317640210 10.093420901 4.116686484 2.376998990 1.024455659 7.993808191 2.558693147 7.033781833 1.086203632 7.011733437 7.364546949 5.848877865 5.608585116 5.411833606 3.953589235 7.393290610
-9.332476697 22.527214302 35.982591034 0.152151936 0.982164501 -0.083306987 -0.072543972 9.916869356 9.601143346 7.655895674 2.548309816 3.253535832 5.271444741 11.282641392 4.247708455 2.900421003 -0.110933285 5.400004949 3.033663758 2.228292382 6.255843908 7.331777630 5.122188800 4.859406505 3.645197745 2.956502130 -3.495606166
3.407071733 23.139609498 31.575288797 0.690000585 0.407467443 0.574025052 0.168418273 3.033565554 -0.990151967 9.100617643 6.385630382 5.539429399 8.390044686 1.936050160 4.264397261 3.158705448 8.258402506 -0.839883137 10.656622633 3.205543494 3.840696514 3.802931251 8.837018921 2.704553287 4.371046286 5.028925605 3.804464787
-1.711372858 23.401087623 19.778012068 -0.833510996 0.476458611 -0.139173188 0.242646728 -2.815983868 3.800875677 3.199809911 5.654675115 6.505717015 8.919672841 3.293550678 8.472132229 5.783292346 7.263797936 0.297944898 2.767667212 -0.180257673 0.411114343 2.502216788 5.661638957 0.900649418 -0.585050588 8.520442166 4.764053852
-1.741945297 18.054608802 28.238336067 -0.059838508 0.133781198 0.856529713 -0.494852296 7.794912948 -0.549066156 8.332457765 4.589458316 2.281982008 3.932104928 2.253675176 3.905718723 3.868302749 5.563557391 4.471445960 7.116083240 5.667636798 4.284610559 5.567652419 7.516551831 5.308236971 2.738796631 8.983159564 1.003004118
-5.115342419 12.265303362 32.562614707 -0.423057601 -0.263106887 -0.856404614 -0.135529217 0.152726409 6.014271027 7.259528478 7.176647422 6.527698956 2.065194622 3.619862221 3.467492484 4.169273058 3.312291753 6.715621074 7.452880859 5.156176789 6.221568808 3.667114028 6.994025409 5.825802045 7.481014136 1.706741105 9.717845338
-5.876322302 28.018696071 30.715613897 -0.043618958 0.755800658 -0.601620808 -0.254784528 6.997044959 -1.063525209 2.772909115 3.868959689 4.461055849 3.766240141 11.794644454 5.171728652 2.809140748 2.130715568 9.995326676 6.654345126 1.191171931 9.045600869 7.530355225 3.168686745 -1.041276192 4.096206277 2.047027930 -1.618664588
-9.154405043 18.336928530 25.286134169 -0.021216483 0.853187307 0.000761262 -0.521172429 6.322406178 8.202962682 1.658426622 6.015833881 3.618423597 0.576386988 12.443444721 5.779733216 -1.113709075 5.293325057 1.318855813 4.028316355 6.087574979 -0.409708577 6.355267653 5.629565311 4.362422840 5.938958474 3.180817887 6.050806521
2.786335650 23.065017341 31.390188633 0.789434440 0.240452473 0.157729140 0.542307469 2.359800535 5.157742918 2.153940360 4.518842613 6.849017864 1.558987185 6.203410163 3.192288747 0.609679445 7.864492439 2.353102214 9.200407977 0.925099057 7.407556085 7.656486904 4.027549813 4.362828834 8.158478073 6.250014199 2.455264943
-7.514266589 26.822785222 35.476139926 -0.332850106 -0.107680107 0.928968143 -0.120971031 -1.653298371 4.792070564 7.069597707 4.771783512 3.911670612 7.248997109 7.082313150 7.086524160 1.781132818 4.152144565 6.741396826 3.842271406 7.478350334 11.005385974 -0.322155191 3.237582522 8.894358827 6.415994537 3.879034568 5.093554778
-11.852108807 19.890534097 23.257741851 0.661470710 -0.336296783 0.630637412 -0.227282704 8.837101101 8.151334547 8.189143903 7.754020891 7.686303712 3.565782639 3.536180673 6.640032499 4.900101288 -3.481558860 3.163337487 3.145522131 10.201013025 4.062338732 7.579805306 1.231120404 3.624190119 0.739805668 -0.890848506 4.481036032
-2.219023071 18.719922665 33.973052913 -0.671218343 0.498520756 0.499506017 0.226796672 1.641050026 -2.168253339 6.110460299 5.808082467 2.308802790 6.341752668 1.531115210 3.480322733 1.654208481 1.112172733 6.079511635 1.476203884 6.402265376 6.349987435 7.802935563 2.233560621 -2.714539455 1.420050748 4.507118582 3.550045971
-10.411701273 24.795459102 24.320215435 -0.014503258 0.075390119 0.370061428 -0.925829642 4.492108027 -0.306992364 4.659860391 4.941884356 1.437662440 6.259956686 5.040787530 -1.555762974 -2.751443969 6.213302336 5.426728945 5.768583013 1.495265458 6.960062494 7.235463678 2.475030678 2.577354188 4.047632283 4.282220943 -1.597828253
-4.816325604 16.871435579 36.447674358 0.020998549 0.225067626 0.942511724 0.246120446 6.685784896 4.019159494 6.605938251 -0.329442983 1.157364459 9.292185156 8.955013584 0.942819995 7.052494748 3.849582708 3.145679302 4.805655487 2.501667832 5.440308551 3.193988194 5.534674932 2.752632300 4.071849720 7.451978070 7.572674121
0.794566669 19.731952130 29.961968665 -0.671307901 -0.322782932 -0.642476085 0.179948220 4.764606991 3.731143975 -1.482789384 2.524719240 3.166015137 5.525854173 8.642086110 8.785833491 3.117772639 3.678361520 1.076803606 1.186242444 1.731360808 1.190607645 2.092249975 0.563122923 4.874440791 0.891081874 1.934686518 1.722239935
-7.439868258 21.390371159 35.925997049 -0.380034169 -0.111272075 -0.610406803 -0.686000066 4.962064236 3.549934315 6.042221474 5.359128343 4.606300903 2.664909798 5.350033682 8.841092906 5.821743281 4.482920812 1.218652035 7.224591047 6.396862087 4.535511013 1.535404699 2.176604361 4.289956691 4.893862856 2.209020018 3.992368263
-12.286908044 16.909914297 28.584772494 -0.811219533 0.368320473 0.225322022 0.394325862 3.154236271 1.648854044 5.081946258 1.166826672 5.529476308 0.182443440 1.826657673 5.750486151 1.384349535 8.002358542 2.075296120 -1.788722086 0.940370725 6.245135120 -2.408502238 -0.202920753 2.620464450 2.348250796 3.025701625 6.014463123
-3.476968735 27.534095850 29.859971305 0.235301205 0.027977319 0.969098772 0.068543288 5.546048624 3.370034258 5.033653891 3.828747648 2.508185561 1.167746866 2.365002453 2.958371649 1.384001990 5.780695811 1.600162461 6.519000552 0.905094640 5.009127125 6.493746183 5.756968007 5.463061592 7.464048400 3.886674654 4.800962761
-12.250909680 23.675817451 25.083284570 0.729728722 0.095978552 0.511616654 0.443319871 8.087638462 9.150974421 7.408539346 9.979259427 10.220057000 8.484847485 5.171126502 2.370847817 1.904043483 3.623491305 4.863688027 6.097865871 9.030448081 2.172984709 4.945125310 4.845163663 7.426586861 1.335506128 5.377034272 10.141529332
-2.368112454 16.342653702 24.079668098 0.195907463 -0.872411575 0.269335841 0.357738053 6.511225168 0.654859093 2.613805477 3.995423630 6.232522765 2.422852564 9.092879811 7.005179580 8.315278794 3.317232077 -1.348398900 6.713503103 1.990011081 2.204336131 1.331280590 4.882132418 7.661453496 2.400440384 1.979327356 7.101586388
-14.389635371 19.315651144 30.622954947 0.612400810 -0.715520042 -0.029298050 0.334870038 3.535040412 -2.172116537 9.565036593 7.809068429 1.615972361 7.396618456 -1.554903314 3.754124175 5.164095697 0.185831727 6.965048452 2.894154269 -0.014172681 1.554063798 6.003262602 4.167286744 4.886414033 2.461835314 4.253680142 2.754091548
-2.590872450 22.804035779 28.436684074 -0.516417185 -0.578528775 0.625603109 0.085079356 5.463241878 3.510813756 2.021825927 4.106925521 6.316193839 1.943298543 2.723938150 10.124715013 0.515142811 7.603268898 5.479063313 6.348766924 10.561556531 3.807230214 6.897126732 2.724044390 -0.243278981 9.986190862 2.266184461 5.374259086
-5.655417742 23.438998928 29.354012245 0.242443537 0.744322269 0.550014321 0.291015011 5.078653782 0.462846345 7.549068680 4.100354337 2.586995646 2.088377750 4.260206716 0.848128218 5.501836924 1.645239309 1.531350684 9.121028724 5.803378233 2.536360662 4.077158227 0.888410964 -0.764103879 5.279388889 4.360487884 -2.301997719
-6.564914677 18.508680567 22.008871187 -0.155515611 -0.547268078 0.721463647 -0.394718573 1.966604571 4.283499345 1.029749368 6.259645580 5.714593152 4.429420553 5.353447352 -1.755198480 2.103447163 1.389543620 2.578305619 2.805157384 4.533211061 4.469235936 8.002852535 8.454012101 4.758922700 3.678401490 5.727796870 9.202687065
-2.718473749 22.790926360 20.945027027 0.460067198 -0.463928331 0.451356612 -0.607771244 -4.093023064 1.667148136 3.356513090 9.209414105 2.766524690 1.337986506 0.858099946 4.064713001 4.049672499 1.760405456 6.861254911 8.468267728 5.106341635 3.670416815 8.200868109 3.657656161 3.566646595 6.414443581 0.172655584 4.207900630
1.439563363 17.122751523 28.247027576 -0.488060232 0.385564611 0.719120771 -0.309842633 -1.660493765 -3.881243347 5.312165406 0.264908015 2.874123717 2.190818248 2.101352141 4.201429309 11.109658125 4.867776796 -5.146090216 -1.943579039 6.922790163 6.206569541 3.640926457 1.801862240 7.425581647 5.278134772 4.959803832 1.206504758
-7.472849072 24.113066366 29.465990866 -0.367645070 0.531742502 -0.053420885 0.761073730 5.139505515 5.967561019 5.375871273 3.636891346 5.013289792 3.519913803 0.307503792 4.208618119 6.783764571 6.732719038 4.008745693 9.169453206 4.184972125 -2.186729704 6.395472327 1.936785122 3.701528022 -0.502723770 -2.520099322 3.860072160
0.407874176 15.840668794 29.324075680 0.380502307 0.684955557 0.577513429 -0.229198865 6.850991502 3.259035023 3.556146877 4.889314595 -0.328877497 3.058719608 2.952809754 -2.278803303 5.656545548 4.601962517 3.658019754 7.019692239 6.743223262 2.887311962 -4.400201413 2.981073704 0.961278866 2.060821818 -1.203573104 3.404336952
-5.689825629 15.835600042 24.211829509 0.285713607 -0.334413261 -0.785013266 -0.436222052 -1.232057197 7.382479402 5.933549149 2.005044243 2.023066968 4.300141960 3.288092739 5.462683051 2.505083714 7.099597750 -0.350170867 4.253822242 6.998727941 0.723219147 1.491625233 5.021909363 3.966442264 1.719990054 5.648295758 6.804547019
-10.270632535 16.114310903 22.644785181 0.919493451 -0.087729057 -0.032621722 0.381799986 5.647944252 8.287426489 2.723592291 6.513265859 4.832549099 3.403764791 2.676558566 8.614215126 4.140584529 1.576617831 4.510753251 4.485757369 7.236560416 4.897447750 4.020495649 3.066754449 5.966739521 4.907611404 4.264597712 6.798901446
-0.120350711 23.961638316 27.978820650 0.001779959 -0.321552617 0.231850610 0.918066469 6.947530198 4.137442161 4.024857069 5.127861940 5.727306042 4.316727313 9.211970370 1.280607478 5.247092264 -4.706545655 8.351355879 5.186904790 2.533422874 6.358391357 1.270905036 5.657196145 -2.250955880 1.340163382 -1.489084009 0.430217475
-7.169811398 21.420980343 36.282200760 -0.086322545 -0.192586321 -0.124633374 0.969497524 3.426144593 2.431241420 1.957338735 2.002445188 1.809705299 6.506149794 3.002327093 7.923945267 2.341346041 5.576883858 5.148750141 2.496280149 6.310601648 1.927285686 0.513594621 6.797138833 3.618525782 -1.991205860 3.569471688 6.272886106
-6.086210386 14.319238382 26.270276839 0.893936316 0.013651370 -0.210575984 -0.395410240 6.291622407 6.474209844 2.976104687 -0.827381519 8.288680172 6.684027964 4.785066486 0.441287294 1.518629780 3.687326678 9.409630009 4.799436656 0.132693493 -2.007906882 3.923740618 3.726495013 3.120791946 5.620554535 2.245022256 4.860668008
-6.526824183 27.937448664 22.566873632 0.684060747 0.286049189 -0.383080673 -0.550895592 7.092891109 1.412559566 -2.701470378 2.070291182 3.229500580 7.661878663 8.676441966 2.604974713 3.676606447 2.600540068 3.779593572 7.475943228 6.688313980 0.339126114 1.203785448 11.509545487 4.419079966 5.457534615 6.988352059 0.875481181
-7.034490239 20.777366302 24.511923839 -0.405950909 0.847658959 -0.340129982 0.031460192 7.096227806 8.832609286 5.842131761 3.754036024 5.400857525 6.290243048 1.017657699 4.763864306 7.507955042 2.858039383 5.422531558 6.201822729 4.755844011 2.101873542 8.351423571 5.742177700 5.426661728 5.990094081 5.291644009 -1.481909261
-12.199066900 24.031747918 25.286957445 -0.169005412 -0.832701087 -0.280721572 0.446364727 5.103121599 8.131084982 -0.883619484 5.910109547 -5.693964931 5.099455428 7.584058928 3.309489687 -0.719690235 6.753592209 6.988527652 4.703033695 2.284826318 2.659715489 0.884728111 5.634242990 5.144256867 3.110726349 7.028345183 8.793688516
-1.745586400 14.338331709 34.935369740 0.745968587 -0.408892114 -0.483925829 0.205314148 -0.060761091 9.945844591 5.275378028 5.448558831 -0.091880226 3.701058443 1.173863364 4.279305714 0.598143884 3.144146140 0.280988759 5.444191049 2.909158259 7.150920039 1.399514261 -0.711084014 6.876943268 5.438705702 3.145862830 7.093486001
-13.306751489 23.380564614 31.301411052 -0.418557386 -0.214920971 -0.281090740 0.836424944 7.798460654 7.605427668 6.396565292 1.447749731 7.389620909 3.131766598 2.885271520 -0.544644280 5.568076220 2.505427605 5.741260699 4.017090034 4.526114900 2.260820331 6.459784416 2.779585144 5.791061787 -0.302308297 2.886365278 -1.177572850
-4.777711768 22.674835418 28.873589608 0.443938054 0.637748694 -0.093445656 0.622465676 7.144997009 5.890241099 1.485668986 1.808461848 2.069195269 -0.154364999 6.132884327 2.539857650 -3.304372685 11.458835644 8.089118675 6.845134259 6.996848872 7.639495275 1.769331317 4.787377678 0.819421776 2.367036399 5.963420168 5.634667424
-4.326531842 23.012511277 37.978326744 -0.094231542 0.081340992 -0.239831533 -0.962800548 8.232751065 4.216772332 2.305483849 5.066573549 5.836373040 1.376831254 7.931195746 -0.307495698 7.988568810 5.720413968 3.915410328 3.367103516 0.651015138 -0.809859521 4.186946172 5.096335041 4.046005346 -0.190707408 0.173673146 3.101013448
1.115358661 18.139669329 27.404333496 0.564633140 0.541183995 0.512142939 0.354991424 5.748476465 3.819538682 -2.647789839 8.080656546 5.850026588 2.938996288 -1.049467728 4.975410917 2.751726041 -0.060745079 1.328054587 6.854296635 6.354903702 3.954055294 9.131731362 3.162444247 -1.125389200 5.641482328 4.588487618 6.888660985
-6.340913706 18.474820409 37.405040406 0.467443040 0.189153838 0.446986113 -0.738864835 5.105456873 1.724681151 5.950447390 3.591024924 4.544914292 5.742636407 7.569755594 0.702864662 5.528519675 3.633977400 3.354484077 0.854525189 6.082581255 1.739381354 11.028696732 5.100006040 7.645251092 -0.427171148 1.259203081 7.361585247
-12.006717760 18.358825849 33.711620498 0.672013451 -0.496167813 0.412092086 -0.363861973 -1.518602073 6.080728448 2.031067726 4.235952408 -0.469692755 2.847581121 7.918352358 1.488853359 2.046859053 1.655616378 3.338966364 -0.383231309 -0.776816526 2.580189111 7.651706966 7.693400966 5.793791256 5.189307360 4.273980896 5.912449513
-11.472144645 22.652888992 34.066611844 0.859711121 -0.280239831 -0.014191990 0.426803249 -1.147301122 10.643359294 3.836229916 0.779071183 4.310159771 2.676573132 1.981828243 3.138526921 -3.257452226 7.880032422 4.884216271 5.913687552 10.357286146 3.221683206 2.418196681 2.064351708 5.133375394 5.816042498 5.724444652 4.184756372
2.857682509 20.975738242 29.189435903 -0.333921527 -0.247100708 -0.862305466 0.289597889 8.424611071 3.962961272 8.836407201 1.825045017 4.122999675 0.884182099 -0.413543391 4.046674672 1.548306580 2.787253411 5.682142506 5.336241863 0.051138317 3.916997437 5.760980599 7.447495998 4.689676927 6.034013885 2.273501205 6.274324413
-5.940579693 17.533486161 24.550646332 -0.159978645 0.039674782 -0.986232927 -0.013317610 -0.090200845 6.844007452 3.522988556 7.638179212 12.371177120 -1.977598091 3.521250047 3.029540095 3.024643212 6.301241063 10.852390752 1.522423659 5.599445734 9.254484346 0.881800264 3.720073269 2.108640945 3.007693458 6.210569786 10.519776040
-10.545358773 25.057200204 23.064618275 0.366979756 -0.118387354 0.560807655 0.732669822 2.483359412 0.652142055 3.652513942 -0.832592101 -0.322942191 6.532976184 0.491170865 4.565178721 3.704294485 2.869378047 6.128229554 -0.158058994 6.709981782 -0.840851474 -2.545580116 7.007090752 1.621572488 3.184053524 8.434179272 2.572339918
2.735205262 24.897205641 30.043863972 0.451499258 0.066975205 -0.783557970 -0.421544362 1.301592814 5.866871467 2.286147099 4.533380997 8.169503118 5.820126816 2.332889892 5.450404533 9.315610365 3.397656476 9.472023127 4.384458817 4.991150653 2.012100392 4.429924163 9.111728506 3.751764703 3.672557566 2.136387927 8.687272352
-9.203994027 22.655611053 29.675574852 -0.083465933 0.645368631 0.680280772 -0.337269685 -0.213861185 10.497726595 8.393824982 4.453166004 2.230163854 3.465234610 5.775902370 5.783047619 4.906343716 3.145391398 2.499141260 7.191327400 -0.715619190 5.736625306 2.549791514 10.449449698 4.159427806 6.019755696 4.269865758 5.398139169
-9.436392583 16.618328369 21.898271553 0.152169604 -0.461123824 -0.595008905 0.640447995 4.495565258 2.026256186 1.411701141 4.754865481 4.609887297 2.699962524 8.745765676 3.407672326 7.665408982 9.664068122 -0.667396904 0.664160585 4.388194350 1.482025151 6.176184757 3.433804406 11.743628200 5.141093672 5.818750834 2.787825475
-13.685939569 20.459613794 29.714507337 0.984244213 0.053418606 -0.168310466 0.009020491 4.864412762 5.316698296 8.329169525 8.680925705 2.662210628 0.529198805 -1.076441421 3.154283534 9.863328147 3.912667923 9.976385596 8.023670851 -0.068817792 6.678088216 4.153404258 9.722396726 5.553767885 1.717621709 3.216019659 8.737099341
-4.933398471 29.200440180 29.539417048 -0.062709592 0.921817181 -0.305792259 0.229807933 1.470198956 1.819016253 6.967905113 3.476954301 4.162913394 4.544476585 5.496784616 5.271191895 8.620307076 8.783775386 4.842762724 8.902699871 9.824821223 6.818775603 0.771255367 3.533862753 4.930353826 -0.369681075 9.460219872 1.089755924
-2.825835372 23.379409370 23.945017498 -0.544190369 0.781453112 0.231830522 0.198601323 3.620779007 -0.420910765 4.451476169 5.472244998 2.484692825 5.179764346 0.958232975 2.115421812 8.672998473 6.073284919 3.543918570 4.548545630 4.031209854 9.823328248 5.115687735 3.438068711 2.332728350 3.578046681 3.040576925 5.770175366
-3.214355728 18.589751105 32.866229225 0.537124128 -0.695665197 0.461351637 0.121252921 9.213303987 3.665311625 4.100947840 3.978402503 -0.599253793 6.774199851 5.574938828 6.982232597 4.852405941 -0.342184028 9.134568051 3.748534704 4.549176845 2.756471103 5.625970880 1.878432613 7.793627738 4.532910113 4.853952782 6.509675174
-4.881066646 18.653545179 20.265098370 0.238307201 -0.842246643 -0.237435036 -0.421253930 5.860830818 5.072908414 2.782108406 5.884522405 2.233070727 2.762335542 5.355917908 5.339691762 7.360154212 6.404535356 4.569618845 8.040786731 4.300413981 5.695602342 0.739135013 0.534121480 3.942201320 2.437060178 0.324985344 4.317843557
