-12.787295345 17.509102732 34.282728958 0.901459695 0.289050350 -0.159149313 0.280163898 1.424578581 0.892925630 7.791909722 -1.633035966 4.627380870 1.882269605 4.711750956 6.558202537 5.086865893 8.340086346 -0.108666804 -0.460478471 9.222390886 2.442968058 0.019558293 2.467503239 -2.525690824 2.071134176 2.814274590 0.950264885
-9.757466906 22.225716001 34.271357909 0.724223181 0.318733599 -0.392973544 -0.468488495 2.999803276 2.323746392 5.351125727 1.310675316 3.652937059 6.400420564 6.419729394 2.180331444 8.703070998 2.187981828 0.488406717 6.023803720 3.975511565 1.587030373 1.353071037 4.366739790 4.223134064 6.129642208 0.695491724 3.055835248
0.682273250 17.321694034 26.571151080 0.439412334 -0.013422191 -0.855016356 -0.275106663 1.066901417 3.507537682 5.546310762 -3.138127984 6.151624657 2.832866623 7.382213753 4.999819342 11.194812709 1.382631702 5.289041005 9.723333662 3.547633674 5.080223762 7.181721315 1.585664546 2.851092564 5.518755923 4.903200354 7.403436504
-4.711459246 12.964978519 25.596241151 0.336052590 0.256349378 0.837127363 -0.347233972 -1.246937665 3.204808526 7.194160932 4.038424598 4.399792540 2.716328901 1.833956700 0.818274035 0.872851204 7.220137463 6.311140166 7.396498434 3.581272465 -1.788841563 6.282802634 5.022528224 4.590059122 5.491033658 6.928219200 0.584202283
-10.922626972 15.963693804 38.367547639 -0.607179457 -0.001388425 0.762644748 -0.222944315 0.100979183 4.158007649 -1.378949175 5.764081549 1.522039156 -2.344285159 8.058179945 3.574330643 3.650723314 -1.793276981 5.684817542 8.056674650 9.216004140 -0.270077030 2.036970859 2.275993442 5.589909120 7.634761672 -1.681768172 8.448885773
-3.651431626 12.183735846 36.483904052 0.527022437 -0.502675696 -0.576638440 0.370206166 10.318633529 -0.924166651 3.439896261 7.425711286 1.910478707 1.762848853 10.041029863 7.614384102 3.494059766 4.589161374 5.085182122 5.375582728 3.236775915 1.621601217 1.541946144 -0.279500680 6.815614034 8.138329233 3.436795187 1.147734860
-2.269009755 16.113713805 25.288662295 0.448611554 -0.817423599 -0.299697020 0.201861409 5.124132673 2.613417376 0.880205726 8.382119749 5.114935165 5.079791539 1.880334298 3.483379725 10.825767866 4.873627010 4.528597812 6.709011709 4.212276744 0.006702571 8.739098215 4.667078457 1.989201200 2.915760937 3.675356664 0.389123967
-12.134566942 9.943008923 34.469866175 -0.611773144 -0.787181097 -0.065055916 0.042979855 2.177193643 11.299671159 5.229297221 5.361808086 -0.008670597 -0.620299877 -0.659812748 6.250229614 2.040567060 0.429385056 -1.314699068 -1.240475251 -3.284824285 3.336229288 4.139512027 -1.739638185 3.543378968 12.596026779 0.498758368 4.298929475
0.520957600 18.590297544 29.073167559 -0.253286654 -0.361490931 -0.897207204 0.013762640 4.587773218 3.869157552 5.646240587 0.023736770 -0.040173602 10.322948682 6.771644132 1.474180471 7.045329193 7.770777939 9.144579567 6.678792399 0.518073252 5.512256016 6.922771839 0.173152043 0.574642885 4.293785862 3.062829349 4.358401887
-1.584090004 7.322918508 29.301355639 0.379650128 0.306625664 0.101799517 -0.866881388 1.229217367 3.065302514 1.224023206 5.764857956 4.467843474 -2.056974479 0.614953411 1.970185715 0.478811483 5.138408338 4.827310159 6.218077189 2.684123565 4.314098655 11.399146713 1.189635210 6.027880936 2.746928355 -0.083445312 5.592760812
-7.595599085 12.683068197 30.593780836 -0.737809972 0.542614012 -0.176773829 -0.360496175 -2.562567750 0.739749868 5.059474983 0.411502231 5.097538063 2.642708243 -0.965963358 2.291942487 5.438294615 8.870867274 1.079299298 5.446349520 9.822779761 5.044209105 6.348898980 -1.281219536 7.957752001 4.825682091 7.908152224 4.089683981
-8.785267215 14.129842173 25.572810668 -0.243636051 0.689326559 0.278262865 -0.622928685 0.447306244 3.047757340 0.097436292 5.643432061 8.694944045 5.472107186 3.903167998 9.852443003 7.194451488 5.959954893 7.560618362 4.362616647 0.853736710 1.706539242 7.390092124 1.935640525 2.421447712 3.134791918 2.363454956 6.805456999
-11.676788803 21.695164652 31.654634010 0.592439640 -0.311440641 -0.436238681 -0.601428145 4.031601344 -0.211279038 11.899259884 2.769100218 8.432427270 3.725260068 -0.023549011 0.263558293 0.959363096 2.442041176 7.586218725 4.039872322 2.200570491 10.286882991 3.524735018 5.377993693 6.608647241 8.580490031 3.522592484 3.235479058
-12.267880112 21.407309418 30.398161955 -0.180545094 -0.938619498 0.148041022 0.253930624 7.862977811 8.440506376 0.231025007 3.883537067 1.168766004 3.243431434 -1.452888958 5.106169643 0.282980549 4.096210486 0.372114162 4.767066328 5.648699753 6.202504209 3.189027967 5.511510439 -0.048700817 2.394273681 5.990817291 2.376050959
-13.678036510 17.290161952 31.424111829 0.298168701 -0.791412900 0.294037987 0.445311924 2.056080146 3.105018375 0.376956459 3.450762970 -0.123761471 3.318713304 9.676121747 3.857116069 5.476434620 7.675109528 4.746379605 -2.124075610 8.313999455 3.218429658 6.852105414 3.986344601 0.595993899 5.355547557 4.106907761 5.074644334
-1.367231092 18.902711414 25.821150519 -0.013489523 0.888117098 -0.044678892 -0.457241567 8.628794335 4.011057313 1.117494892 5.381686995 5.228672049 7.170500659 -0.354472578 4.385086257 -0.764179466 6.029395450 8.036283524 8.482612919 -3.563737802 6.133022587 3.963947655 3.833300005 6.808285132 2.317360280 2.359095695 5.191373098
-8.897042956 11.846121305 36.638105918 -0.025909876 -0.612160045 0.344053591 0.711488499 4.986831254 2.595951445 8.350046261 0.246366339 1.351805769 3.009005468 2.904309419 6.280063919 1.191728008 3.819625180 0.613163882 6.068855680 3.741727448 2.745954669 5.641683000 -0.603495176 2.639967619 0.053834878 7.712291847 0.811036960
-4.946214930 16.098081733 26.145438613 0.700762682 0.287135273 -0.653035914 -0.005393873 5.519597394 4.085718762 5.150593184 1.377145981 7.162776689 7.686846904 1.321304021 3.613626025 4.298848974 -0.255587266 7.492037015 6.003293713 1.726697224 3.852423680 4.320812523 -0.318511410 1.075459428 6.659656003 3.079147699 6.604246598
-12.539552548 9.623542712 27.717954229 -0.555869376 -0.791938112 0.244958419 -0.061956728 2.374730795 4.811487904 3.361209654 5.779120634 6.409542952 7.078403383 3.069216064 7.866042563 3.160945143 4.680059953 8.353359663 4.888669675 6.418520549 5.840735034 5.864337654 9.101859680 -4.301181836 0.549842576 3.104666742 9.223049216
-5.626506553 20.461024992 26.976166233 -0.081688047 -0.520279208 0.143382499 0.837900989 1.047692562 5.658587882 3.747243190 7.781485418 1.597802299 1.174071067 -2.586783459 0.508636224 2.711346584 4.927674557 6.987954260 2.852542120 8.758348042 2.682938775 0.150509361 7.278603830 4.062335872 6.544504412 0.883498930 6.118989205
-1.354620254 14.525976290 28.033021164 0.385848725 -0.605563393 0.483901541 0.500252973 9.948350629 4.513302727 4.987406370 3.349569488 1.437661871 0.875648662 6.156044928 -0.157860125 8.428875650 2.533129996 1.356950519 7.748774021 4.323246161 3.069699117 7.428329163 2.390635908 2.772535694 4.216531349 6.579291316 3.331997337
-15.705615471 15.337326224 30.539108250 0.044291987 0.847137604 0.346127627 -0.400739023 2.390331316 5.074543634 -3.084506517 -4.379703490 9.296642609 5.717331784 2.918512520 2.385109419 3.899947707 6.741744718 7.593623447 7.722547068 9.340509358 3.428908036 3.555178701 2.612412321 4.193587467 7.683112094 5.879262420 6.578365943
-12.710049415 16.333656876 36.453461417 -0.339451975 0.898684578 0.085187769 0.264350959 3.046719284 2.628534038 5.104868510 2.956474817 3.850978787 1.560410435 7.353529969 4.773775000 4.648577089 3.709236762 0.809534780 0.369721850 6.351191712 4.185516360 7.745571638 8.376535129 7.815924472 8.622533556 0.133762204 2.482286845
-7.344727400 15.221849224 28.107341186 0.427261006 -0.007147814 -0.378319355 -0.821140309 2.111102898 4.094548681 1.299835893 0.973075068 7.380525428 3.212056172 1.991718482 4.670007745 3.433601463 8.254329252 7.174178087 5.351679245 1.036284324 11.038240084 3.317975943 6.626797934 7.914391209 1.522749605 2.896249408 6.497075436
-5.970314293 18.420299366 35.183569469 -0.920165917 0.342081283 0.021800387 0.189208416 1.121613034 2.481297883 3.604047562 -2.818135264 4.246648114 5.680661910 4.408595669 -1.878388476 9.536822581 -2.622197739 2.460486669 9.029471833 8.133920020 9.377840859 6.346795392 2.276565859 0.171691066 1.820371878 -0.499147980 4.406695269
-4.670546076 17.598548949 33.183710606 -0.202235231 -0.559108928 0.772928537 0.221539150 1.521244670 3.548341545 -1.527843043 0.037234705 8.354285182 8.106711511 3.489674088 -0.808945770 -0.049020594 5.730051608 5.498221856 5.125923920 -3.040623709 -3.554996161 -2.650462380 8.972897908 7.024098878 3.766221911 3.125519536 2.506544701
-1.887407534 10.063073223 22.903233527 -0.496994011 -0.798106309 0.340437438 0.011208173 5.784333028 2.248654404 2.798256274 2.972009658 2.752523887 5.216039225 0.729522914 1.422015392 -0.359180341 4.160412869 5.062756053 5.780672799 6.808937828 0.704725568 8.866109382 5.191257656 5.835614380 0.939055947 6.271728643 0.378745199
-6.349030504 18.429670286 22.740365135 -0.139894066 -0.785519720 0.387509744 -0.461762512 6.857001859 3.504390217 6.536475126 1.715115861 1.887881109 3.660238877 -0.244265840 7.608924519 -0.223704676 2.654869805 1.939092305 8.582554065 1.903998298 5.561245260 -1.988145514 -0.283918813 5.825965517 5.675006907 -0.315962347 0.141313784
-7.198489791 23.916039587 31.700502071 -0.073148799 -0.633049323 -0.646023126 0.420180829 3.823020062 4.001948539 6.073556445 7.211761206 1.648935665 0.109717838 5.856840346 -0.791557182 3.529366468 1.404028614 4.458225357 5.528873021 11.003083626 1.224419615 -2.597166397 7.497061569 8.163562306 9.577254511 5.331695988 2.879319235
-7.663319458 8.445239105 22.285851989 -0.113315705 -0.328281960 0.486251183 -0.801841813 4.138903931 4.670061348 2.567186356 4.574159384 4.414971117 0.644195599 -6.467698432 3.396511355 2.597653713 8.705062283 3.502264243 8.096023070 7.196327322 6.635222505 4.611423930 1.540114971 2.521088502 6.626044223 3.260828424 1.338577527
-5.005064689 13.828255516 34.779901431 0.514310005 0.083540003 0.613573328 0.593324580 -2.399180705 7.713636180 4.829782959 6.477736052 2.668452716 1.461892173 5.246166788 3.612889306 0.409664611 3.051937786 8.628786480 4.846040553 5.383888469 4.751476122 4.987200528 -0.305946718 3.791460009 6.161179164 4.218764869 2.551325519
-9.645073972 18.659239863 33.372537272 0.114931858 0.370590643 -0.238873689 0.890164369 4.825075088 5.926429701 5.300081918 0.941278717 7.013452753 0.821168392 6.031142312 4.100172922 2.155574429 4.646223987 5.306183248 2.449486172 1.964928284 0.452867660 6.327396665 6.128036329 5.345370511 0.529095635 6.914000377 4.634300100
-7.485986853 20.616170525 29.319815775 0.358466852 -0.857991282 0.087041160 0.357458126 1.529031304 5.515089532 3.129849327 5.930885550 -2.586496267 5.931795242 6.680641711 4.105009548 2.885543574 0.732207938 5.568068350 2.021446144 1.576668493 5.394702774 7.711501197 9.790094141 0.837184281 7.267289770 4.640804811 4.302667233
-13.293112411 13.965515695 21.818513969 -0.708166416 -0.032632775 -0.564356715 -0.423009371 -0.758883173 8.963731624 5.641558659 1.089065040 0.199572900 6.165804641 -0.161181660 8.783744281 3.202213983 6.195889876 3.528836478 6.960189283 4.760645559 3.178107242 2.876514652 5.473355397 1.477184792 -0.223855873 7.685466065 5.501461041
-1.735254335 21.229622324 29.800715094 -0.212091704 -0.796790795 0.077601981 0.560463621 0.812162238 10.241610719 6.303602180 0.645150275 2.067032212 7.767985896 6.712092694 5.350134630 0.652797699 4.740007770 3.764252252 0.672101286 5.433972445 3.911313033 2.264572272 0.979637181 2.557297243 2.022113195 3.426392910 5.500536236
-5.182736251 9.734537035 29.515522796 -0.651299733 -0.644720385 0.356247597 -0.182296277 1.365167470 12.076898221 9.153124042 1.732858146 2.244512714 6.325760903 5.475836338 4.179458491 5.212142892 2.239591771 0.731905369 4.287840138 3.638072063 0.404521481 1.768218789 6.292160732 2.164686941 5.291948776 0.016285775 2.658905805
-9.104032845 7.873666555 31.775665394 -0.273330795 0.102375047 0.353256460 0.888830411 9.389477684 2.264212183 5.616305783 4.951182528 1.651692860 -2.304512136 5.966411776 2.070171752 2.624362439 -0.402815398 -1.450337652 -2.878302684 4.377492034 5.921726283 7.898094279 7.401849679 6.247911621 1.775451758 3.854053045 2.231935291
-15.782969601 13.333868347 28.419387550 0.544551372 -0.110873584 0.537607208 0.634152460 4.477495455 1.978969254 7.937936739 8.892713824 6.749168874 3.359490844 3.709434156 5.147282474 4.378066517 7.504701533 4.768017268 1.453050766 8.697265182 2.926691045 -0.659747295 -2.817344482 0.813229260 0.722027118 3.083916054 4.209991310
-6.964704138 12.058746249 22.346809821 0.197613783 0.621825697 0.728800293 -0.207681796 6.111814323 2.801563412 1.590569094 2.185536455 5.849825546 1.771723817 4.654427044 6.440060531 0.725854376 4.234618886 3.805055800 3.117467703 5.554159835 -3.009492164 1.007036687 2.710100736 2.432465056 2.817137427 6.582703256 9.842265804
-4.620966522 21.426882699 24.571876360 -0.899023484 -0.239153784 0.254848711 -0.263845366 2.144318588 1.955306180 7.285699913 5.394501330 4.799538950 4.168351251 0.006884139 5.942451553 -1.124909999 3.891677341 -2.049025669 6.916081168 4.093231909 4.359954349 3.766760314 5.622408287 3.427408060 1.073706691 2.955402219 5.775731974
-10.064977599 17.458654853 38.143674760 0.405482765 -0.783518514 -0.429764812 -0.192313996 3.798474673 4.093785229 2.945438671 3.072978346 5.579270025 10.533929760 2.091224155 1.069804524 5.547778386 1.556639335 2.836641638 7.501017551 5.390754504 1.808311989 6.038772077 4.817703192 -3.291462904 1.488660130 2.320018135 6.976498664
-7.927922039 14.632073270 35.750949293 0.090086098 -0.933459999 0.328373681 -0.112728218 4.989295445 5.615059103 -0.638730719 4.368856561 4.723661285 -0.080676524 4.606803666 0.961312020 4.513890361 4.338563382 3.898504389 7.448123386 2.729437310 -2.091314293 1.761778073 5.380862553 7.514425776 1.069498848 8.516415705 3.892556451
-8.924103424 12.295244169 34.083908824 0.296036472 -0.533709036 -0.485593103 -0.625872519 3.291532985 3.807277762 8.676676198 8.974039768 3.931965329 -0.018597557 3.944941809 4.092979052 5.030799239 3.639137650 3.435548173 4.054571921 -1.466137291 7.137572418 7.318184868 5.260865695 6.179335182 7.086484367 2.461114135 2.454602256
-6.820820427 9.968666845 30.245330233 0.399146716 0.017581215 -0.460199961 0.792835920 -1.320659711 8.129179313 8.374698313 9.985614691 2.527905866 2.193271039 2.863402983 -0.809170237 6.289740478 0.903956748 6.295116589 7.396777086 3.879758197 -0.645312658 6.417246898 6.648285854 -0.742823839 3.974882358 4.669665670 4.739651585
-9.145086637 8.688049053 22.912514200 -0.836199718 -0.259547973 0.306958530 -0.373070157 5.831084654 2.546797852 3.612034263 -1.413311515 -4.103971272 4.176239538 3.565431162 4.165706772 1.832150505 1.707566161 6.351803654 1.296667675 6.897737415 4.872561796 4.693846718 0.832285059 4.062165803 6.416475061 6.516610627 4.624308295
-4.810356426 17.930339448 21.586873969 0.764501627 -0.037158337 0.527151147 0.369145214 2.532425996 6.223870735 5.869044505 3.538118750 1.872878829 4.301704000 7.532124512 5.599061515 5.918797294 7.572541091 -1.098030371 8.155291908 8.958161003 5.177304191 11.425927757 3.588191712 5.567575958 -0.301407885 5.738516862 2.110320431
-6.132046443 8.677197201 31.070181610 -0.010035406 0.229958459 0.320291386 -0.918929718 5.734894490 2.244559307 7.101978346 5.176214544 5.263205906 6.275949695 5.769307937 0.460969031 1.610170372 6.434058309 -2.327614030 4.502798128 7.120691175 5.986017153 7.301412872 7.630940963 8.048218822 1.612664997 10.018938432 9.626328930
-0.438497578 21.440233985 27.698226465 0.248871719 0.318484221 -0.162901141 -0.900052158 -1.743359880 4.354194786 6.650703803 4.995932343 5.187410327 4.112999345 5.804266060 7.953809234 2.456635811 2.493679665 4.814622804 3.347199381 -0.289734871 2.282290057 6.180545879 10.943312911 -1.486610725 -0.838110216 6.462693229 4.781305457
-2.439767570 7.250060015 28.772905152 -0.275198673 -0.613353064 0.195457210 -0.714044948 4.141254725 4.671293081 3.923336913 4.396033747 3.588807170 5.129184610 2.983410727 1.875397030 9.404840273 6.556709186 4.542553283 7.337732206 -0.879125571 4.454250600 1.371944027 2.315603803 10.082810499 1.722381452 5.289636265 7.185547029
-11.712516087 18.590033906 24.263707963 0.489588674 -0.300175138 -0.603583827 -0.553068152 5.653060139 7.745134819 6.889943700 6.919531316 7.421206522 2.790790664 1.223873925 5.609712339 3.602352582 3.358730160 4.318862532 5.405874466 -2.191982557 2.878352784 2.832714957 0.523779421 3.852910121 8.669208042 4.410146033 4.337695775
-8.337049895 13.768930486 32.832782102 0.342124267 0.570950414 0.734603206 -0.131623478 3.933313441 0.102154185 -3.755717228 4.950842467 7.140281725 3.576797624 8.424074352 3.504217575 6.081494886 6.100681210 2.760283859 2.106529299 5.739763976 2.615694197 5.212543700 3.151067723 3.818435500 1.117637865 5.584581363 1.789487947
-2.588981366 18.388690103 24.132551387 -0.599667587 0.322370954 0.718155293 0.143974750 8.926735684 8.107356009 3.976481708 3.660396808 -1.428697811 -2.952308873 -0.943656159 4.892176131 5.759103388 4.348049786 2.958644758 3.047258893 0.649317462 2.917483418 4.646196553 7.323816862 2.491159245 4.832159307 2.415475513 3.430203403
-12.043572372 11.540975191 23.705459485 0.437005562 0.759855774 0.112103411 0.468057867 1.621339517 10.714448103 0.773136467 4.098432483 9.186368978 4.464398336 2.518208701 5.779436617 8.864770618 5.970576429 4.369088161 4.363775917 -0.041787745 0.751075441 2.623742951 3.721846971 1.641652270 3.379671247 3.519026566 2.115252889
-9.970894923 9.208382193 28.452403854 0.369321767 0.548440066 -0.709849574 -0.242751950 2.605119521 7.116654256 1.399817479 3.733291426 10.592752124 4.852457252 3.931326222 10.142772869 3.117326415 5.120843499 1.581129998 3.930642481 -0.749974827 3.030529750 -2.105725061 3.182104287 6.049959810 4.668962988 4.411451824 7.793000263
-7.802167283 18.065464137 21.489955837 0.076216943 0.553132304 -0.647439622 -0.518707594 4.482206603 2.867733036 3.138410800 6.338408308 -0.738329400 3.980069542 5.275634361 6.043082410 7.793404497 2.161267675 1.549087266 8.676016179 0.697674136 7.241986158 10.096175525 -0.095563628 7.073066705 -1.304740104 1.687776490 3.596067702
-4.442011356 21.397856354 24.872291665 0.563740624 -0.034788908 0.781906159 -0.263835174 6.027813321 1.544191354 3.140670679 1.917158576 7.126151756 4.128804172 2.310863869 5.655094125 3.082710543 2.853380154 12.444121867 1.098109035 5.859344979 5.474691925 7.340563722 7.082936563 3.121387439 7.857844153 2.798122543 7.905298068
-10.073771689 11.215630297 22.250746358 -0.476302799 -0.636275973 0.576610781 -0.189231436 2.888637926 3.220520882 5.614075666 6.000139003 5.184894988 -1.042125087 6.062030743 6.652324216 7.591309981 4.987884119 2.779768970 2.989164050 4.177533693 2.692511795 4.599651057 5.808877470 7.656956368 6.462506651 2.384298302 2.294672382
-9.265053414 12.050221312 28.997751950 -0.095851954 -0.974118563 0.137380731 0.151762850 -0.921040898 2.566734392 2.511924408 1.013747509 4.244031942 6.682185534 2.941113447 2.733295966 8.767035976 2.729807524 8.088647847 6.372406747 5.828939082 10.528526499 -1.414731042 3.960560474 5.995881630 2.331952503 2.801323685 0.542468625
0.732055186 15.417395081 32.910257083 -0.148804481 -0.376134365 0.423170336 0.810744740 7.209960108 0.420043993 2.499347026 0.485661971 3.193041576 5.269260748 4.161700471 2.752367967 12.067141661 11.099587073 6.055151095 1.537827129 -1.921299315 4.375253432 2.875385373 3.689916435 2.702756220 4.279462029 6.040151108 2.201474817
-1.089840717 16.531909515 37.096905557 -0.486905557 -0.226256827 0.383655647 0.751358217 9.415470723 3.189301390 4.901425978 5.781201195 0.832433709 1.545292586 1.745045644 3.844587018 6.623563400 1.700173779 2.686476777 3.901072702 4.976688163 9.533582803 6.463673859 4.916971085 4.939852930 2.562513267 6.010091084 8.109805547
-12.954563232 22.159507372 30.840313493 0.373648060 -0.390987077 0.699021372 0.467851850 5.950545895 3.238217627 2.935119333 0.779291412 5.266097611 3.416149990 10.178331575 6.773775681 3.394231037 3.883963175 1.856782676 -5.801667209 11.706821410 2.248867722 7.379606519 2.668295298 2.999785685 6.222140787 1.377920386 1.691159818
-6.450011037 20.950024831 24.468077798 0.172140366 -0.964494753 -0.199466697 0.018182500 0.472225533 -0.845266889 8.106517911 -2.319556327 -0.137148624 5.491184712 6.258641401 4.198847145 2.498312393 9.709904823 4.214511459 1.201670653 3.309190091 5.739456980 6.869465742 -1.744440008 4.106008150 5.657217044 0.934213241 1.734017237
-2.140687969 9.957682268 34.108279983 -0.382116965 -0.306772059 -0.561111483 -0.667106762 9.652864472 3.516900413 6.812201014 3.799895991 2.122189451 1.903838075 6.543385007 4.086327161 2.625694780 6.472032421 5.681676279 1.832053077 3.187576951 3.846358283 1.992893271 3.321616811 -1.104725392 3.537193899 3.701910782 5.017550557
-8.251911428 11.701392717 20.496259949 -0.183505915 -0.173312987 0.273115013 0.928276024 0.132790233 1.971527535 -0.932932829 0.492883443 4.459014958 4.352452966 1.109665398 2.190742055 2.330774913 5.256663469 2.641506292 8.961866441 7.339480241 2.724945419 4.263170382 1.064617789 0.458398213 8.069369970 1.998826954 6.160391662
-12.447980550 17.778946151 33.706472774 0.865086088 0.474366047 -0.032242365 -0.159885409 1.361251827 -1.145703015 5.152041984 1.061827237 -1.634730957 4.094713358 0.444553660 7.637309319 3.171674246 2.037053891 2.144023757 4.878757933 2.537698508 6.002006494 1.497815869 3.868374085 9.109516273 1.539285345 4.997574438 2.623890360
-10.672385272 21.531875359 26.575110209 -0.061084433 -0.399974078 0.908741106 -0.102367139 2.902925852 4.341158268 3.318886719 3.120318001 6.123764613 3.794401880 7.038059122 1.190651714 3.600794888 3.339982450 1.839075083 1.467762232 6.927106289 12.605469193 0.814544841 2.067561380 2.717699941 6.482078438 1.082574415 2.372791310
-14.372525416 15.608528106 27.194929429 -0.008331130 0.417061639 -0.364621437 -0.832491074 -0.237669169 6.614508756 6.852344918 2.876899108 6.067962959 1.731211306 5.202876615 2.316236958 6.913718019 2.094310886 7.943137046 2.481149108 11.007359365 5.436650282 5.213255123 0.969998846 1.673101679 1.307916675 4.225159375 3.884587292
-7.442371178 15.797779445 27.167192644 -0.524130343 0.487698935 -0.592850443 0.368734979 6.129798040 1.878180444 3.062280408 8.265476217 3.267145674 5.398313301 6.038671074 4.325922820 8.737217883 2.402872547 7.927557742 4.834110651 4.551321386 4.310682704 6.508671423 5.134350422 4.141701801 9.741606533 1.654892306 4.008062389
-6.186725263 22.105389915 30.592940166 -0.356499676 -0.474204908 0.470255718 -0.653373742 5.838059146 4.496764954 4.534232447 -0.699942209 8.945518276 9.586183634 5.955787955 4.789218656 6.066712657 2.678184445 1.457218751 4.759160308 0.856889679 8.793400674 1.756972342 0.225290626 -5.940543537 -0.095801002 4.658890447 -1.168407933
-2.414929421 12.461199848 36.598472463 -0.437747144 -0.452041654 -0.735659860 -0.250679780 3.093078207 5.369787773 3.910291381 6.128105628 8.518742704 1.363712729 2.066391531 2.051757508 2.412896126 4.840468621 3.896634007 1.007810623 2.187871585 4.574780381 6.897677223 3.739885532 10.342789627 6.595548269 1.677654713 10.246018253
-2.964899156 11.959193640 26.094044017 0.097075319 -0.600311303 -0.676561074 0.415292469 5.530560125 4.538102743 9.851865292 5.266062382 0.704538685 7.236182162 4.146756142 -1.525146839 0.406222958 5.471350094 3.110194980 0.120850321 1.255364924 2.286543558 8.241880532 -2.064746712 6.064203999 5.482264239 6.710057101 10.348827215
-6.203818289 20.340459071 23.980971920 0.067576179 0.990323509 0.103496643 0.063097170 7.710488511 2.777858462 9.053397056 3.523880593 7.363406904 2.238138732 -0.270579789 -0.809166393 2.361830331 6.195485819 7.723376234 4.022719578 6.187272088 -0.233751354 8.483494029 7.567787673 4.610879817 1.452460054 0.799575139 2.990856204
-5.066291350 18.621258368 24.428011728 0.978741068 0.106054808 0.104494643 0.141064416 2.147326898 1.489193054 -1.627641194 -0.742500619 1.634699059 4.657858915 6.007530607 2.433555062 2.509381209 8.536407512 0.047776016 0.950874228 3.707583158 3.669801422 1.271471954 5.917033798 3.733819900 5.301006835 4.445166241 1.362664017
-10.466939287 18.379594010 34.268822995 -0.282755031 0.401421369 -0.697666539 -0.521700946 7.086671448 4.413057547 4.290950686 -1.095226024 1.647034662 3.070847470 7.748119994 4.061200469 8.761901848 4.837029201 4.071138321 3.893385818 7.062816783 2.593357340 7.015267891 6.812337404 4.473377890 1.582725241 2.491157190 2.235901364
-1.440443971 20.428957334 32.822576988 0.650064905 0.454703955 -0.593237358 0.136855288 -1.812119827 4.083027247 3.472056034 5.235868646 3.725857136 5.663977812 1.672282258 8.511063176 4.059300684 4.989829337 4.179559986 7.101789962 4.222438250 3.890441640 1.702097345 7.358809362 -2.304285843 5.921712521 0.965267735 8.132970724
-13.466787358 21.122259692 26.650326678 -0.685459409 -0.706815427 -0.068576568 0.160793674 3.112173493 1.885089157 5.277420376 -0.429660067 3.746629544 5.083819943 4.779662543 0.651085795 -1.378952419 4.772005019 3.501723909 1.071268809 2.650775649 2.793808638 1.023535234 5.383051150 3.676769849 0.036662304 4.486102213 0.334235227
-8.719068945 9.537487517 35.408150063 0.229877681 -0.517903938 -0.701551761 -0.432153780 0.708080782 3.562575310 0.757979622 2.884771997 2.179244575 6.819057351 5.131601049 7.100326968 4.481206973 5.969518206 6.352738321 6.397062850 3.050062563 2.811475407 5.899881786 3.330142482 5.445350565 5.542870474 2.803318830 1.199760092
-6.741485571 22.990288058 25.642325793 0.022551811 0.842155887 -0.478170451 -0.248229525 7.373608366 5.413876427 3.380183930 8.708630547 2.693514085 -0.495723132 2.677338814 8.966353770 2.612605360 0.997543618 2.449479346 4.325153059 1.306582683 3.250596373 1.126376274 4.993400932 1.900409711 1.984207334 0.745819793 3.169527937
-10.086391541 15.747757995 23.951063534 -0.252818039 0.834041159 0.310953449 -0.379165317 2.363388723 3.047646108 8.511533701 -1.864157489 5.860610798 9.438190570 4.155548510 4.208748995 3.524595390 3.729258523 1.937978549 6.019143635 4.047979867 3.032266425 3.627678061 4.071607063 4.365879218 4.455418340 4.656137852 4.858187391
-15.819970875 13.904755662 25.705675111 -0.257860477 0.429116774 -0.823416870 -0.267116879 6.934775437 7.304028157 6.248511841 1.760221382 3.179249483 3.625253769 6.311375310 3.341519770 5.929322259 1.567445628 4.320830024 1.604491160 4.957737220 4.067438662 2.969819449 6.941140776 -4.040671314 -0.291819426 5.387520585 8.523930356
-1.029954062 13.026612610 29.649586885 -0.015099385 0.337252198 0.691243741 -0.638917095 8.950898651 3.354900068 2.753134839 8.884600370 5.251461704 3.043423260 4.492042965 4.827618117 3.352944079 3.892475667 4.620254077 -1.870067943 5.897320088 7.475211813 1.968002575 6.090325515 2.842477599 -1.213548433 7.608319269 3.750823754
-7.761853229 23.593216995 34.948307739 0.251566151 -0.749873951 0.432904980 0.432431275 4.194642875 7.633916008 8.640204077 3.960760824 5.097897565 -0.329240315 -0.531808236 -1.320166965 3.078988566 0.763355894 5.116639539 7.393747883 7.646847589 1.399203907 4.531597749 4.033104815 1.629939029 4.907596310 3.462408149 10.457453868
-12.005511611 10.391140156 34.874094390 -0.072168361 -0.613829272 0.327224037 0.714793524 4.514370188 6.246585459 4.313214353 1.486164241 3.002206361 -5.029676651 4.972188774 6.899830162 6.721678820 8.342743488 3.598409600 0.921365647 5.844737600 6.521859914 5.046368300 -1.479414690 9.783736631 -1.146153237 2.926717076 1.339671792
-10.468068165 19.961989206 25.403444237 0.675907272 -0.656596317 -0.323385723 0.086326766 3.666100020 5.333167351 7.131164358 0.956036715 2.755975903 5.678466701 0.649868947 0.145228374 3.936613914 5.385966719 -1.813781025 0.811065296 4.147365036 3.087339247 4.437643324 -0.283417646 3.969722625 3.563616285 3.631747501 6.015242131
-7.181567627 11.331352412 25.842190120 -0.848025288 -0.007016448 -0.325882957 0.417856648 1.920162286 6.616891740 0.398849487 2.554852356 3.831048596 -1.816518411 3.673469278 4.603884065 9.516057340 -0.752690139 6.185067159 -1.950186076 6.371827143 3.041768164 2.348238348 2.068887874 1.132962967 5.978851061 4.476226531 7.383141181
-8.607224449 21.706747351 32.359417726 -0.195276492 0.355919741 -0.628143155 0.663795456 7.949434179 6.510343706 -0.768671047 1.018248681 4.735275711 -1.679151742 3.990108829 6.200963068 0.949016460 6.822826281 0.280759463 5.196516225 2.679577353 4.321012594 0.568926258 -2.356395915 1.510072046 5.713488679 4.608850065 -0.498331390
-8.202664196 16.911508689 19.839639764 0.528527396 -0.763666221 -0.145026874 0.341232912 1.531192801 -0.806587690 5.860408529 5.757206995 4.182300089 0.883118078 3.591117483 0.693235361 -2.429633250 6.250895509 6.025153389 5.024017416 -2.225586919 4.976659697 -0.356941994 3.873481841 -0.724504959 4.563606429 5.488357509 4.899152151
-16.411861387 17.437340677 27.432781607 0.047782665 0.445045563 0.670513416 0.591661240 3.089393695 2.650434364 3.885656233 2.157706219 5.135204464 4.453155093 5.874026608 11.183399532 4.678618178 -0.675704953 3.203403914 3.268101361 3.726895693 8.278837692 -0.152221944 1.618353376 6.386149798 4.175785943 3.489237088 4.187168758
-3.881135383 10.904839469 22.455608781 -0.201754689 0.699325211 0.113782942 0.676234232 -2.660343930 2.160320261 6.135545189 4.360534918 4.520871771 1.754334174 0.609572849 3.614920604 2.651037872 5.645146926 7.325288409 7.334040919 3.327950372 6.106869349 3.126134510 3.589185354 2.091365177 3.775996802 0.149717118 7.565900496
-12.579560725 19.411002064 22.833774869 -0.331445104 0.726362023 -0.394426003 -0.454940087 5.022045197 10.085784206 4.366446102 10.199270116 6.726112878 0.318131514 3.488015710 3.360232983 5.832687805 5.733173154 6.415380184 1.350991680 7.498357958 0.490386031 1.856759770 3.224839356 3.724692235 9.195521203 3.119713940 0.229648066
-2.992583702 12.087110823 22.599917945 -0.301719912 -0.438404763 -0.246913503 0.809814843 2.023217503 3.483947645 8.569202803 0.892593808 4.320129598 4.638142838 0.894670287 5.960959569 1.616512019 3.395400736 5.928707730 4.668309712 8.033717811 1.974164212 3.261101174 4.299841651 7.343874355 1.911316097 0.816574268 2.601305588
-4.396355610 6.428413237 29.627462498 -0.060264394 0.450128858 -0.093210507 -0.886038382 7.335004644 7.102551970 5.155509706 1.224700985 6.560833310 2.980382234 -2.827603290 -1.126702126 3.653576032 5.007686600 6.114864665 1.757780792 3.572520509 1.040634635 6.118125300 5.772690274 -0.360399512 -0.713714593 3.898900333 0.380831934
0.599386964 13.640012753 27.074301003 0.174793903 -0.955180418 -0.238829978 0.006140166 5.190538755 5.162589219 5.957115768 3.508880864 3.718484209 -0.273400629 1.224281238 5.108939919 -5.161993617 3.506090752 2.708447120 4.127000348 5.086902290 3.869378066 3.941591066 4.461999059 5.006200579 -0.597204554 5.734227372 2.322543708
-4.152306124 6.376754507 26.859546159 0.034887093 0.848672915 0.014202898 0.527575068 4.068781850 0.767251007 3.091725265 -0.104541217 5.200393819 9.011457594 4.177670233 7.751763560 7.682742533 7.129597268 8.962831178 1.235317361 3.057694616 5.781066514 -0.158458142 1.380664164 5.630550589 -1.614707491 1.220556092 1.798363520
-3.515000576 13.628958907 23.720566909 -0.474506104 0.815658497 -0.093425980 0.317516550 1.134770051 2.950519281 4.467478114 6.422710252 -4.021107241 -0.033279975 2.626974231 4.841819598 0.506542969 6.621261225 6.982208000 6.525485887 6.338907863 1.202840982 3.482009576 3.425005719 1.619617233 8.267539763 2.177030698 1.039423352
-12.448680107 19.038884528 29.969578526 0.351933577 0.549651324 0.756604821 0.039690357 -3.422437100 3.485840565 3.241789790 1.356244581 4.649238154 4.721265517 6.096019877 8.241448266 -3.366995845 2.192946009 -3.041134727 -0.581360556 3.841277537 7.341211412 6.346326287 2.303746529 8.542918485 1.994637032 0.810067438 6.832832180
-10.121026168 10.366833073 33.169414039 0.561814894 0.275382722 0.650212806 -0.430989197 8.139912988 6.119792709 6.424504888 5.643205051 1.400948734 14.942214270 4.001812780 1.432776982 0.415037107 4.899178163 1.328358785 4.934578049 0.214595091 3.071163332 4.684338710 9.289543043 8.749517378 3.610563070 7.416740861 3.740162663
-12.271413714 12.583022325 24.182934117 -0.326627613 0.210367826 0.297723023 0.872021090 2.471086760 2.885609572 5.133230356 6.893983729 3.359816279 4.847739527 0.796488141 7.691675535 4.979292523 3.912088767 3.676497864 -0.960635399 2.006024800 4.615439090 5.722378975 1.789864552 4.625359537 2.917241527 4.487924478 7.713184748
-1.121178383 15.606961518 25.513978359 0.242327458 -0.659482112 0.150519312 0.695488809 3.141407295 0.099812559 6.061414307 1.389975305 -1.434940340 4.612783193 6.644140166 -1.257448860 10.399698242 3.469989510 6.877329430 5.643037659 7.061117679 3.838047591 3.706631983 9.472884927 4.136142118 -5.612443897 2.515302491 2.295559225
-4.404382486 15.846755271 27.127325529 0.257878010 0.058538557 0.870041700 -0.416052412 3.248852965 0.639830712 2.341757933 3.300831489 7.155692134 8.010625202 8.307042362 1.622537185 6.703696786 3.099272339 6.392428597 2.740386906 3.296671850 5.099837568 6.445148270 9.659417537 4.247350229 5.880123878 2.110418806 2.718738013
-12.114777902 7.341300685 29.301263004 0.105099133 -0.337618861 -0.328011240 0.876000173 5.330096276 6.585865294 2.912350306 -4.371067832 11.357779032 4.202430463 0.423966749 2.992993552 7.294371306 4.237284829 5.436022745 3.535732727 0.802863114 7.254967526 5.113038118 4.370226225 6.719244779 -1.594476482 3.928549311 5.786963746
-2.668376288 18.506602622 37.024509810 -0.067188706 0.781765711 -0.536284424 -0.311009754 3.296100699 4.937462253 7.459245430 4.564085507 2.089356032 6.795899523 4.206702926 0.731555527 5.906988173 4.455948017 5.784739900 5.611729282 8.826413870 3.538792274 10.263799153 3.924737083 7.494771789 3.363987340 3.539810832 3.576676633
-15.800093004 15.094425421 27.010967223 0.537386899 0.788335961 -0.122351940 -0.273444211 4.196643634 4.848502922 -0.486471505 2.008158902 5.072629802 2.096659543 4.356114198 3.581160098 1.459004226 8.054475104 5.747740747 4.158331402 2.957607889 3.049915107 5.298254689 3.660986068 7.487157618 6.292416977 3.037367333 2.994576020
-12.887058706 17.412671195 23.263711298 0.353890128 -0.424497815 -0.593557344 -0.585023984 1.343342133 3.040553477 8.213228260 6.380422303 10.284260626 8.156111004 6.613103846 5.639142951 4.656086014 0.642185385 4.273658533 4.291710261 5.063823261 3.995765033 11.008083432 8.041832236 0.848838993 2.521462325 -0.359683752 6.777420078
-10.699145447 7.104509557 29.589193472 0.168375840 0.768694343 0.455510288 0.416255884 2.145749656 2.192951458 2.544333600 2.601676033 4.109477961 7.682983761 5.473657748 2.970051087 5.168738146 4.622755790 5.720575445 6.815144270 0.065068820 5.899925033 6.475071106 2.412911973 6.563637502 -2.278129382 10.048965665 6.549845002
-2.121756172 15.050266235 32.214023642 -0.472317621 0.859063110 -0.067812633 -0.185278398 1.743604285 3.909621366 5.327830202 4.553814390 1.769583842 3.280716896 4.410177444 5.590509422 4.393702459 1.732837140 3.025909981 2.963694570 5.904901959 0.300304608 0.468813652 2.061932752 1.770269137 6.134736054 3.832363745 1.939770604
-9.027992570 22.482151576 26.447331298 0.666770270 -0.171791170 -0.437322104 0.578493369 4.069355213 5.044105877 5.756619184 5.473903837 3.083046261 9.769748876 8.524283318 2.614334125 5.965594188 5.611253490 2.459232239 -1.269840744 2.727409799 -0.447884692 5.704395541 5.830261236 0.152457445 10.430252185 5.847608836 8.106650182
-7.985791651 22.892525896 27.139496850 0.669695120 -0.573571043 -0.141254490 0.450079853 2.049294301 6.721490094 6.772575884 1.348310256 4.824836470 5.720735205 4.360154391 6.595482001 3.460004314 -1.153900197 6.471082853 6.125496184 11.559667904 1.583019321 5.723931406 3.594472701 3.439476202 1.091286894 -0.386382658 3.623269042
0.889314502 15.899875121 26.891626301 0.594504935 -0.302105621 -0.137780056 -0.732333757 5.771121492 8.098430106 5.858830459 4.283016226 7.981303247 1.383195890 3.760249203 5.885331829 8.588561558 4.486019879 5.970782729 1.615803684 4.917954807 6.798279857 6.948229313 5.110781648 2.077941396 3.835732079 5.089678899 6.480863597
-7.339720739 23.518169853 35.058549156 0.266950850 0.598600944 -0.562407308 -0.504095401 0.010552200 0.699310186 1.522108570 -4.557527975 3.785005904 6.118952414 6.419581663 3.485932477 1.767978836 -4.214506965 4.975089625 8.132109028 5.592061460 5.520101336 8.484537481 6.235103246 8.315773761 6.922567547 5.431520948 8.647465158
-4.620954914 13.098473991 34.468474263 0.710372203 -0.071266215 0.233624462 -0.660084897 3.753822564 7.242632942 10.235168342 5.698786763 9.813462597 1.069428032 4.352623979 0.650571767 7.086562259 8.510761279 2.451178782 6.450494987 7.372860415 1.325416565 5.114777357 4.014557263 4.737864015 6.448788203 5.749856588 6.857690442
-1.412122925 15.631129572 30.287065980 -0.558874859 0.144023163 -0.676497729 0.457457150 -0.246089130 6.727531988 4.943709759 4.385107005 4.771410473 4.343049290 5.172370469 0.758467683 2.483450843 5.947963903 4.801262400 7.736119296 1.266722612 11.464997861 1.241650115 1.814354285 6.337958357 4.262411010 1.380472109 1.662823240
-8.103257143 10.128685542 25.383771059 0.729216192 -0.221953294 0.541501062 0.354622448 2.630314574 5.754152007 7.608203858 1.135187484 2.167884548 0.891976358 6.499701672 3.019353369 4.897694230 3.580036697 4.358985719 7.153807349 1.110082902 11.960814588 2.066160182 3.115325062 2.370751679 5.720152439 1.069500780 6.929618526
1.525429754 11.800452690 27.245789633 -0.562531031 0.276516807 -0.703162732 -0.335647832 2.474885144 5.502212619 7.369572864 2.103161356 2.425906168 8.493490575 3.769538456 2.734718563 3.416699846 4.094001621 7.514786902 4.374503336 1.167894418 0.131901945 8.123615782 5.009842435 2.659373341 -0.150144811 10.556846344 5.296119814
1.903282561 14.111907083 31.224283178 0.263606816 -0.608295573 0.502211703 -0.555221890 6.504995049 4.202967390 9.560610281 6.176754532 0.563999149 1.684992889 9.697287504 5.539788973 5.533985801 -2.345501458 5.350140030 2.618343340 0.401681949 4.438094822 3.514850937 0.609274091 3.585549236 3.220860659 4.056060529 5.259600125
-2.423189151 13.785919397 30.607575372 -0.680438236 0.721982348 0.125236935 0.007810662 1.913472351 4.063235596 0.473299517 3.833597139 1.294151900 4.536843903 4.727325615 3.150274248 1.233106634 -2.413391631 3.839133094 4.162418288 3.162300612 5.272396099 2.823084152 4.413771782 8.377326236 7.078614268 6.535356765 1.702224889
-4.786775144 10.300422305 23.129637911 -0.507732279 -0.436324296 -0.741279796 0.048304310 11.541147769 5.746989523 3.898610585 5.738565285 1.646268153 2.993524826 6.750393160 4.374340248 3.193448319 -0.471961251 5.286184555 7.144440942 4.604406526 2.544941203 3.660920016 1.279112026 1.409075437 0.691992935 -1.473038280 2.058052240
-2.219891068 15.351682928 32.841580633 0.774160301 -0.016518617 0.085554319 -0.626963652 -1.931155781 3.718529161 3.135512381 -0.668633297 0.522677744 1.824284182 0.355814085 2.890339695 6.578063885 3.558652784 5.159239974 3.260356278 3.634429743 3.102373475 -0.881755830 5.456306631 8.798936450 -0.795904651 4.805850716 8.194621423
-12.397647524 11.945174064 26.902194136 -0.268815398 0.123246408 0.257551397 0.919899931 8.838919304 5.862937944 -1.532517448 3.205778089 5.808240913 5.831707548 2.446495917 8.635501532 9.603618395 0.300686821 4.264671500 7.068023532 7.317984900 5.421748482 3.088417113 8.517547336 0.189138335 -2.506047030 9.077011132 9.592611668
-12.438852585 15.105079047 35.746481131 -0.291213090 -0.047045248 -0.811908354 -0.503772276 3.338409903 1.467735238 0.768082708 3.187667988 5.977372281 4.973319673 5.249580711 5.191475741 3.414826898 3.337423420 5.455691752 -5.595987704 -0.957136616 6.786376578 0.668404549 4.765770814 -0.008460067 4.023769834 5.665591593 2.501369123
-2.347940435 11.100005186 22.493814471 0.823114695 0.077087530 -0.457337487 0.327692134 3.900209569 5.494765687 4.919625901 4.046739271 10.203460773 8.464966669 3.293969994 0.512508550 3.924778059 4.891766831 6.687861099 6.766884399 7.676789243 3.618783740 5.633730232 6.542328677 0.672652709 -0.423506692 2.333009695 3.879434541
-10.392412216 23.316936676 32.819760149 0.422839454 -0.572106649 -0.245629441 -0.658458014 3.537918079 0.966558544 0.077261620 5.537968447 6.002528344 7.586055746 2.609929653 7.974575893 4.912813316 3.111161915 4.408474656 6.126061120 0.405149734 2.838134044 -4.680410757 3.516193572 8.322954289 2.222069124 4.830847237 3.843544196
-5.152244484 14.529036339 29.959524263 0.864543706 0.153788002 0.019148233 -0.478065660 6.121139448 2.668685860 1.424208621 3.953468178 2.079988893 6.573839887 -0.877966801 2.768598435 3.939382831 7.054347181 7.558633793 5.811127877 2.355994771 5.288611920 2.967073289 0.287922074 -0.528638027 5.914948395 -4.025643381 0.986971161
-13.174653134 17.194243379 25.771611649 0.052394108 -0.814576977 -0.439803150 -0.374556264 3.963606645 5.159553101 6.256000102 1.839113415 1.684406788 7.803428848 3.993046763 4.926222593 2.696973310 4.632161760 5.632954618 6.054080358 4.394904596 6.702146519 4.464687052 7.299186148 3.769481872 3.237385436 1.478264638 2.291636868
-13.957579495 11.394232197 33.477860537 0.390019604 -0.632802717 -0.345877302 0.572550714 5.338481476 3.059369430 7.676737879 7.477963000 8.013827034 7.296330097 5.099437556 9.224633309 1.945057470 0.020978289 5.110275034 5.995225468 3.087926039 4.059078905 12.135724890 9.374139688 8.333111701 2.422616343 3.419614247 1.914464028
-10.041901055 21.070073178 23.837741484 -0.906387847 0.375827561 -0.035771474 0.189565600 1.762603134 3.986637745 5.786294091 7.482826510 1.738499207 9.345410327 7.900619827 4.853590386 3.250125598 4.860718405 0.529164084 2.242382674 0.120833768 7.030759565 10.606768225 7.396761435 1.963468898 4.898874939 8.068235986 7.421742470
-7.245996767 12.345421722 27.683481197 0.426725758 0.219544443 -0.756488674 0.444331240 4.385756833 4.165031022 1.747786164 3.481510409 3.162270793 1.689691290 3.545226991 8.133018003 1.640857648 -1.607893192 3.725918195 3.437270588 3.215229815 3.611372555 1.078212899 -0.414157214 4.426019995 0.966193745 -0.384024733 2.792656453
-0.788263899 13.277189407 29.061825142 0.195183923 -0.422356251 0.641717261 -0.609686305 -3.776321312 8.190447828 4.502903883 3.167639562 4.592042355 4.243602747 -0.188324022 0.337705516 1.880624152 1.420569385 2.249103784 4.527187065 8.346337192 3.649060491 5.860005969 5.621072428 -0.480688305 6.196567902 2.391172044 4.273034765
-7.432027120 18.097040403 31.206681496 -0.480176743 0.674720146 0.121518944 0.547189333 4.362571263 6.057603700 4.338989243 4.967312223 7.911368872 -1.364198622 7.293123661 2.450051093 3.697210289 -0.579883757 5.184881851 2.013722401 5.690412452 7.412535400 5.582087122 0.905281460 1.800820072 11.072078042 6.579907133 2.575932850
-7.801894467 19.804551579 31.319269055 -0.082697751 0.632464769 -0.283682944 0.716012140 7.281312830 3.139579812 -0.035331998 1.712486105 -1.145576959 1.957084964 4.009575278 7.211459895 7.022133622 1.448751470 5.900429167 3.594142939 4.866153557 14.710413855 4.954130162 4.887296253 1.887746841 10.439653057 3.544091987 5.675632611
-3.386994970 12.897554946 24.441741274 0.309722975 -0.473088573 -0.678379241 -0.469106049 8.389903013 3.175752971 3.475810589 4.993420621 2.596865023 8.803102331 3.869726347 2.400891778 4.827706384 3.034287689 1.713821207 2.409279508 3.570370170 2.908831878 5.313292168 -0.301526597 0.466091438 5.167018324 1.692077334 -0.489826411
-7.848949628 5.822722791 30.765392581 0.738025120 -0.602460852 -0.170317770 -0.251697639 5.852475819 7.545668714 3.908393458 0.785437737 7.631464897 0.537073941 3.046424339 5.334169240 6.554026065 7.398619939 -1.378521024 2.467934322 5.516978074 5.180204073 4.273693828 3.449228971 3.685340183 6.746245215 5.256105486 5.861713957
-5.289430907 17.239360637 31.603209237 0.018863476 0.045516839 -0.538085518 0.841448965 5.973305256 4.318338843 7.404929609 8.319170808 -3.529309644 4.782260849 5.254854048 1.036538218 6.433879936 10.774398550 -2.044578670 5.295838016 -0.043398012 2.916148469 0.733726033 2.456816867 6.645097711 3.374661646 0.409416021 1.244453984
-2.376372379 20.566324868 29.174869168 -0.297705876 0.443811215 -0.835362922 0.128730750 5.572372488 -0.930651475 7.748829866 4.270337819 3.115148641 1.752850184 6.883820398 4.391776370 2.528047189 2.626490130 2.518864920 6.649693681 9.382815956 4.443020000 7.486850248 1.489643996 1.525183026 6.115634513 8.029393766 10.935997551
-8.962020873 15.496440043 34.272699763 -0.428539821 -0.508381697 0.517341966 -0.538756867 0.520909026 1.121408544 4.879520785 3.917554883 6.385852638 6.591573140 3.602595500 0.034304020 3.666130963 3.345108526 0.845067322 3.752173377 -2.880693651 0.703954053 2.930088402 4.889622510 -1.432769494 2.826051987 1.853099727 2.145086963
-5.958188060 18.648209754 34.927795887 0.490446926 -0.198451538 -0.172009496 0.830958202 1.627680294 8.497639672 8.145360076 2.130120350 7.661425165 4.857670828 5.196726125 3.775743506 6.995248201 0.061534958 -3.049534894 9.967789430 0.582403352 -1.493010075 2.366939930 -1.320562259 9.674285615 -0.674668505 1.554025816 5.022282520
-4.048515173 15.445728972 37.612180707 0.686693649 -0.699915323 -0.034982624 0.193252654 5.904060088 3.318674855 5.819150277 1.129976803 3.409649869 3.429556855 1.771130754 3.845427177 1.847353193 4.653586954 -1.282509905 5.191232991 4.768674659 -1.045226764 0.746368079 8.927023850 5.749157929 2.489525517 0.996918520 -0.834056280
-1.299725959 22.620911424 27.205019464 -0.662961622 -0.221103333 -0.696745514 -0.161681455 6.178225928 2.798348101 2.901042901 0.663841358 3.463998946 4.706024462 9.844031810 -1.002647624 3.827781868 2.292409836 10.522735727 2.554228968 1.640665686 4.336785710 1.877077742 0.472156008 1.850258430 3.826842788 0.717803014 3.375038224
-0.545840543 17.358857053 24.284953876 -0.920090216 -0.174832703 -0.333001721 -0.109441188 -0.193923480 -2.770907389 1.874609163 11.451008185 2.229075808 -2.826383650 3.186238205 2.509482601 6.254993706 -0.544036262 -1.816453897 6.834513044 5.633148625 3.109484928 1.960337858 3.638604621 5.846052415 3.611152869 -1.040924648 5.143023262
-13.090603138 15.811331205 31.005671809 -0.317418910 0.473529531 -0.672057853 -0.472602646 6.784998326 2.723979229 5.547051771 4.355539772 4.673264261 5.527958681 7.928352559 6.949156129 1.419349457 4.842406687 2.403233891 -1.384098862 3.209260856 5.378970720 0.941520418 4.272290379 0.905715584 0.758123314 0.814575980 5.510938188
-14.983649043 19.725330556 27.274949201 0.218864719 0.789245792 0.562019896 -0.115425085 1.912347682 0.874527986 -3.022874964 1.885676554 3.720225266 5.229244637 6.223177508 4.496504542 6.220242939 2.564833296 2.431533802 3.703635460 1.788139085 1.526935090 6.149680575 2.215640133 4.250830311 4.203267502 1.724754504 2.748869773
-6.062979046 23.333791301 33.049376456 0.232084990 -0.635107188 -0.727514588 0.116180640 1.735852603 4.632383236 3.886615657 -1.815951975 6.359001143 3.096993888 -0.719016991 5.333061737 7.414503981 7.860752356 9.075344535 5.957404976 7.236849434 4.150209805 8.751779794 6.226202746 1.862341211 4.710839503 7.749059446 5.240457927
-10.374771742 12.198436618 37.435030866 0.040193392 -0.706841291 0.692605552 0.138048648 2.227885885 3.520276416 5.366224876 3.617751267 0.025430209 4.283401789 8.640167502 7.859028971 5.151566530 -0.268305402 1.225478928 3.502211505 0.209213365 4.518257107 0.455765217 4.875106710 5.603190280 10.059387128 1.729792345 2.300463396
0.168312979 15.745039410 24.859357878 0.832129271 -0.216129760 -0.475976024 -0.185190790 4.363344416 5.646496447 2.969392490 4.198168335 1.892189294 4.451812446 7.313998345 7.548737597 4.681249848 2.748117271 6.352199865 3.482109277 3.031440330 4.432731743 2.641591545 7.962793907 4.091907644 8.290584424 7.026925334 1.070229444
-5.719914472 10.060105035 29.666189319 -0.861383438 -0.345719161 -0.371193539 -0.026686918 5.797433672 9.166044425 4.114486628 6.014380689 0.094950889 1.878951898 5.420121941 1.295753303 5.163617978 3.289744001 6.396747592 5.197100211 3.375353957 -1.213821689 4.140051875 7.053016348 3.595401720 4.983381208 3.814565710 7.983506887
-12.317507644 15.550058037 37.361070549 0.771611154 -0.423424450 0.431998188 -0.196737202 9.227481209 1.068860715 4.591578197 5.786395447 5.415057584 4.806877799 10.527646443 3.337121832 1.921923075 1.885258830 7.946628867 5.508524351 7.625057478 4.215637018 2.357085468 0.273592072 5.390518590 0.112881426 10.983597040 5.374298772
-2.861337500 13.178706728 23.501325937 0.575198548 -0.184594081 -0.077588545 0.793127779 6.500409951 5.608306491 4.104730960 2.586353244 4.988004702 2.119793123 4.050238141 7.762438688 1.869957678 4.792376172 7.033107744 2.719132980 1.679276120 1.278155453 0.556929446 2.675081124 0.908204996 2.169411075 8.934277447 1.175073264
0.657473168 16.212762852 30.285234663 -0.540728067 0.506414568 0.152947388 -0.654037109 2.100799655 0.407229222 2.887596368 6.431134494 0.676291232 7.580052482 -0.695616605 1.182075923 7.260082808 5.112725704 2.161889620 8.653914968 5.740489586 3.060429266 4.836372212 0.592834359 8.767805116 4.313846989 2.598088007 10.196573104
-6.080020431 24.901277971 28.372597073 0.157874631 0.820408367 -0.351562897 -0.422385181 1.931984828 0.545667993 6.240134738 5.958006732 8.956263547 4.600083276 8.511872945 6.136450243 1.926846597 6.583440447 0.437999265 5.500449556 5.250426217 -0.949346762 7.836859268 4.669393590 6.239807158 1.816504355 2.716529862 -0.322872572
-13.065547181 8.498643309 33.267740396 0.388220622 0.712261288 0.057556183 -0.581941485 -0.883266476 0.432566435 6.676353163 3.418599225 7.757661226 4.600454827 3.858349158 7.741125478 5.824583839 1.628881275 -1.013331222 6.389824657 6.537489940 7.794522238 2.846132526 0.307719410 3.518990234 1.153020715 0.227570593 3.738573949
-3.564195501 9.021893881 27.695161043 0.436653040 0.325396352 -0.460246372 0.701159478 4.678757359 3.905633649 -0.551310597 5.179422128 9.216209348 6.985485545 8.968959172 5.926708475 5.095137204 2.185867522 11.902807612 6.635199641 3.358289796 2.728314388 0.847830796 5.705796661 3.817772961 2.515520713 7.592735288 3.351244435
-3.597305814 19.317904467 31.160417362 -0.360713748 0.744660681 -0.432891595 -0.357730246 -1.210644740 4.897114478 3.892298871 7.942333333 1.344325254 0.120400939 5.705180705 0.910223018 10.133971873 4.277667409 -3.995159427 3.021528961 0.052115265 1.643834401 1.953181786 4.972256710 5.774217084 8.120606239 7.146678527 4.801452867
-3.480235419 20.570167907 26.888357298 -0.641841790 -0.414660951 -0.505557285 0.400633554 5.518167242 6.328495203 4.217655900 6.099328333 1.670253342 1.083432488 4.049616521 5.445354599 1.198374185 -0.528909207 0.409879202 3.799198205 0.367680848 2.292013389 3.191167829 5.931478322 3.754781258 0.855747034 -0.646541790 3.879129863
-3.717674043 10.429804236 35.465630277 0.589989595 0.424453709 -0.052904072 -0.684801055 3.777215858 7.390484117 4.962199601 6.257986028 3.113305827 5.184264060 4.836691396 4.408349186 3.251830652 1.072272030 -1.398889699 5.394887704 8.322205949 5.567172206 6.754266101 4.965230253 -0.446487888 7.640609711 7.883766100 5.548770349
-2.843295299 15.267609109 27.204440267 0.388196844 -0.100335539 -0.248131559 -0.881854137 3.439766129 8.108894092 6.254957460 -2.000430181 -1.171627743 3.916881445 6.905391998 6.420559450 4.386427939 7.160318328 -0.553364986 4.241513602 -1.313262600 5.542722247 2.167456109 3.450491510 5.683809311 2.696895821 -1.112161494 -0.330474149
-10.674185663 20.407347959 28.044478414 -0.547805708 0.688344240 0.017550594 -0.475166381 3.082551807 2.431013479 4.390682078 0.393189193 5.420557633 0.975309264 0.965117586 4.863190893 5.318255974 2.969060409 4.633397143 8.652098480 3.862671545 8.652822350 5.863007455 3.182970090 3.833115949 3.470987104 2.322911706 5.578348126
-8.973481819 13.997606480 22.963269547 0.022005119 0.188614570 0.902031963 -0.387657913 2.465931216 1.951126804 4.974413131 7.129822322 2.174008517 6.154853652 -1.721738553 4.303901681 1.715422519 1.227243922 1.238665241 3.680674922 0.780246584 6.858758509 0.709312024 1.544410156 0.143755193 6.799909295 2.907289033 3.809423909
-11.842476354 20.391033659 30.423238003 0.160555359 -0.437068316 -0.247223266 0.849749328 6.748529494 3.378649720 4.996872908 7.128220262 2.134938062 4.502479340 3.224156482 3.698743970 5.315395130 1.521405052 1.886849169 2.246223330 8.695049733 5.596627633 4.928311963 3.911375270 4.144857277 7.979407141 2.988062823 4.147815866
-3.113904307 19.523968361 24.967644433 0.722903576 0.111442908 0.215207409 0.647052293 12.096171505 8.134747117 1.246608408 6.760638634 1.208996360 2.667061197 0.332935379 3.637967804 7.130407689 0.798262346 6.258821754 4.703841174 9.169438050 4.493263523 6.908825299 0.033293940 9.387325798 6.150962066 5.197494064 5.083413381
-5.615197074 15.634864586 22.102264530 -0.487746087 0.697551787 0.242849686 0.465348568 5.627284030 6.625092948 8.443772599 5.396759117 8.211447598 3.998059370 4.206010143 2.225009543 6.661724447 7.681360412 5.505536403 4.735352189 2.465501827 0.771054408 5.678722199 0.359236755 2.681906919 1.585149842 3.713348911 1.436918258
-9.105426222 9.589696387 30.657915357 0.051414171 0.320491457 -0.369360503 -0.870755205 5.516634734 2.929722358 2.689918201 5.449750264 8.144129633 2.698627657 3.084800438 6.422156386 0.646183396 -0.638190679 4.970386762 -0.751359539 2.478930325 4.548075387 2.013816001 0.209373270 4.917880093 6.191913753 5.661390166 0.340603318
-0.798402817 21.565853313 32.319765626 -0.199626482 0.046440779 -0.846537484 0.491290963 8.250140044 2.920988741 2.084759689 0.909444513 3.321412845 3.410290955 5.600340608 1.285984930 4.248449990 0.707846675 3.719672992 10.669639998 5.721619765 2.197159627 7.410266973 -2.176880002 8.372571761 4.000623572 5.644767891 0.648528417
-9.458359269 10.944131546 27.775525422 -0.825144305 -0.251850136 -0.472962476 0.178927029 1.826612712 4.731024423 4.476880562 7.986979328 9.977615771 2.894801209 5.739329236 6.145547814 6.367201594 5.157681893 6.663527515 6.429156687 9.751782064 -3.387011918 2.664187469 7.829647312 6.412043298 -0.406129750 5.862131849 4.519206769
-6.509834490 21.015995640 30.587609327 0.638015606 -0.302034876 -0.689046563 0.164090997 1.154930276 2.968582840 4.252335099 7.446856988 6.380265960 2.031933869 3.723363714 -1.215209868 2.964107776 10.577888412 5.094815979 3.104112600 2.977950533 4.865006616 4.720601006 1.890020269 1.555872392 4.162781269 1.311035157 9.314374396
-11.492906817 20.899339928 33.490136541 0.777286789 -0.442162071 -0.294464069 0.337059137 7.119672757 2.560068373 6.417902120 4.373599354 6.905435374 7.765181479 1.927185707 4.694178322 -2.730064855 6.114497350 9.798539871 5.034942798 2.928861011 8.216542161 -0.187711852 -0.921462079 1.178891458 7.273735651 3.972157649 5.639986044
-8.066478556 21.697618705 25.176904463 -0.603204464 0.021200367 0.129744673 -0.786677341 0.785342229 2.102019181 1.990415585 3.325394312 6.008710665 3.444787481 2.482920963 -1.757880962 -1.739879869 1.052070535 11.103188249 1.181050570 5.978592907 -0.181553865 8.715744463 1.251917243 7.650696712 3.596015487 4.948594424 5.854243378
0.375989688 17.453287136 26.651903905 0.019711217 0.038117807 -0.329606774 0.943142553 5.334639656 3.560115168 -0.952885168 5.213236701 6.442137950 2.074901309 4.798143131 7.375443070 8.125467007 2.289803943 3.250446074 0.436219232 0.087021544 6.085210473 0.400026821 8.112142709 3.278210730 4.199606531 2.764970389 4.162036356
-8.256706804 23.171416517 28.805357852 0.074881986 0.159731466 -0.839616505 0.513734047 0.602720680 5.568716961 5.590577417 -1.944717711 -0.777733702 1.244824828 0.049184289 0.432305989 3.493617108 1.485047653 -2.214801054 4.139630633 1.690459180 0.908247208 4.173445588 3.248133318 1.428106157 7.196314814 3.007049054 4.102579284
-11.075367461 9.089387713 23.779024483 0.266051219 0.710601547 -0.169073339 0.629028136 1.439791933 4.813533273 0.797540480 4.695306890 2.818396000 6.729345334 8.268128057 1.477080316 4.458615093 5.077993080 5.112803467 3.649348742 2.410734932 9.944743559 8.292407580 -0.063071612 3.330823657 9.466787140 7.980648869 7.646406603
-15.639817129 18.743494083 30.936676203 0.508506890 -0.186205508 -0.813169891 -0.213314276 5.700109851 0.234303050 4.756342958 4.866177026 2.813932155 7.754079911 6.530684086 9.987920706 6.396219809 3.770088555 4.635751605 0.764364138 7.380663751 2.523551300 4.502486485 3.619742525 -0.526351573 4.284817439 -0.789339065 0.799749496
-0.565757885 9.810456335 33.888574946 -0.091793745 0.808933224 -0.400607583 0.420374252 7.988634858 8.787156177 6.281035443 2.017080337 8.158379644 5.477039731 2.726114012 -0.366986213 2.750170209 0.198595279 0.671782218 5.208561730 4.502277094 7.774494696 1.100270704 0.795223913 5.787783183 7.101459301 1.479211576 2.305521465
-3.193779191 9.843563599 23.952483400 0.222674242 0.743000923 -0.204190226 -0.597220363 5.924972746 4.194135819 10.284994740 1.610572307 3.822126482 3.035100653 4.835318317 1.300757636 4.070106537 5.274011659 3.451410365 5.458482806 5.278761854 4.898702403 3.815721187 5.248519298 6.113975739 3.716204800 2.759121577 8.302274517
-2.475704948 18.523704820 24.180781305 0.104893698 0.233763425 0.431156128 0.865133728 2.973835329 13.523621959 5.677387487 5.621721086 3.408249981 -2.419634273 3.441904339 4.481888042 2.408038650 11.392473135 1.906672390 4.950740177 4.728327666 3.660749491 5.264570387 -0.415437386 2.148483141 5.404606360 6.114054033 4.318781901
-7.270281255 20.017682557 28.181824772 0.053270217 -0.095613005 -0.426126970 0.898017952 4.376911142 0.522162181 0.218754938 3.466309654 11.395722774 2.312098155 2.162644931 3.513939572 3.196035933 4.584337140 3.060761331 9.087011697 -0.909464476 1.780111386 4.762470280 1.373484582 -0.015031763 6.548281699 -1.485393450 1.951517130
-9.676205877 18.947211875 22.883264578 0.137894949 0.730001662 -0.460281991 0.486027823 1.798980459 3.959778473 3.370271489 7.048388004 4.597593544 3.431177050 6.498788291 8.207892968 6.206906909 3.754536831 1.286901072 3.796365855 5.657745910 6.664398856 9.186321423 3.414963754 6.062197717 5.541614727 3.211673057 1.468009303
-13.957153829 13.063814355 35.801935580 -0.799111869 0.320981869 -0.306427469 -0.405577448 4.987859574 5.660854978 6.331712355 7.463798221 6.562697863 4.515173864 -1.635280469 3.558892410 3.940092246 1.050334465 3.602628916 4.473338978 2.956155220 3.567572417 2.598537693 5.666330711 5.776499855 5.298208678 2.226300070 -0.655075485
2.011600415 15.759849143 28.166265246 0.253605545 -0.687392376 -0.618519464 0.283918337 4.476633426 2.179076392 2.745358852 2.966276932 3.712278344 1.357786595 4.048064693 0.238453543 5.037701551 6.824511211 5.633034832 5.193658042 2.027685632 5.738520066 3.108721194 5.669647238 5.648447268 3.466039642 7.488124824 0.862125594
-13.052720888 12.517626468 22.383012085 -0.287572970 0.254795541 -0.548159680 -0.742901060 2.626073315 7.628013699 8.176976957 5.556186190 2.864944928 4.698073092 5.930447043 3.458485421 2.782403832 4.431758551 2.126823960 3.421333034 4.310180050 2.047403538 6.939284540 4.404666959 6.517907727 12.351796736 8.625690670 4.832782635
-8.602859344 8.677695560 25.486260679 -0.018361738 0.666710839 -0.652182100 0.360302668 0.145457132 10.916495965 3.038943415 5.181986120 8.202862172 4.916149906 -0.230166433 3.895520456 2.943893332 1.593922709 5.301178650 3.724333356 7.015954107 7.164716193 8.865689466 3.455956994 4.477586038 8.823765348 2.533659945 5.328389687
-10.325124820 6.458544336 27.418887271 -0.455873560 0.233137634 -0.858166753 0.037093999 6.731710185 1.441963229 9.671524603 8.015638255 4.322247807 3.867071174 2.787261198 1.219375867 3.059631761 3.695905791 8.623189620 1.150413096 5.473541128 7.715529731 2.960802854 3.938763649 0.365962836 4.651270604 8.795415315 0.907857300
-5.555830506 19.734147043 33.059673653 0.458924128 -0.181750396 0.073708323 0.866557858 3.274137872 4.541316548 3.863376286 5.128605309 4.738666955 -0.924322807 10.288931235 8.048156724 3.809378022 3.168718443 2.353551596 6.472270665 3.390461541 3.365868373 5.734425780 -0.538327645 5.473688088 3.113877364 6.225452310 5.609003309
-6.921491142 11.319306992 27.173389735 0.693912262 -0.638254138 -0.325917032 0.069967964 1.306054265 3.275422012 2.328688350 4.501701366 -0.742046808 6.033927366 6.541820885 4.890739978 4.367542707 -4.566265764 0.789941221 4.636856201 1.798736787 10.021404265 3.417825701 5.450645706 2.010113577 0.903428566 -1.048175080 4.439081649
-2.537449140 23.066680793 32.647662055 -0.532393269 -0.828353453 -0.167383762 0.048689226 8.391765359 0.080763951 1.673186976 4.597289404 4.665551877 7.628329289 9.249705412 4.424700152 3.295523915 4.000053497 4.697509377 6.072547936 9.299917777 3.568974004 3.812973578 1.365457538 3.491580415 6.358957199 6.727223448 7.380805654
-9.592887507 16.585697294 24.109701844 -0.537265154 -0.360251719 0.521758087 0.556177446 2.874569252 3.113801525 7.099039725 -1.202090464 5.807736605 3.007716605 5.826393455 5.329298222 3.646592043 6.866164148 4.092719959 -1.138289067 -1.379771331 3.255972385 0.065565021 -1.415396736 4.279836469 6.786197025 8.053231081 3.502051435
-9.558933841 13.301492550 28.171161286 0.623923042 0.602019919 0.374221201 0.329014509 3.644972550 5.571683876 6.176013931 6.771485958 -0.887740137 0.096427901 6.816201594 4.353852091 10.194528653 1.412758576 6.479978506 3.423100231 -0.160127120 -0.969828010 9.044858114 6.983974969 11.074699733 4.370345383 5.016131336 5.804245482
-0.254780595 9.983570930 27.133140200 -0.060425506 -0.689845219 0.696470016 0.188127211 1.587374128 -0.286799036 0.490176915 -0.453322989 9.708282689 6.412769333 -1.440872572 5.555020988 4.578628362 1.468332557 9.704192342 -2.282782031 6.306726476 3.392854744 4.772131861 6.622418073 0.153599998 6.430975442 5.852776429 5.508458737
-4.532628047 18.542815710 23.664103978 -0.358200507 -0.247214537 0.164094140 0.885240353 0.289824217 5.874338806 4.435130551 1.112896451 1.238215027 0.834449188 5.031366047 -1.416340304 8.531319511 1.598203037 5.571699065 6.075366334 8.273487578 2.942846333 3.463363416 5.737778596 4.219196819 2.763352764 3.666375234 0.612961743
-0.543138316 16.040277202 34.508765569 0.196200624 0.119186510 0.862947099 0.450135753 5.592157849 5.189025606 3.588822075 -0.699153190 6.145929953 5.384348711 8.339909625 -0.849230867 7.469810489 5.949606999 6.763217800 8.310970565 2.835012604 -1.619331543 10.773136093 1.544080295 4.841182279 -0.173344539 4.393479858 8.386231387
-10.193675941 17.124192962 20.801775521 0.105830146 0.433030844 0.545122973 -0.710017755 -2.098903734 3.482874313 2.466095958 3.018484252 4.778937705 7.784826889 8.114170043 8.228828121 7.003069313 6.110632300 -1.082454765 1.509144545 2.898935180 4.917265967 -0.248517938 11.705994351 5.328000005 3.390018937 8.732535534 7.776804703
-4.108980650 21.000882922 36.741394800 0.595326108 0.121892200 -0.734845487 0.301216245 4.341325694 2.458226324 5.556190516 1.942611495 1.930705272 2.086973475 7.024305868 -0.595540680 0.142854159 3.355096555 3.384161670 6.389965650 2.662120678 6.851763274 10.329789195 4.088240380 4.975554516 -0.825038993 4.585655535 1.871281747
-2.731944690 9.836254056 22.440320476 -0.834296914 -0.141455904 -0.406620547 -0.344381499 2.429395849 0.622058824 4.058999707 6.323159662 4.247294859 6.459304039 1.549320946 0.350294734 4.080897363 4.585402955 4.604963506 -0.329634365 5.451463821 5.917575993 7.491281472 4.550724521 4.457671450 2.657907915 5.332358874 7.119225021
-7.736547347 8.594812477 22.812846132 -0.210708060 0.239195869 0.609298048 -0.726046375 6.003492517 3.715574410 3.146868764 9.710600513 5.664884630 6.060003867 -0.278729820 4.348627485 6.676581373 4.204613572 8.250074474 3.558199176 9.207683709 6.803259594 0.859546432 9.290081757 4.497379921 4.231997641 2.297214102 1.741913790
-11.758127821 14.125353954 34.270447240 0.107294423 0.282368986 0.316313997 0.899278109 4.824283146 1.280527125 0.510949117 2.552770954 6.596609726 1.477518970 7.053259365 4.241359214 -0.152108878 2.299967090 1.011141014 4.377671776 6.031678718 -5.938283902 10.133662621 -2.340427073 0.390105920 8.459348046 -0.632282484 9.385033277
-3.050481237 21.248932395 33.714096134 -0.190940371 -0.953087963 0.010030471 -0.234658260 0.208913688 -0.696235475 3.425692099 5.690838914 3.420027108 0.742325825 5.405208676 5.198789832 7.221062095 7.723383890 7.968970894 3.371425732 7.580259216 2.906043768 8.399108561 2.073807802 7.328550407 4.024522672 0.267924625 2.076515148
-9.609887215 17.504247924 30.105579852 -0.281524132 -0.359421873 -0.097791534 0.884305884 4.503315283 9.020948411 4.162663464 3.963378590 0.896711917 4.433688365 5.877057866 3.014025754 12.964457603 1.818703785 0.152662791 6.513455398 0.981308137 4.724070418 3.013023563 5.020399234 7.177071056 0.285610940 -1.846145792 -0.369062269
-12.784680455 10.567325477 26.471104369 -0.016148461 -0.909991397 -0.129277222 -0.393627088 0.250319026 6.155168665 4.684793113 6.501913328 6.929074874 2.477605904 6.532075244 8.170699763 9.235210104 5.983418420 2.247207834 4.859439880 2.817334661 4.361100001 3.398835849 5.070253687 0.793491939 -0.002045479 5.877043089 6.452470587
-4.792659569 13.120556869 27.785227438 -0.781933209 0.087789017 0.517974894 0.335522807 7.478008978 2.376818166 3.936482247 4.582475488 3.367782728 7.194167191 3.444385920 5.352936249 6.936075202 8.574447077 7.612489525 4.551713932 5.468972095 9.065069429 -0.857075268 5.178358268 0.135210784 7.385042395 4.434618285 2.417894582
-0.803090713 17.002398158 36.272500232 -0.262940757 0.802161795 0.452403627 0.287627487 2.616683575 5.856537351 8.956957916 2.458965477 5.568903872 2.235697104 8.185809257 4.507675790 6.761857938 1.204219538 1.852364219 -0.854883447 -0.038377919 1.545475123 5.531646319 7.106356929 3.417652335 3.632640198 5.465876238 6.580075133
-4.910582679 18.090358788 38.268109687 0.808289838 -0.211011737 0.544465940 -0.075487906 3.169405126 0.844003200 4.568092930 -3.222833063 5.671151268 3.903003743 0.502485425 3.747647303 2.540960025 2.832172728 6.359160890 3.133172171 1.299928967 2.789457022 3.665645817 1.954706459 4.447306478 5.642443037 4.320885781 6.520298359
-8.311832999 24.339348759 28.093234048 0.125598960 -0.446720588 -0.195976461 0.863862746 3.793702913 8.789150648 5.170723958 5.084361567 1.428979713 4.222072594 7.733708937 -3.015680870 5.521237609 8.518422005 5.978620021 1.515103486 7.714706548 8.334606408 1.491931627 3.581804848 3.511359978 7.564164383 10.404752370 1.641784989
