-19.198191210 27.548841455 14.689692593 -0.199189646 0.759607626 -0.581065427 -0.213735138 4.241295358 5.468983492 -0.243122089 3.920332226 7.011204902 2.951916698 2.148624112 7.848756712 5.789186467 5.307184795 3.805320776 9.728736652 -0.490416731 7.305988716 5.723984618 3.762243661 0.286199128 8.625025960 5.667647663 4.627520535
-12.533052038 33.381686966 18.609644449 -0.038083443 0.046276862 -0.102736722 0.992901440 8.251517831 6.546592689 4.635473919 3.541726787 4.760776110 1.912038585 -0.064106586 5.304031368 3.933889015 2.153840841 -1.860153556 -3.073271628 2.072996797 2.216734915 6.471164308 5.987035906 1.371176766 7.465102501 3.405273378 5.670031198
-15.995865392 25.038155092 17.729241711 0.424955590 -0.484687784 -0.419109987 0.639403877 6.416657026 2.259063525 0.624806121 6.494765189 10.854505286 4.440399897 5.031587851 6.570572984 4.811212286 9.134541766 6.705696890 3.307041655 5.108004047 5.072128516 2.404632599 7.449750736 2.862651400 2.125215730 2.092743951 4.544699897
-14.826889579 31.944926413 13.376027614 -0.239662608 -0.622877037 0.635272607 -0.388606157 3.348947129 6.899366489 2.402003942 6.469155587 5.762696829 4.108907383 2.452937338 3.889934659 3.425932673 5.635059213 2.519072035 5.728505112 9.247508089 -0.201620437 0.166739177 7.504773935 5.716978748 2.234313945 9.727327732 4.771653317
-16.228483820 32.136386624 17.229325668 -0.642475107 -0.012075841 -0.509454009 0.572308067 3.707200082 4.469018632 5.420056282 2.483792114 5.876185448 -0.731211170 0.344278637 11.976107499 3.373153631 -0.647367705 4.464567127 2.992310682 2.627116486 5.764186891 1.251881338 3.612094546 7.616287385 4.718823282 2.993707345 4.029947072
-10.880707546 34.448819343 25.116343036 -0.925984358 -0.165797148 -0.220289787 -0.257947055 2.615966835 8.197066378 6.940071852 4.159691303 1.802181916 4.037589946 4.530757094 1.215883597 9.515347732 -5.445130143 -0.603839542 9.751280226 4.256374324 3.335047218 4.733736191 6.669899535 5.271771869 5.104219172 5.729765970 2.474392076
-17.635304955 22.457567848 28.142914811 -0.019606164 0.145718410 -0.262017671 -0.953796877 4.224648179 6.123348367 -1.205593268 3.910409120 1.170724245 -0.809234895 7.045118110 -0.817069008 10.097360513 9.304212937 5.147542620 6.194115917 0.770347434 -0.507962027 8.072536695 4.474336119 4.715307185 3.862733625 10.577140881 6.745692029
-17.741774659 28.208764833 25.976319697 0.129419998 -0.929763178 -0.175971102 -0.296352946 3.694068805 -0.549770595 7.744781630 6.134442064 6.461097473 7.134298526 2.504289074 6.192412631 4.810957417 -2.883344100 4.388418754 4.719547593 3.938731228 3.062691489 3.140783049 3.684348765 4.006533623 2.115340157 7.130816715 4.586741372
-5.532181453 32.844014609 22.079433328 -0.734386641 0.219453483 -0.232703714 -0.598636293 6.749835929 2.245463717 -0.201867927 1.260920103 2.309812241 5.565471362 5.822910147 3.060325329 5.723698404 6.626647931 4.180311203 6.189146801 6.085120891 -0.272405671 3.429014279 -0.800918659 13.000284512 7.411926613 8.806970755 -0.569133305
-15.872635258 33.874654202 17.725491764 -0.144282092 0.131695447 -0.386400449 -0.901406501 0.829606449 -0.292944912 6.372220808 4.889558453 6.439887047 5.206306340 7.413499050 3.780021433 3.487769059 3.264594947 7.802005411 1.803222327 5.559228581 5.638082816 1.640714891 4.199119958 4.720476131 8.006403677 6.213292758 5.036906596
-10.541058017 19.861297492 23.087162857 -0.171166080 -0.492470022 -0.669941329 0.528539560 2.312477753 5.041659995 1.172608971 3.385180685 6.583322434 1.360887324 3.285954740 3.709398174 1.861983298 0.409185799 5.676855480 6.726481870 4.470401662 2.798274053 2.010186320 2.961060280 3.057846970 -2.036899611 7.416233020 9.086234567
-14.174749318 27.627493503 30.677552276 -0.136172499 0.177024933 -0.715753878 0.661676363 4.500662282 0.978129858 4.181318820 7.322376077 3.924705343 0.390281720 5.657125687 3.241610197 2.411105208 2.005627560 8.459910036 6.067879547 9.171655883 2.379747582 4.360435256 7.342054313 3.904893200 3.619343852 3.495913223 -2.995561866
-8.830201482 27.501455890 27.294433305 -0.522675279 0.596828695 0.032914969 -0.607883761 4.506186871 10.117744100 4.435826199 6.941805974 7.160624327 5.896179796 1.300082015 5.761535946 6.493460215 3.689324967 3.968365447 3.214235993 2.790623246 5.753869277 -0.375403261 8.008752789 4.984035781 1.430948354 2.144947791 4.235650539
-12.911318258 25.781570623 24.633640616 0.534395177 0.249671653 -0.602964019 0.537140812 4.097359938 6.972224730 1.674716568 0.567585661 2.482482032 2.175533044 2.231151626 8.882858547 -3.917788085 3.755085714 -0.294488242 2.775955309 -0.512249985 -1.062245600 9.278478421 2.937874102 10.197814374 1.667868174 3.708329016 3.660315786
-5.514404487 24.688312064 19.357617805 0.950004539 -0.179498950 0.070158793 0.245660836 11.106628401 8.531821225 2.331438059 1.446781713 4.733561204 2.460203948 5.550103407 6.505624463 4.361594180 6.189664357 6.085443487 2.991314400 1.847748733 5.470935697 -0.030661039 0.005986234 5.511561728 3.602370536 4.120681970 7.578891906
-12.237534807 35.370868424 17.354172174 -0.348434255 0.317596767 0.095543584 -0.876696805 -2.712660174 -0.866493411 9.411297393 6.047549996 2.372103213 3.914677311 -0.300478102 4.513896923 1.857004546 4.622271011 7.219830487 3.009889331 2.895372597 8.934075083 1.150098865 2.671818671 2.891309194 4.658181897 4.770161352 5.794314647
-12.351050824 25.700853020 17.756610379 0.616225556 -0.755230052 0.145279592 0.169668714 0.363355028 2.179556097 3.103144839 6.234211808 10.402492776 6.101045426 -4.096858464 5.539135526 7.580575082 5.098648198 3.082445798 5.137657516 3.762568032 0.646466878 5.596253624 4.892783784 6.776649673 4.809769149 5.042153765 2.492888663
-18.258164651 27.257582278 15.211896048 -0.593370444 -0.594345040 0.160031658 -0.518705464 1.817345241 4.960466070 4.448217828 4.618158670 4.256297908 4.009091184 10.016978574 2.599895898 -0.644477362 7.066139116 4.273468691 3.053436571 6.236552256 5.491626496 11.657423900 2.514133973 8.238086674 0.524442662 -1.508670338 1.377915776
-12.622487289 18.859851205 25.927631722 0.738167495 0.595387903 -0.262787264 -0.177664989 4.984031958 0.203330504 4.081725980 3.398555919 8.800809737 0.302075182 7.493193200 0.474584811 5.303652174 0.494447119 8.541570641 4.237509069 5.809807747 4.083670085 5.202252138 -0.050481342 4.264197669 5.225432528 5.764956386 4.841939880
-16.768571371 20.796097623 21.474200834 0.301308247 -0.267840535 0.007111367 -0.915108855 1.736481475 2.776632509 8.831909978 1.561320437 5.002492478 6.552169311 -0.676840996 4.984075245 10.986993381 5.199952890 5.231013866 6.453407628 3.043009941 10.864540222 6.373569820 3.408187056 1.070407556 -0.837999494 4.539826347 1.688120329
-13.094317180 26.581208670 11.824108808 0.825902565 0.004672910 -0.314297780 -0.468059849 4.397824104 5.701605052 1.138585850 0.819916856 6.787379460 5.047671889 0.664684369 10.185664777 4.606405443 1.940423436 3.173987871 10.018245683 3.019416593 3.330820933 0.869426173 0.927174782 8.234942754 6.448906726 3.708391943 2.818315613
-11.563071686 23.914233903 30.500013084 0.264287560 -0.182344148 -0.821399274 -0.471387240 4.629952662 5.062851575 8.251049075 9.327836209 8.311535555 9.830228619 6.119722511 3.397833919 5.755635848 1.850065220 2.223070355 3.678868887 2.914434029 6.434775485 4.250845007 7.463761453 0.554996912 9.775565507 4.555044197 1.981482130
-15.104509959 21.954866599 25.586964999 -0.558180797 0.411085207 -0.315069905 -0.648208382 5.423881057 3.803007269 8.265911152 2.673010405 10.645719621 7.271877508 7.009811545 1.169331520 2.280145274 3.028509980 7.373715253 0.761601103 2.423913342 3.431563246 4.877565764 -1.175859438 6.129007881 3.778924425 3.017491695 0.571760410
-11.032851656 34.827242631 19.112913826 -0.300455583 -0.837907020 0.004465637 -0.455651541 6.342244209 4.770078896 0.156610949 -0.343782564 7.274952311 0.237456821 2.261660507 3.985753261 1.463635393 8.435499460 12.294001074 4.232592292 4.563240835 7.777519756 5.389667817 2.387988553 -0.454832732 4.699876913 5.162150861 7.012094946
-5.591587896 28.292046802 18.658437601 -0.775538667 0.082151543 0.035207842 -0.624941044 -2.131541253 9.428418502 11.504220151 6.206070624 4.258608935 2.035906864 2.569135808 3.177687328 2.615711501 1.086467777 6.427990116 4.923104800 4.877247550 4.931493300 6.293584861 4.951587553 0.562033016 1.832762627 5.736414790 4.541198959
-12.614151679 21.215614533 14.104210401 -0.281613212 -0.755488329 -0.267812914 0.527453909 6.277797143 3.759231650 -0.675065689 3.755435433 0.644381123 2.812289315 4.605229352 -0.121928708 5.223483455 3.637633799 3.197009293 1.457595539 -0.851541996 6.509245762 4.841019153 1.827973450 3.038543234 4.724795740 9.139408496 4.493254793
-8.416677143 30.880015322 23.758395710 0.114799549 0.958330931 0.090107834 0.245567646 2.151228304 -0.733251574 1.168391472 2.471596385 4.447041776 6.152771822 4.260638699 0.920433169 2.756114095 1.449808805 11.599034216 1.627187956 4.244871072 2.981417649 -1.983114441 0.605654872 4.235182965 5.739470740 -1.023729932 3.150385985
-19.022840599 22.702670511 26.282476600 0.110979646 -0.789253343 0.448169155 -0.404854402 2.142225805 7.619472611 5.703788329 8.402107954 2.757352875 8.197644922 -1.895448183 9.099042778 1.964444703 4.902755711 5.672674731 4.529611281 3.857949828 4.831796146 -4.100150480 -0.167281685 3.466525203 5.727990048 4.882643079 0.234965782
-13.543051861 28.768272453 29.962626746 0.377263515 -0.242367928 0.177893331 0.875947482 6.940417111 5.371061976 0.885033056 6.406773939 6.716325796 6.507610721 2.704180167 5.413128376 0.474190124 0.801299499 6.683807129 6.445701526 3.251370922 1.784380518 4.758939495 3.977042082 5.842805638 5.743125436 0.393915717 4.790953767
-7.548070319 28.300098777 15.830172271 0.101649898 -0.153476048 0.710733620 0.678947805 3.227566968 -0.433668949 5.749551208 9.385932118 5.292894361 4.863423657 -1.506606497 9.719970047 2.064454028 5.037897956 2.282223654 1.139808452 5.837987786 5.758161196 0.028777659 7.383601961 5.429886038 2.735381541 1.830363229 8.302510656
-16.429323163 33.874924351 25.594447448 -0.570495460 0.747042635 -0.335331521 0.063364047 2.094480978 3.092290391 1.751272558 3.210071535 5.544739395 3.864801453 5.503999013 1.170621877 4.332513922 1.090941430 10.783261537 1.776202525 6.971739571 5.415404683 -0.002474015 -1.595091683 3.993916209 2.757342163 6.637572872 4.815674495
-8.031052144 25.238683650 22.078830348 0.612465599 -0.199571143 -0.393988611 0.655614386 9.345370310 -0.867064848 1.980885208 8.970593156 -0.280730648 3.015171151 8.494584650 3.532615932 3.560076788 3.146931044 6.101596849 4.378619454 4.156988727 6.655090716 4.193293199 5.114720839 -0.893627664 7.494449726 4.842230436 -0.602108740
-15.607140709 21.161509423 15.148235657 0.341477218 -0.731533954 -0.273200767 0.523080036 6.943185938 0.475701668 6.353694335 3.277425062 10.927663171 4.073209091 8.627313013 -1.553011055 4.429719484 0.471145186 -0.039080957 4.481942437 2.714985249 10.054916116 -1.435814663 2.387285438 0.570726499 2.674590362 7.028699678 -0.398016751
-5.460885868 32.717373859 23.342233073 -0.137353478 0.607901580 -0.106882441 -0.774703708 2.334316902 3.439900318 1.411099686 4.860755872 -0.229212682 8.108206343 7.371490660 0.801310889 5.136574839 4.716431039 3.687964924 6.376501848 1.149962964 6.600652454 3.332311810 1.125937125 2.599630251 5.126187011 3.838031041 4.488848088
-20.597703621 30.357489957 23.553825310 0.308963828 0.485882955 0.761469164 0.297697528 4.530306783 3.793275690 -1.166546693 -0.207454802 4.576810347 4.747335653 2.154459922 6.096907222 4.094093188 7.210333332 -0.339084491 -2.806253603 7.311552890 5.780848664 6.203800114 3.474811938 3.350302303 2.071442369 5.648661080 2.392407478
-8.681545083 30.016758491 18.117364820 0.441168708 0.789899281 -0.411919498 -0.108404906 1.694112137 -1.474522617 2.676271347 4.296555584 4.317133165 4.881530215 3.195104261 -1.614980286 4.727722930 5.287824784 4.682225625 8.099671909 3.012763920 2.915856359 5.890097316 6.730613172 8.217102345 6.198095028 2.664018704 2.636364369
-14.125063391 19.638437040 16.784739554 -0.670148500 -0.669071541 0.231569251 0.222755345 2.720448348 8.593149355 4.174551980 5.046698323 3.208826745 -1.193628420 7.362018881 1.345219918 10.341035790 0.799274898 4.570973310 4.176006936 0.146641666 9.323324589 -0.661671196 4.487237133 0.613878196 4.081038127 3.280955159 3.844688719
-6.390479137 27.753240411 19.244754589 0.148420768 0.349258276 -0.813114479 0.441400924 1.749535949 6.226775846 5.641018742 8.663768679 2.880993150 5.692194001 -0.239341751 0.934260959 3.864866659 -2.698588336 5.849604180 1.045032245 4.142205037 3.627626419 3.394969268 3.803723713 6.592968462 4.202979711 2.237343390 0.399636324
-5.116187745 27.776534234 17.403001412 -0.054001331 0.309026978 -0.597179081 -0.738216315 5.084221372 4.575933315 6.019238877 6.318877621 4.018593984 5.002337619 4.450974636 3.220230472 5.937087480 4.096893649 5.753622262 4.783106898 4.967425376 -2.062795582 3.006884372 1.273265971 1.620534242 5.064147189 3.638647409 7.280406568
-5.098418615 30.751700148 23.035565714 0.807803024 0.350583525 0.430608452 -0.197792383 2.035983173 3.420819819 7.902619940 4.932281839 2.487866833 7.462663528 1.239682417 -1.596323250 -2.607276618 2.571784979 1.578158834 3.910682172 6.115820586 10.689532933 9.704450159 11.286866439 2.794268363 1.725311184 3.317720087 0.132937580
-18.050930863 25.011012252 13.530095028 0.405590160 0.731173626 0.480946003 -0.263766361 4.636584387 5.737856271 5.337890731 -1.739067787 4.305104263 7.231429453 6.089831494 -1.882002406 0.673460134 8.152583004 4.674380706 2.686461579 -3.477141398 6.382427664 0.073703810 4.069155545 3.980500009 0.705777797 6.229465303 5.823573508
-10.918651976 23.674389018 28.511441245 0.573317000 -0.480603863 -0.639338064 0.177691826 4.906060934 5.028979160 4.229381156 5.348501433 4.938044926 -0.241413803 1.937256431 2.066236356 4.356468387 7.731974853 6.490518371 6.267560815 3.229009219 0.433618116 8.191571981 3.918767965 4.889742274 8.841216216 2.894932759 5.423973564
-9.943708982 24.632125798 26.887440533 -0.688860271 -0.404121257 -0.600712855 -0.036077727 5.068954450 7.544555661 4.198575934 5.984557648 -0.491980710 -4.133494877 5.407481845 9.039785017 3.645592538 6.292777616 8.856124674 5.882190445 3.833263984 8.232401677 3.892211789 4.409078511 3.695151883 5.421679407 2.503277987 -1.655450141
-17.101890452 26.790911680 21.972227977 -0.712761995 0.437436791 0.545613903 0.054081993 2.448014224 1.961100215 10.084438244 4.257006540 7.344754943 3.681835077 3.582511421 0.250281185 4.003116089 8.212281600 1.086179682 1.414481084 -1.301943841 4.841383763 6.280969836 7.382439515 7.157863851 6.682409963 1.979406731 0.688306441
-15.454690209 30.198569681 13.190358290 -0.421865177 0.122505744 0.698080747 -0.565424960 8.355114909 7.864395204 4.056597940 6.145511036 1.373484866 2.983029996 4.724416151 -0.265821114 0.792306612 5.544717725 4.484046827 5.361575958 7.491606423 -2.343873778 2.967729698 4.582292497 2.163596353 6.666357066 4.715234716 1.466447726
-4.469438710 31.965256995 23.252850442 0.380212016 -0.398645900 -0.759817428 0.345250265 3.256293922 6.417790628 7.560799055 5.379785462 4.210050303 0.341298001 3.420434699 7.015901060 6.080780637 4.918467209 -0.710872098 3.712558540 8.177702855 7.158652904 3.422905313 -0.087213059 2.362856142 3.054473640 6.680986903 -1.769760559
-12.828102918 34.150933805 16.016880368 0.315671146 -0.675728186 -0.642497249 -0.175898922 3.462816803 3.602936148 2.675304851 2.188441290 4.956892720 1.703195024 -3.193319527 1.658352400 5.211829512 7.194291370 2.048334164 4.746245819 6.394682600 3.744274645 5.642567580 0.842988255 8.755640052 2.825706342 1.254125801 6.095443865
-11.860250375 22.483493857 24.897455381 -0.060414571 0.575049890 -0.516026053 0.631968999 5.748847950 2.987718618 -0.210343015 3.864167020 7.792204829 5.502394034 2.796294568 8.599321463 7.216692908 7.421631167 4.986308067 7.553980846 5.485890692 2.392747653 6.131092924 12.081012967 8.974990394 2.503025940 6.246138508 4.366761715
-8.240059161 24.892025781 15.387304792 0.111072477 0.319695404 0.763141960 0.550519847 4.128117041 5.969322805 -0.746150066 1.512362065 6.609582084 4.447185627 0.729001251 -2.681742162 5.402063067 4.093237036 -0.321975126 2.266683273 -1.028554474 6.589980346 5.250618966 0.116033311 4.568959612 5.853460461 7.823351286 4.343209058
-20.205524160 28.578907466 19.298753115 -0.369598886 0.315270845 0.254592535 -0.836171991 1.222099660 7.769011508 5.167453008 0.057498310 1.633493548 2.195634666 0.173790354 1.630909623 0.568653195 5.464985948 9.302609162 0.275124679 2.098328963 3.042674979 2.019898141 -0.004891231 5.737800206 2.919883367 5.261497559 1.988778150
-7.085911790 20.453061248 26.014370611 0.245855153 0.681896977 0.383832461 -0.572052793 4.360569207 5.670170271 2.467491350 8.370660006 1.932583804 3.968389495 3.792282453 5.683622906 0.147140875 5.894170348 4.894653512 4.652063974 1.018950388 4.755133427 4.307524390 5.007229971 2.665297499 2.946527510 5.311741320 3.063141024
-14.714334013 28.996542228 25.649822259 -0.403552191 -0.057839548 0.022953001 -0.912838088 2.132978499 10.526636263 4.729388716 0.096525177 2.960750527 5.987711345 9.496756346 6.099178069 -2.660983171 2.396563243 6.054478424 6.178552158 -0.395010975 4.002585042 1.236628531 3.762624802 7.488235348 3.985550861 9.138367930 -2.051700218
-6.078423144 22.746656368 26.016499002 0.121095786 0.092220725 0.318827013 0.935510815 -2.382089878 8.551976835 2.317752649 7.516150187 5.982676101 8.258462623 6.363619616 7.198471650 4.737144506 4.455781935 2.822753067 10.830251548 4.710495788 -2.056768218 4.930297092 10.161969731 5.971032867 1.644025730 5.633156832 2.890817735
-10.739520479 28.207363040 22.450835353 0.013104612 0.091867144 -0.220058385 -0.971062822 1.271812186 2.430288333 4.096396094 -2.506522925 1.282589668 3.921619692 4.672868826 3.572365891 10.620253967 3.285221049 1.776032669 5.686439711 3.692921000 7.899344290 4.711255652 3.633403171 1.053148046 5.728055026 3.680793653 1.204757593
-14.561778760 35.736394001 23.430822723 0.253789159 0.207892019 -0.925584180 0.188854169 2.818453075 5.401860542 -0.261954272 10.617440255 5.466816461 2.956517380 -0.319112953 8.637132852 6.308556696 4.551737679 5.051076237 6.190631488 7.297553596 10.426596320 0.425503704 2.043478764 2.146246563 9.327050046 4.941593244 3.979269970
-9.095977162 26.818138841 17.348324217 -0.129304878 0.412266613 -0.429567593 -0.792961645 8.766419291 5.468546216 2.554774093 -0.285649112 7.983475258 1.728587611 4.475710217 6.869447430 2.282483476 4.175654489 11.091170631 1.722784949 6.628377091 1.690449116 4.955396162 8.203353512 4.741475242 4.278659757 2.399188551 7.541080910
-13.836767236 30.670507585 29.698281978 0.506046592 -0.100846388 -0.856099520 0.028990769 4.280313614 6.871008868 3.129843982 1.412721910 2.699117031 -2.107530247 1.243511938 5.224160314 7.635142121 0.557817895 5.561848668 0.559739461 7.887343439 6.414629339 9.424204423 -1.088938377 2.724048561 2.065509640 3.528554845 4.523061922
-10.791866073 20.569278090 26.127647700 0.633593643 -0.323677027 0.679019674 -0.180899309 -0.051923219 6.407658333 -0.187681003 1.336583514 8.984302045 -0.199731855 6.256042943 3.129398878 3.431407144 6.882749656 -2.589086484 8.863264738 4.355704026 6.729412165 1.578516083 1.769819476 0.973915654 -0.975152470 9.727390214 8.374648240
-11.138821255 34.755357388 23.295735885 0.749223251 -0.418972447 -0.485148596 -0.166605670 7.510165289 3.648946314 2.291418183 6.869442984 5.058771990 4.061196414 3.646034566 1.965430627 -1.008581856 2.529139717 4.572915272 7.079437724 1.799882100 3.965883254 6.737932523 8.333831823 2.435091158 5.031436336 4.094832787 4.415796622
-9.267508521 31.247604495 15.201238272 0.656525813 -0.565980497 -0.466592481 -0.175873220 6.682723373 0.869806429 5.137797397 4.539139029 3.243511175 4.059187114 6.324590675 8.819058580 1.029092662 3.089972584 5.645597188 4.778747161 3.241404865 3.114862112 5.830086336 8.083796659 3.842324455 0.803715778 4.424600471 4.657692907
-10.937199294 28.493366363 22.414450360 -0.023891863 -0.616748225 -0.405489848 -0.674261662 3.589881900 1.531065983 9.525092192 1.120051762 1.776502456 3.421210512 1.823185320 4.952886182 4.349031500 3.886043285 2.341893419 -0.263463400 -2.930269281 0.738083110 4.300361104 7.490290087 0.248886787 5.697858441 4.332102670 -2.739154217
-14.021319198 22.638874740 24.197617186 -0.666375192 -0.413713631 -0.601797571 0.150415484 3.285408882 5.345330674 3.128274147 1.668660779 6.041018142 1.090541804 1.539431969 1.919297360 9.114038389 0.176259353 7.061373595 13.065891966 8.537317186 1.043935617 3.558533291 3.250249411 6.486325337 3.214657777 2.918968568 2.193101867
-11.963424482 25.283661708 15.812967706 0.762704831 -0.318878370 -0.121308779 0.549437991 5.108232510 5.591174880 1.908726284 4.346317441 1.028978514 4.272270194 1.586342481 1.790867991 4.577910993 2.275864733 5.637591582 0.055353394 7.171200540 5.479548154 9.033959318 3.474148476 -1.208996838 5.790849739 5.355262253 2.342991552
-14.486839312 25.000837691 15.166985415 -0.792419305 0.446038408 -0.383757019 0.160785368 6.930719379 -1.504984498 3.290397069 5.624764590 1.785020121 7.613203695 3.379402147 2.196079133 5.125699965 -1.172811929 6.425128391 0.110651226 -1.140588092 7.478872239 3.552821415 -0.101044461 2.895400194 1.694434381 2.837978579 3.255236250
-18.548854804 31.758553195 25.287659230 0.137845946 -0.560594417 0.219399603 -0.786508874 6.953170089 7.374963946 -2.236861224 4.771320544 3.863928855 5.420391603 3.244276172 0.597739704 1.765665003 -2.656438150 -1.485388416 -2.754269333 3.831379812 1.659742088 5.608715371 -0.144951265 8.231418430 1.304967379 3.779809159 0.765982449
-8.302867926 23.987532980 27.669303912 -0.354215347 -0.204874707 0.799102263 -0.440446835 1.050358555 6.171918065 5.132412198 2.887323260 7.985620824 5.448822803 7.115914361 5.902434537 -0.844267122 9.914662927 4.731376278 0.039445123 8.436306962 4.146707606 -2.060206502 3.422942499 4.476769659 3.316816500 -1.933865044 6.079210151
-3.446932677 25.118468252 24.213840072 -0.755265321 0.469721461 -0.432607972 -0.147602119 0.660870846 3.051347400 5.038136370 2.458666704 3.901245907 4.402520315 4.571015792 2.734465090 2.204134221 0.621458752 2.623248216 1.836761405 6.223882905 8.558089266 7.026879622 7.983108747 1.266001686 1.923505832 3.757206400 8.580766054
-14.254566732 25.290464198 23.994086231 0.540708934 0.179143824 0.680245301 -0.461310816 2.922304654 5.605480841 -2.211865209 3.194191185 4.215034474 3.541333418 1.729995850 6.188585159 1.492530221 1.480389611 3.138457839 6.900208723 -4.549510987 6.586672839 0.266837051 6.354065722 2.281498273 4.107605315 1.624106773 3.282823306
-5.495688043 21.740997698 25.441966051 0.328756932 -0.883786239 -0.086674610 -0.321447159 2.619331978 4.611371177 -2.326733626 5.490131562 3.414448040 7.894937741 -1.591364583 1.290308205 6.344965626 1.515591558 6.265355934 8.535890960 3.588235063 2.300948635 6.753063727 3.904869424 1.011030874 -5.333658309 6.868700834 8.862844077
-15.743385992 19.539221993 24.951830097 0.340405408 0.721538073 -0.599337360 -0.065587315 7.543736557 0.707374763 4.782443135 3.068890788 2.757904813 8.499497996 1.633297311 5.418391186 -1.085066087 -0.411105887 -1.159829482 0.491185834 2.531371814 6.284738732 7.725739777 1.464846792 4.453332701 11.732680102 1.497431873 7.790704908
-20.380045687 22.340978846 18.990809658 -0.251523614 0.223057701 0.160300915 0.928054282 -2.015578580 1.992936808 3.512417602 9.338200702 3.395923161 -0.524226200 -2.531584489 5.937241062 -0.300107429 5.668196383 6.267844985 2.464396141 5.538469958 3.672700349 8.721359159 2.624808128 0.206936784 5.691607302 6.993365833 3.836310641
-12.174679211 28.440762523 24.245464907 0.616717462 -0.287751350 -0.643770012 -0.349884131 -1.825337029 5.687025661 3.676397340 -0.777173055 2.076646719 3.231012925 3.618970543 5.059113600 7.259347626 6.353289814 7.003397253 3.134712901 5.635624753 6.757973928 8.171166509 4.801840383 6.698009591 7.739457053 4.918213984 3.321722378
-16.909757815 26.673564847 20.843380083 -0.154479893 0.710060680 0.628547688 -0.277268097 1.082015776 1.206773930 5.640348937 8.997107573 7.969862713 3.482208710 8.146958765 7.886198927 3.304205315 2.893692364 0.914004532 -2.723871263 1.940110644 10.431680338 3.800987642 10.222303326 4.836024620 6.381841480 1.108920822 2.270060581
-4.692025591 21.907658906 25.116051268 0.779847561 0.378192082 0.100415862 0.488595114 6.223477872 4.018495885 8.080664942 3.292771786 5.168107981 4.715182071 2.366684294 -0.882035193 5.921910287 9.481653322 2.559442472 -1.322217151 7.222231896 10.357207612 2.728275695 10.762626389 4.789168540 6.012618994 0.341141714 1.642300087
-12.189925126 18.466313115 22.701917515 -0.161761670 0.308157684 -0.198936895 -0.916131058 3.702117797 0.902331884 3.630995743 2.810546935 4.590024045 4.491859051 1.966650152 3.770291603 5.451348746 5.502579225 9.909189301 -0.231047662 3.840640166 4.985156153 5.890291478 1.813034345 4.573278471 5.701852232 3.131028653 -2.287220542
-4.956541753 27.371562349 16.359466730 0.519212766 0.560667935 -0.034101156 0.644132503 7.175447353 3.906378993 4.726752455 5.664445811 0.088853625 8.908278261 8.541819823 6.599696816 4.609694418 3.058290511 7.432478317 4.694611516 4.085451125 5.528676788 3.432757001 2.286422157 2.223392744 5.682564398 -0.422380474 5.347399937
-17.191513418 19.969559193 21.925112007 0.402755059 -0.663593957 0.524854004 0.349227285 4.516640595 8.318423326 2.905360326 4.707065005 12.112266272 2.346151096 10.422795062 2.777643002 6.727219715 4.672044462 -1.255976586 10.345764872 0.139806645 4.635481257 4.496036524 6.852390585 0.655048630 2.236618137 3.315433811 -3.280409314
-12.194364306 25.714979812 23.986719794 0.784231565 0.574902560 -0.213805885 -0.093567852 6.569450823 4.236716623 8.142775118 1.033152160 6.175968217 3.943227007 4.905765715 2.982657622 5.313962661 4.010398829 7.378934987 -1.711914001 -0.351527304 0.373081917 8.075283863 2.526407208 5.412138875 2.538154160 8.212401563 6.933315251
-11.992383364 24.538169421 12.563110419 0.365662837 -0.125566620 0.307984445 -0.869292411 3.681571181 9.149974426 3.250213707 3.164429996 0.858887798 2.230884975 1.693436918 2.986790630 -1.230636971 1.855675993 2.427362335 8.051741759 -0.499237523 6.997120607 0.310248938 6.567887690 3.810914081 3.325115867 5.671816277 -0.186203391
-12.044111098 27.028494808 20.705720158 -0.324243485 0.482700248 0.767038628 -0.271142723 6.381149597 6.744294607 4.286653022 4.627904737 7.257301874 7.962593870 4.016531200 7.969912137 3.247713146 -1.257006576 1.061745883 6.230990551 2.979447268 2.001342055 -0.629033591 8.988180543 6.129001750 4.114778015 6.804853537 -0.975199726
-13.085398075 20.895136310 24.469418757 -0.399380812 0.011656591 0.123292627 -0.908382089 5.194509663 2.682026735 5.033850814 8.607113371 7.445228016 0.495352767 1.899353171 4.585780779 1.733789730 2.117896104 -0.759354106 8.931032789 6.904725656 4.821950319 5.633081650 6.722411802 1.190092026 7.801123723 5.072260063 5.852213486
-13.546731845 27.333822977 27.383664047 0.434893490 0.615520685 0.082045404 -0.652127664 3.299812057 7.904581803 4.302136996 3.591833577 4.300683595 4.479316912 0.714478943 4.085824096 0.894432045 2.505296803 3.109546574 3.121720487 7.866982734 -1.299938508 3.603928183 4.962496141 5.231483434 2.974165083 4.855182224 7.185985319
-12.005322407 17.788248644 23.529617276 -0.224829503 0.757600836 -0.197843101 0.579957563 0.747271729 -0.411475544 9.641963339 3.679204259 4.273431708 4.218244889 8.934290762 6.846080923 6.454322722 1.446817580 8.051320432 0.416802356 1.428906144 1.107661347 2.173185342 -1.893775863 2.910879547 7.051044338 4.783454603 8.067582973
-14.341106309 20.239336151 28.302220379 0.012764712 -0.369452499 0.541286832 -0.755215518 7.284375418 4.438871298 7.698575625 4.791015454 5.172413007 4.063811340 1.106679714 2.696865517 2.484953345 10.647692062 3.274312756 4.515174094 8.612921440 5.354794530 0.913438800 5.579106461 0.124893217 2.382388647 3.069267794 3.647679335
-22.068796758 24.855962736 22.235044424 -0.315044593 -0.419427625 0.832801914 0.176828571 2.360342410 0.864409016 4.732855147 5.634827570 5.114818412 2.509207735 5.120741783 7.247450575 7.897005260 0.623006597 1.348311872 8.127121234 1.629860252 5.818011526 3.956810871 7.391634711 3.794602996 0.962305672 3.506477218 1.466487617
-14.065135616 23.062564220 15.905504878 -0.636597015 -0.600614491 0.317352981 0.365093903 -1.705816268 6.117908830 0.266135635 -0.438476690 2.808422219 4.950494026 3.953466632 3.603844708 0.786736360 3.150551057 3.670222069 5.354424343 4.830947899 3.745761410 8.749001209 3.089444143 5.247844344 3.345407304 0.768675611 2.251899888
-10.644053159 22.512817690 25.936262156 0.327855122 -0.283902560 -0.176473865 0.883610395 5.654093474 1.894724349 11.893017023 0.781595031 6.824897475 5.371283982 4.941138710 4.179982761 2.133456410 5.306775383 5.102840454 4.155097137 5.441209811 2.498388088 3.105230498 7.442295212 1.477741638 3.017724749 4.415380735 4.493475808
-12.810596042 32.522350420 24.115248126 0.128469594 0.882006662 0.035301117 0.452010667 6.463556352 5.332911801 9.428566995 5.616014060 2.957642766 1.222151371 3.872585033 2.033891041 1.899145530 -1.917417688 6.192784485 2.946984581 5.258777963 1.241841608 5.794165139 5.401569168 2.536393950 5.723084517 -0.452481009 8.139749857
-7.467434639 22.609441214 25.377459834 0.056469064 0.766754530 0.225638818 -0.598319196 1.951809733 7.827594042 4.374626284 3.742186046 -0.100901852 4.056522836 1.469122623 -0.018844147 4.848967076 7.132300442 7.277568728 0.609963128 2.434495384 3.473089478 7.853478531 9.116053245 2.630800479 5.982631397 2.662464530 2.013641709
-9.445782827 25.831031291 14.030328827 0.325612492 0.576973768 -0.056705038 -0.746901810 6.717750707 3.233381396 3.521210737 6.094530933 -1.576428573 5.008678102 3.780318319 5.333280707 6.329401865 -1.315046138 0.863133701 5.897931530 7.901937463 3.030754849 13.184179835 8.843959332 4.954685658 8.732762188 0.057102729 4.715320850
-11.031243894 22.698152792 16.314382927 -0.002675258 0.219782513 0.581362275 0.783394151 9.658706767 6.661207277 7.827098713 1.022364100 2.228735339 0.461739782 3.754689212 5.699881471 -2.000372193 4.505730633 -0.737343197 7.377972562 2.574087695 5.341913174 1.725562441 3.147339673 6.076217833 7.774757791 1.890905026 5.088973336
-14.781804847 33.272841313 26.504032951 -0.113748371 -0.363485769 0.924361880 -0.022237764 -1.750862080 1.695352222 0.860272912 3.875301494 1.567653794 -0.347372194 4.399956331 6.071722834 5.182737067 1.385424509 4.711966400 5.129071748 4.523040880 -2.216743328 4.339812312 3.977192701 9.192724596 -1.712859303 -2.560075784 6.068529093
-13.909737692 20.402268694 23.404936191 -0.638411939 0.303670057 -0.305049500 -0.638090507 6.726659530 1.600923322 -0.495209296 -0.271248239 3.955862681 4.474188227 5.145790341 8.275380126 0.005410142 4.133273837 5.256644271 3.649665294 2.167739505 8.728799379 -0.278835736 1.409740377 8.812864787 1.789530593 4.000892919 4.527752574
-16.425469294 21.171988208 22.793766485 -0.573875333 0.341712708 0.736523016 -0.106926963 3.223765789 2.968761621 5.043055710 10.107061352 2.394135102 7.299123237 -0.138051151 4.072572150 0.449049051 5.279551405 6.200149549 4.702498301 1.681681791 3.469845644 0.992073111 6.542118384 6.701329848 3.248265170 2.844272876 8.109612250
-14.978069181 23.489674928 27.679151158 0.679917163 -0.215124517 0.587122740 -0.383041749 6.155165486 8.620619029 1.322886423 3.132384105 4.061942018 -1.337757533 8.115513791 1.790367395 6.677355261 3.236326618 7.173390998 7.393278297 6.111613035 0.205316474 2.018854236 4.624200698 -1.026531376 5.906510610 5.083235778 3.133205929
-10.476915215 20.982416312 24.478387469 -0.810626742 0.317376870 0.319950213 -0.373882425 2.970973331 -5.294715955 4.118773694 -5.406468560 6.227633952 2.681048045 4.711182570 3.095829841 1.766280272 -0.187784726 6.054501728 8.767053273 0.268851476 11.291628595 6.474585854 1.185093868 1.588173284 -1.492405967 7.570675491 4.784238387
-6.427713730 18.588244377 19.812558709 0.506249854 0.086820949 -0.421353202 0.747418682 6.156714580 5.404355579 1.775204262 7.424112396 6.833757171 2.280206559 3.372340834 0.910986483 7.744176657 6.992315808 2.516442992 3.364873265 3.527161778 5.836657669 6.578721607 3.241300889 7.484209421 3.764046403 -0.655353343 -1.483921172
-10.369233943 33.104786976 27.128128872 0.173270056 -0.228187387 -0.201638795 -0.936616144 1.531526153 6.469840830 5.073930824 8.583681075 5.286146155 8.133723902 7.747810434 1.817121596 2.325144147 4.478097787 4.712098449 5.106857519 6.654104291 3.651020816 7.375131618 3.569553276 2.068637404 5.403530521 2.180390047 2.613355978
-16.257546531 23.639356541 28.312617348 0.392070369 -0.415026475 -0.738384334 0.358918411 1.066309409 4.677227487 3.731394421 -0.064603429 8.988879513 1.637154913 4.620466355 9.106065915 6.343941149 0.860990596 2.986692166 8.127966196 7.786527140 -0.392992108 2.409162554 5.764762731 5.901407972 6.308258450 7.520452615 4.033039495
-17.855862745 30.153053689 22.669605524 -0.376705276 -0.281945961 0.611854184 -0.635794045 3.750641277 4.873914467 7.467165372 4.981192499 3.344322813 -2.020492153 0.924118963 9.235917531 6.608896635 5.042333293 5.914022567 0.633409789 2.538961792 7.862220786 8.698183129 7.362464894 5.119740385 1.258716972 4.182870437 2.975134867
-6.009647780 27.061113479 26.963622953 0.361132933 -0.533303549 -0.020432997 0.764691325 6.152622928 3.655055745 6.207028870 4.829077259 -0.555248134 8.867311232 6.872360122 6.666448929 6.552803457 3.114302840 3.452211292 0.224121602 -2.541343497 3.848236857 7.816650380 0.351965985 5.985584904 0.423402701 7.340271635 7.169687706
-10.077562303 29.103497963 13.634886073 0.068976285 -0.964368588 -0.028982032 -0.253762765 2.492169154 6.913093659 10.438097132 -2.611937172 5.788958131 4.209975715 5.795748342 4.388085586 -0.689107500 7.832953045 6.436578757 -3.065593357 -0.862648056 5.850002393 0.929802732 7.341556836 4.041503048 3.433452270 5.025328689 1.346309559
-20.632002284 28.921688427 20.688997388 0.633667636 -0.019507321 -0.082857182 -0.768907978 5.291556545 4.931000367 2.319552491 7.600451954 1.464633369 -0.631787123 4.595587196 0.322308168 3.326126134 1.981889828 1.688371735 4.484333841 7.458508326 5.330269001 11.170635206 3.744524803 4.877490268 4.930455019 4.994762300 7.009560639
-7.976990174 26.216134230 12.636617035 -0.405553640 0.633909362 0.486738442 -0.443588610 9.311277205 2.540270201 1.923365159 6.482429552 -0.069064805 4.932683430 6.148308148 8.805218708 -0.536740335 6.295602002 5.800062801 5.195148301 7.062339247 6.863618408 6.216551249 2.249983768 -2.282340799 2.516345832 4.694685781 4.358970844
-13.182334125 26.775101663 27.754955258 0.013143473 0.435182723 0.806516643 0.399967688 10.133332545 5.429852531 -0.218174954 4.606371920 4.164141188 3.935177476 1.281332276 9.333511357 3.825745343 2.437248718 6.384526123 6.617660811 3.568022976 4.802590681 8.348387798 0.626585356 8.428743657 0.675442236 3.262648206 2.055769601
-16.671477011 27.455710440 24.393403610 0.070940240 0.042550484 -0.848039758 -0.523436250 3.513130204 5.483989366 2.110890874 4.466199282 2.963885489 4.240307757 4.505818770 5.753866264 5.067674291 7.552451259 6.259073692 5.033051383 3.468652293 5.131406168 1.316275032 5.414185667 5.003123065 5.740928498 7.232203352 6.131220815
-16.788274070 26.046851719 25.937552168 -0.124789029 0.805649604 -0.579070639 0.005797289 -0.126266698 4.948761875 2.910761156 3.502635972 4.654424757 5.327803501 7.214273095 2.231024059 2.256801527 2.924058344 3.450720914 2.764684267 1.984274705 5.116290901 4.741839449 8.425664836 6.542660617 6.537474804 4.304846331 -2.862343308
-9.741405660 33.183903599 18.428133764 -0.557411561 -0.745340457 -0.079631108 0.356957759 9.664143958 5.411289199 7.850747214 -1.529539252 4.552614493 10.904634709 3.657374508 4.617281927 0.323076870 5.645968401 9.186217402 0.776018086 4.974979085 5.541398807 0.320374681 8.863665188 2.492321140 5.621185750 4.819596870 0.292342329
-15.956055318 34.646212233 20.189196719 0.234056199 0.093975824 -0.946660687 0.200548707 6.785321592 10.383098321 8.321444575 5.417291903 2.303273831 2.844385329 0.368924422 2.566553370 4.945049271 5.562306665 5.362220048 7.237467404 -0.180938376 6.385683850 3.408687299 3.561344007 4.563271831 1.276377757 2.262281289 0.760877962
-15.659559357 19.996028920 21.588385619 0.471767594 0.305839741 0.669919928 0.484875943 6.669978986 4.323663502 3.802312968 2.863082661 6.418524335 10.554063226 0.516165648 4.556084841 1.304167801 3.601735838 2.479571631 5.597008590 2.839475602 5.806885813 6.317845018 4.664637930 4.788562771 0.595855523 7.835166648 3.558891264
-6.980502985 22.369489361 22.230021347 0.138344813 -0.636300736 -0.724048509 0.227455143 2.108418207 5.495567954 5.999968491 8.790138603 3.328559648 5.087092925 3.181298541 2.763459733 2.737254125 6.764966443 8.246359324 2.224397681 9.052184891 7.208125774 1.569774338 3.586406422 3.115296421 0.444372153 2.869239930 2.801596229
-4.731618776 28.771837958 15.670487038 0.571404888 -0.573098254 0.300639593 0.504649066 3.797881258 5.109904245 3.054197348 7.014742611 7.663937816 1.542743532 1.986731297 5.014428527 0.055782101 7.683199469 6.686535380 9.339803131 5.235243703 4.325827263 5.110052243 -0.453414105 7.241548288 4.338106485 6.735483942 5.033774870
-17.368844833 29.137805491 28.549648207 -0.494309752 -0.326646808 0.663119481 0.457419158 1.320741760 6.968275290 3.432145143 3.379644284 0.451559689 -3.111452144 6.705396336 1.775471915 1.917532407 8.919635857 10.694236987 -1.206160334 3.873961538 8.543992588 3.156172898 5.332641974 7.895715360 7.574411439 1.556052458 5.250118486
-11.312840925 22.949883720 27.644954339 -0.017797375 -0.320009331 -0.088851714 -0.943070864 6.755440102 0.785450024 4.599238099 0.571642611 1.898554468 0.534526022 6.767975842 7.593820100 -0.192645305 4.426387208 1.802901917 4.527702586 5.323489272 5.693043223 0.160213979 8.742959135 5.257440961 2.079527129 -4.099002531 8.427193128
-21.149286636 22.566969244 22.266270712 -0.321853607 0.440734744 0.740398766 -0.392393691 5.480451868 4.918004785 1.051922915 -0.945118981 6.121598735 5.488817180 3.754742816 3.499573028 4.126227180 8.137055476 3.284126872 7.546482147 3.724156834 4.587229745 8.042442267 1.373236988 6.596009985 4.558470586 1.938996982 1.938753222
-19.776996097 24.028731437 23.548408046 0.648947452 0.542105618 0.487763729 0.216968309 2.989249483 4.728475278 0.139993863 -1.268061523 -1.496856336 7.624716791 4.151078997 2.618094319 1.281998698 5.674436103 7.395191279 2.687646919 7.174708014 6.124783451 -0.146327581 6.147795044 8.050598487 -1.587061777 -2.198997199 3.168993309
-5.395631143 25.455105866 18.899950736 0.585969552 0.235127764 -0.063355019 -0.772878232 2.586473179 3.630150613 3.768602962 6.155559098 3.113006392 7.964059396 -0.115797183 3.059502277 -4.903917731 9.585621103 8.617525014 -2.010010399 1.660191070 0.078804755 2.183362945 9.854525139 -2.387204255 2.632189472 1.372397935 3.700980950
-10.336169921 29.914793981 25.912627236 -0.443662322 0.099673701 -0.327255923 -0.828331128 -4.989797450 -0.509714922 5.051880319 6.597886485 -0.909800339 0.089866694 3.693739761 3.498250212 6.697560015 5.485067014 9.556011995 1.636997404 1.885389457 9.485996774 4.276984454 0.954045240 2.196883903 2.619587897 2.119062292 1.625799596
-8.187848941 26.461169791 17.731239824 0.566283296 -0.079982122 0.195044402 -0.796795940 1.815619898 4.612462583 2.663193327 3.543996287 0.591471924 2.128103772 -2.234173666 6.409649111 1.334152117 5.411759959 -0.137541170 6.574656649 -2.817252525 1.985829096 4.807451981 2.280554432 6.825921301 1.634845870 -2.222194619 9.210529052
-15.092755913 23.796119364 16.808928961 0.009078606 0.140162029 -0.980714979 0.135905539 4.513123763 3.756442168 2.043424989 6.935582724 3.252444868 8.189574170 10.987382221 4.297312970 1.819747654 0.723934357 4.803763130 11.088960358 8.541210812 5.667664413 5.995710725 1.630720825 2.667657048 2.609800591 3.025830365 4.870143131
-16.539386454 34.873818275 22.796388672 0.203848753 0.141479535 0.811413131 -0.529186128 6.862460328 5.500636009 3.514550407 9.219598418 6.626287239 8.183580256 4.111547374 0.311455546 -0.060326509 3.247412197 9.985513416 4.870033026 0.975604882 5.694001635 10.381544875 3.239668989 1.914157114 12.254864064 0.470481204 4.579337784
-12.586987932 26.895056928 12.327148352 0.474497641 0.307649735 -0.713202242 0.414181352 4.231936447 1.715081578 5.333106745 2.594037590 5.574090616 1.216516727 4.231591526 8.423833311 3.146302872 5.900728910 4.078587742 3.891858411 8.350355061 -0.222487414 5.227363389 2.705671010 4.845041001 3.206001677 2.749921698 1.916660561
-4.830443863 22.255955183 18.416411678 0.317195230 -0.903704954 0.176050858 -0.227399732 5.010537535 4.662488210 9.484320695 7.235302526 -0.556271910 3.072003029 5.474819730 3.464997839 2.667436683 2.142477847 3.934157348 9.284508783 2.241264069 5.256081150 7.660581740 5.355489567 3.876651961 8.554610794 4.737583899 7.801807765
-15.047587076 24.428194973 14.257463733 -0.529466431 0.181326591 0.549382199 -0.620455611 5.340409477 6.522485003 2.410479224 3.407508798 2.803870530 5.091602745 4.766685614 4.946285752 0.458522580 5.459320750 4.428697911 9.120420406 3.451797191 0.015811947 0.866319383 4.289650816 6.203467319 1.058330765 2.118659467 1.484494102
-9.910290960 33.269368173 24.710478598 0.120955550 0.446197455 -0.481972060 -0.744298676 8.170396562 4.005886912 4.429965711 1.845889809 -2.792564649 2.279070820 10.647207038 0.541555251 8.616589897 2.927619814 2.566376851 4.074871104 3.214505773 5.404455547 7.237341797 9.189623258 7.344775007 6.805424665 4.041819258 2.651501671
-8.963521070 29.778102583 20.027535494 0.395235167 0.856618658 0.162136744 -0.289318707 5.644498250 0.421237485 2.610052164 3.506155318 2.391278292 2.226881020 0.628523606 2.952451718 -0.056240696 1.492605723 7.596212127 0.954991705 3.253851279 2.579039737 6.503138699 -0.594788231 3.367631452 3.823199568 1.409784923 -0.351762917
-14.513109800 30.126086273 16.869795561 0.267120680 -0.345738492 0.445069196 -0.781680784 6.149343235 9.036499615 3.802468929 4.026994275 3.189268142 5.843769427 4.959201229 7.370337253 2.243559467 4.498798027 6.045756617 3.362131600 -2.804079422 3.340713578 3.433121668 3.778258110 -1.611699732 -2.970438949 8.562394228 4.040819312
-19.923188487 28.151991687 24.618579269 0.629696291 -0.178289368 -0.732291047 -0.188269234 4.934592012 4.498454475 6.627021503 -1.917581336 2.169661390 -1.923175524 0.402604137 7.504524805 1.591030052 4.318875523 3.459290857 4.967375916 0.787507235 3.082243575 9.393966424 6.103086832 6.736072122 6.627678591 5.809126436 3.594687066
-7.540003415 22.898764920 17.120508316 0.733818476 0.032019837 0.014164758 -0.678442728 -0.791470327 6.910160897 -1.021948784 4.189653122 2.354160073 -1.307178471 4.640426532 7.723949463 4.323084195 9.310200190 2.517873334 4.438119597 0.187004560 4.688080488 4.004828251 7.834800456 2.728005552 4.810292599 4.081004975 5.823208393
-6.129628192 24.357120511 25.805744304 -0.115964233 0.288672466 -0.859196320 0.406204612 4.944797574 3.427897421 8.203856715 4.549319471 3.433813207 5.233218205 0.771788632 2.112859442 5.467136130 5.778054115 -0.776764689 5.843532889 5.446446080 6.735968771 11.167742368 2.623162815 0.185267895 1.433719362 4.207616930 4.991302030
-7.919049602 32.523234636 21.173347920 -0.413853862 -0.700745664 -0.139011290 -0.564230766 11.588926521 5.698591805 7.271470079 9.951306269 1.765965594 4.416032149 3.711267613 5.215456119 1.452665372 4.950635896 9.557573150 2.831665961 7.141972257 -1.370694676 1.009802810 5.668062591 2.433699195 6.569266668 2.927146047 4.927601483
-8.159052704 29.949123433 20.689291334 -0.539825576 -0.563022145 0.624413329 -0.041260226 -2.417076269 4.665885434 8.135633838 -1.822158743 5.766731869 4.269344150 8.250595164 3.998632480 1.998207062 1.712383755 3.502733720 5.234239864 7.247646599 2.015173235 5.010113461 0.828687290 0.390813198 2.550707449 6.937763819 5.875445382
-17.971319874 28.409937933 16.683449330 0.227473245 -0.389855127 -0.158975203 0.878063658 6.371481171 0.575180230 4.853552364 6.486330437 2.814952299 4.808086699 2.273456365 5.115697554 6.894831018 2.453042005 7.421126348 0.268922560 -0.130910172 5.575155965 0.905252026 3.172458514 0.563406047 6.899613316 -0.408987543 3.850003674
-11.214768782 18.756333630 24.765706307 0.987319479 -0.151308645 -0.041732708 0.023755434 1.645170914 5.456365061 -0.919310310 3.991308595 1.077849497 -0.636311478 6.921755386 2.340124114 5.041955763 6.883263134 4.780548667 4.058522726 1.319286458 15.332632543 2.537461321 3.775300684 2.568408557 1.778498843 4.226427671 1.746537557
-11.366634021 22.180578086 18.040768148 -0.479689748 0.314449184 0.789453265 0.218593229 8.173081748 -1.908894615 6.642784217 4.688297596 5.246642483 7.095637332 3.196546801 4.285772835 6.413325649 -1.385121391 3.264980402 2.343820551 5.089893758 1.616163845 3.244940821 6.344905565 4.962447423 4.776774198 6.358231773 6.600642142
-16.279313984 30.546040415 26.772430468 0.196562612 -0.098709250 -0.712285255 -0.666535325 2.443599839 0.054209684 1.516342319 5.222993925 4.207533552 5.653591857 5.542117371 5.806724911 5.515593761 7.048279595 5.119373531 10.428157691 4.723873569 8.235262555 4.306311221 9.004051007 6.699546410 1.230392529 0.298831117 5.328009157
-11.928560515 33.439097418 20.485933641 -0.413442908 0.744302793 0.497037790 0.167426847 6.840544599 2.395794892 8.753089291 4.146257160 3.265534593 5.197920681 9.566130474 3.759757362 3.853949465 3.436716212 3.871977867 2.963062429 4.986782208 4.158793136 2.758328088 5.926170222 5.043027228 4.002382275 4.024363250 4.147776743
-9.372493571 33.524011161 14.978263027 -0.847191763 0.418536863 -0.269260958 0.185988029 6.546551914 7.567419365 -0.252537737 2.166732168 8.073067284 8.396003585 2.748469918 3.969327981 6.611357078 3.648069061 -0.796280641 9.133351733 -0.174912598 3.300105577 5.984439202 5.786068794 5.878675513 4.933900584 6.952740472 4.190915965
-9.366896853 28.834254529 28.495896877 -0.193022912 -0.718630552 0.211508253 -0.633700674 6.576849597 3.245218402 5.024068743 4.693716732 -0.354980601 7.498015295 8.894694813 3.327345196 7.708714271 4.825601798 3.088062299 3.973546232 8.107830565 3.188986168 2.742189500 0.625159466 2.197287595 3.561561093 -0.077189302 4.015713500
-5.801672228 25.946913144 22.074803967 -0.645324729 -0.709935188 -0.081062440 0.270142376 0.104071036 4.684462973 8.018875943 5.400346095 6.486557693 3.207079588 -1.351459104 7.369829567 6.369659867 -2.736853205 -0.719338658 -0.121795154 7.153288830 3.883036608 8.073196626 -0.728238416 4.916668048 -2.177592998 6.709367523 7.467111599
-16.224196055 30.106009865 28.745017189 0.097552041 -0.691648484 -0.495931651 -0.515904809 6.255398883 1.888337335 1.631677856 -0.930286089 2.342699716 -2.016319707 3.726641453 2.950812908 5.310570766 6.869508010 4.453756861 0.467180578 3.472806381 2.763584488 2.720768665 2.026437122 5.477455159 4.924154596 0.850098541 4.602097129
-13.730113944 25.039335303 26.670737176 0.666649875 -0.186093727 -0.481039820 -0.538096423 5.813739772 1.636094472 5.746021336 10.262532861 6.950372766 4.294937911 4.272223584 7.986442518 0.106814901 3.795596238 7.103456225 2.327084949 3.301936471 7.311238468 2.166228079 1.822946764 5.372409374 8.694905601 3.808745127 5.190306535
-19.420791150 20.287499692 21.257387142 0.118517681 0.936120154 0.289373091 0.160921817 1.293435236 2.865638801 4.665298505 5.279146727 6.047231524 4.081460416 1.972356211 6.147721308 0.265473921 4.461786648 3.900124396 3.354861546 6.583471610 3.459982705 5.708167028 2.168293288 3.496990938 7.748156700 3.128465796 3.430854825
-5.769746678 24.096655884 22.157819940 -0.125423053 0.885896535 -0.429324479 -0.123032021 1.332133114 6.571516526 2.013812033 5.740695434 5.856075653 0.284044802 7.564558405 1.347532811 1.734034532 5.211448764 5.627296370 2.300742159 5.769360916 8.963900638 9.984580682 -0.359629137 6.766157364 6.057247805 3.939306105 4.909093781
-6.603383992 28.783213451 23.774856076 0.025137143 -0.493478775 -0.404498408 -0.769563422 7.446808847 2.708807937 3.045137547 2.868226429 8.975650514 4.990991702 6.348927350 1.985107325 2.426765824 3.164046174 5.992361137 4.099984319 2.915509289 5.308884385 9.691301092 0.389372641 6.101244317 2.591175398 4.651803331 4.491137727
-16.458916020 27.594862324 18.886365221 -0.422096741 0.007498219 0.221038645 0.879158709 5.264003255 -2.010540519 5.073830630 6.654879545 5.208408578 2.703930478 3.604772770 1.953526149 3.387429685 6.458433854 7.884718418 6.722103011 2.362256252 4.235225559 0.992447402 2.090780708 5.074144683 -1.758299439 3.599595349 2.124193052
-13.620759260 34.542967766 15.495168745 0.312624314 0.592663609 -0.595501666 -0.443163234 -3.571820800 8.660665570 7.077465881 4.467251265 1.279440274 -2.775864432 4.960793757 6.868492468 6.059577789 7.646662358 5.389760098 6.338347225 5.267547698 0.880115224 0.672864563 -1.818811504 -1.324862411 3.930117261 6.131465758 4.229223226
-15.098376418 24.622911640 23.715445152 0.764463269 0.321503337 -0.531565148 0.172249841 -1.375197384 7.672530484 2.212717398 1.372739225 2.455313548 1.908650654 5.242399965 0.358534027 3.315334291 4.948681379 7.086601344 0.909358474 -1.202715206 3.035424825 3.052313190 6.097132133 4.674127170 2.276926543 2.941940112 6.721358800
-14.841031455 33.041253542 23.978131932 -0.368634824 -0.658354266 -0.584849365 0.297706646 9.215342525 7.064826265 0.806253659 2.227853480 1.988740604 7.170930173 8.357236214 -5.729465257 6.616659020 7.607337446 6.723185383 -1.726451370 3.316601917 -1.327289525 1.098327100 5.857623926 8.091585021 10.668143244 6.215495285 6.829089294
-18.658127750 30.800609101 16.306561767 0.205909254 -0.411268532 0.711974569 0.530614536 4.573742337 0.856847243 3.639842949 1.189549004 9.470657484 3.709214846 3.608985723 2.035182165 5.359327409 6.711777352 -0.589121285 -1.989986703 4.912643631 7.633324467 6.611791837 3.588696135 10.937780470 8.227002981 7.267716212 3.740005573
-7.547206475 23.126955934 23.196422328 -0.786845911 -0.016477683 0.551320576 -0.276853067 8.046462017 9.008192246 11.451585084 3.679078060 1.304783372 -1.860042905 7.193699654 -0.140520351 3.592976690 5.720425298 -0.513312646 4.152729140 6.687189543 4.064132107 7.809809711 5.024327493 4.866308485 -0.496193570 6.419902996 2.732094346
-7.593524945 26.849369282 29.655160820 -0.640010278 0.594108846 -0.480186871 0.082716943 2.153821009 5.142633802 3.572003574 8.381546013 2.311271413 6.364741160 6.974865039 3.829040970 5.728918436 2.364066265 8.506018099 0.862815353 -2.738250739 0.362037773 0.572931314 6.613187882 4.494215109 4.074260901 0.548659265 4.044733371
-14.396130748 18.342895406 16.310095141 0.299724287 -0.892173210 -0.128360234 0.312595530 4.426319366 4.911123063 1.365930843 2.406675205 2.974201640 7.685636950 8.769066508 4.270786687 6.885503777 1.055546997 3.556606365 7.389707801 9.423098885 6.368199188 2.674164117 2.460222151 0.097039475 6.246462141 4.476900981 6.612997204
-18.091922384 28.579657772 19.460949271 -0.762169868 -0.110267295 0.400036839 0.496899128 4.066215376 4.876929624 6.377522662 5.580219755 -0.276248753 2.746298160 8.597998729 4.751408681 0.040840640 6.908081684 0.351650074 7.527518580 2.196831094 -0.501981591 3.162910019 -0.760397668 0.747990462 1.167813201 4.739076335 9.043684941
-11.919206402 22.599839151 22.474107049 -0.241183984 0.470387060 -0.428547781 0.732743543 7.707349155 7.604077561 6.339839460 5.645509000 7.215053149 2.499871452 7.403396687 2.072897409 4.566637679 4.784575611 6.464540714 1.034037071 7.859930905 6.450819963 -0.650647136 5.424894097 2.001926933 -1.130892758 2.861648135 -0.538643748
-17.717814912 20.530196355 17.135098760 -0.983165169 -0.058508865 -0.007305687 -0.172943893 0.802200319 3.280322704 3.541078502 4.016197776 2.648744618 3.495763802 8.519788045 4.870296503 1.976003218 8.613576752 6.763668046 0.639652439 3.127715161 5.655667056 9.967560105 3.802904425 5.174685728 1.250681052 2.274894951 2.178344834
-12.779522130 35.283695738 21.919424645 -0.968518388 0.039362890 -0.089670327 -0.228870986 5.422397356 3.167176823 1.704328409 0.451268629 7.625790194 6.806112788 -2.341892558 -0.395401473 5.428495330 6.559576372 5.169054218 4.215863270 12.450201435 7.169677950 8.717704949 4.164695992 2.520779180 -7.195999462 5.025542598 3.765690802
-14.632234091 26.246396436 27.171679711 0.648667622 -0.478254628 -0.391124644 0.444437104 0.543460306 1.587538076 4.914391620 4.132324979 3.129010316 5.156118727 3.468088480 2.204348543 3.660556911 1.944287190 1.202566478 7.033894294 1.032408672 2.965812160 4.285417618 6.564784211 12.774088472 2.954978712 7.293668290 4.998119391
-12.922952438 25.796629385 29.599780755 0.754411598 -0.156153240 -0.440108134 -0.461285309 3.775134609 7.345074825 5.679113291 5.251153689 5.297706882 2.825978468 5.447751822 3.641139201 0.687256067 0.921008800 2.652723568 0.279303364 9.467184052 5.207949063 4.565357078 8.934626429 3.161135710 3.919535875 0.899875514 6.841436518
-5.475849376 25.221105681 22.721053197 0.948592394 0.313117877 -0.041590919 -0.019996535 6.209382007 7.584344113 3.750726175 3.068586617 2.526605435 3.955036746 2.405829461 2.459092759 5.642433297 4.143608927 9.118100282 9.342731044 4.396489208 8.284939355 2.752985397 1.682216224 5.048802838 7.547702617 3.499202376 2.878246410
-17.159276582 27.086879461 25.084355561 -0.342422278 0.098770021 0.647514865 -0.673584416 4.703727504 -0.978778080 7.903709075 4.224296592 2.594326812 -0.052314673 5.053567608 0.066740717 2.675198030 2.885170169 5.306580564 10.281756379 1.654285591 6.777429513 5.623015344 3.435304382 1.458100450 3.408952068 1.780355719 4.462130657
-6.235475662 23.349395974 25.518956000 0.498593613 -0.150395785 -0.166967753 0.837202058 4.740581183 11.766009764 1.833379703 5.283122809 3.945548645 1.086699957 7.284697856 0.422394993 2.915203847 0.537609200 2.736082163 -0.312298303 1.876891404 2.997228918 3.124658486 1.432189217 13.419444174 4.740033504 3.955568053 6.924997412
-7.769563869 28.727052317 18.996301253 -0.440381794 0.062854597 0.124365624 -0.886930869 0.686529999 7.874823376 4.795590023 -0.281761056 11.029679458 4.362926218 5.640345657 4.758873288 6.727531925 0.569353676 2.491697417 1.365508737 -0.473103560 8.879730917 8.242769406 3.901359577 5.296778287 4.588323617 8.716326643 4.267715602
-13.179016009 23.741576523 18.793942599 -0.166928060 0.115158516 -0.942498585 0.265650062 1.149949123 1.707921556 0.559991763 2.929938826 6.880283423 -2.214081553 0.524406898 7.810927741 5.180912083 -0.122756925 4.765431879 1.663178480 5.236127461 1.298420410 2.808411869 4.495043641 8.565517085 6.219440929 2.314848485 1.016543062
-9.988714352 17.097041848 19.703938870 0.377486744 -0.144932279 0.633417214 -0.659758308 1.136102254 4.524366890 0.863696476 6.326997607 4.229110330 2.322140775 5.190706798 7.747798374 4.024946329 5.946920846 5.367224764 1.254729866 1.585197309 2.672294095 7.124014204 1.388312278 4.078791244 0.322062939 5.497124415 -2.200741968
-11.030765424 22.889630370 26.340668165 -0.001160918 -0.740259534 -0.392235092 0.546045884 9.385970753 4.106248657 8.229778197 4.992949259 -4.938457435 5.018577956 6.325643933 2.976141309 5.510330051 8.009505791 -0.065436108 3.796526480 0.598711875 6.691007150 1.204776021 8.503766577 -0.419684893 0.934181522 1.036948710 4.312243110
-15.474852789 27.996837778 24.837370744 0.230200582 -0.076999589 0.957544053 0.155525374 5.964544790 2.664984728 0.318032427 4.406534129 4.018737329 2.604541103 2.592720186 3.574968182 5.916676145 7.256731142 1.279808550 2.423496487 1.975303654 3.498968249 4.454599682 3.415721383 3.614996092 8.880339995 6.066448636 7.060179286
-14.455675849 34.699644442 23.183415347 -0.135087418 0.039256227 0.361671528 -0.921631187 8.628599455 3.108541317 2.466788688 6.070101695 1.900989148 4.574929005 3.301285759 -2.232607178 8.054976074 4.626521289 7.360366323 0.447457437 8.031521238 7.766399192 0.182468353 0.296094983 5.917312288 5.443546984 5.378351993 0.489588549
-16.342191727 29.333723529 14.996305016 -0.036405658 0.408898377 -0.790923765 0.453780061 6.715705465 5.946868254 7.156738457 4.109758121 6.080803640 5.900964460 7.000141299 7.346115583 3.288812782 1.649928066 6.189812612 0.577601020 3.436411496 6.332644025 7.608280741 3.099587439 -1.004028304 7.086251712 3.095412637 1.191038632
-12.134454103 31.443939302 13.164700353 -0.529537400 0.501672671 0.359827416 -0.581755021 8.859357358 5.920444328 3.718599283 8.638200153 4.161735577 5.686076033 2.885324104 0.901680087 0.605240399 0.589462912 5.015646075 4.898031688 -2.556647723 0.996623540 3.215968411 6.528218887 3.520543009 4.776356752 4.138874543 5.642986718
-18.363828284 22.458666555 14.998817451 -0.631634021 -0.272417480 0.488958871 0.536419988 0.902600757 2.723321646 5.793791061 1.404935575 -0.520295238 6.062832999 3.471909113 9.183271471 5.465475923 3.329417729 4.468940621 0.337621366 4.440406244 4.192058101 1.962079730 5.752549745 4.720804165 8.828356821 4.719546604 0.734077536
-15.955380184 18.783232256 24.412848347 0.318918947 0.239565938 0.698245107 0.594434720 4.989329649 1.852860822 9.454154413 5.073451991 -0.165665470 3.631094891 3.885266629 2.848069173 4.197689930 0.491521132 4.595282733 1.647486864 3.590302976 9.471345336 8.072867523 2.103403053 4.617124536 4.005052876 1.191103540 2.643918581
-14.452523278 32.407741131 25.142385507 0.513293996 0.669094255 0.520629098 0.133369763 3.690726079 8.348290721 -0.437196238 7.329803449 5.403338536 5.028520474 3.620016492 -1.883380321 2.550373818 6.211727214 2.582069420 0.281292513 5.477194383 1.501176080 1.903935621 6.276386325 2.923474123 4.868368282 -0.625025710 1.832994957
-12.840170015 33.330445558 19.051694210 0.538747007 0.641940916 -0.539904597 -0.078527374 4.749677918 2.184651870 6.488453123 -1.683335881 2.215733427 1.986735415 8.677163089 5.277730866 3.432801441 6.524213942 2.773554534 3.776915794 3.919996234 3.575414361 3.530389666 -2.348159931 -2.636512172 2.133307765 6.089783671 3.729900485
-7.387041047 20.331787964 26.610830588 -0.621923680 -0.743455328 0.238087742 -0.061638779 8.548479489 5.086397895 0.134937207 1.874583796 3.870429536 8.105094392 5.448026915 8.366115465 1.352190589 7.395474083 4.705008818 5.232500519 0.233805937 2.309211948 12.823909334 -0.317820769 5.008449526 3.092543232 5.792632428 4.889102180
-19.126065865 32.203295314 23.902189259 0.484114110 -0.717881372 0.013398294 0.500100340 3.151373602 -0.318953835 8.045429580 -1.108426569 5.227573549 5.125520589 2.637358457 4.134679089 4.623353740 4.441511365 6.968871792 5.663037578 3.450056056 2.625753956 5.515693403 1.624518566 6.773676794 5.070188602 6.290970957 3.470702889
-8.562972342 33.555488868 25.719202682 0.150708909 -0.888703058 0.135773038 0.411168314 3.043508574 -0.817388411 4.711146936 1.306317202 2.846296224 8.377258935 9.830951559 6.824602400 4.796848949 1.029121892 1.305257652 2.454079571 0.732087569 4.593977282 3.979611856 1.299688972 2.861944603 6.889233473 2.213825646 1.730464407
-15.303617459 32.070123819 27.140940725 0.062704282 0.934593679 0.004183796 0.350121872 1.745561857 0.029001452 -0.418951168 2.611872318 0.627492692 7.289165056 5.065407130 6.047112259 1.593227139 2.505524111 3.075079884 3.291519199 1.622598261 5.151220034 7.426079969 3.014692646 4.184694110 4.609610571 -1.247354259 7.335433215
-13.688656959 28.430188653 29.609199589 0.339642080 -0.748247209 0.462193822 0.333386026 5.435379453 4.246287028 4.952395173 -2.309783713 9.200598289 4.617254929 2.146442847 2.084433987 2.293799227 7.940950272 5.712314635 8.080048832 3.280032228 4.360747848 -4.988747219 6.525474535 3.164791371 2.983246027 4.152862020 7.944816401
-20.138206839 25.223861728 18.188422523 -0.344809648 -0.259732617 -0.026160166 0.901643455 4.043037483 1.551448865 6.057648097 2.123793480 8.077530574 4.035207661 8.782303505 3.614314235 3.009928761 7.643090154 5.899130022 -0.433016699 3.953546200 5.289497340 0.775486260 6.129261173 3.098817274 5.382128213 6.021619443 6.015454411
-7.153660551 33.364998533 15.994847285 -0.683106804 0.352463455 -0.632570696 0.094809928 -0.522458159 -0.956314192 4.976522957 2.088936697 -2.573081692 5.169719394 7.338352407 0.691110595 6.177558059 4.516841477 3.660038976 1.547721732 8.514053780 4.238384491 2.991103178 7.979304412 12.915800041 -0.865424160 2.439937466 -1.987770999
-14.604279674 31.326106653 14.032108520 -0.264791609 -0.573142234 -0.624225524 0.460147671 3.592429308 5.689080608 2.717716362 6.360926830 2.856221546 1.004158543 3.984544360 4.349617315 9.636186282 4.745483606 2.742363819 7.034616409 7.556474320 0.835370100 6.384429834 4.674148004 2.815149657 0.064501537 4.549391272 6.654446323
-15.225496457 22.250149396 13.126550602 0.783848984 0.010164838 -0.515769449 -0.345628878 3.842028941 3.484484119 1.974100031 4.968023356 4.589289997 1.134699335 4.881789958 6.360120692 7.223314220 1.992790713 4.236599767 -2.359780944 5.260868658 -3.761643858 1.970530410 0.401933031 -2.969987379 8.647176450 0.428012758 1.607791120
-12.621097119 33.208968963 25.374163907 0.468471980 0.022093269 -0.524102381 -0.710888589 2.876146982 4.234947694 2.315509107 4.773769649 2.021029342 1.704773707 5.061297554 5.199259962 3.797598767 4.538162286 -0.529698494 2.622630793 -0.526234786 0.909147589 3.286484060 10.357303335 5.212623973 7.527415325 3.707218559 4.963030219
-4.361336611 28.432205908 18.411818275 0.170536852 -0.403851093 0.440979456 -0.783172137 1.282124846 3.049332804 3.359961588 3.301986941 1.218845380 4.293657313 4.475670969 1.571454828 2.039767626 4.750842452 3.396946826 -0.870158732 1.213267843 6.239516787 1.991050108 4.260656621 13.228188565 5.940069338 -0.881937410 0.978398980
-8.205047040 27.677430241 15.142075373 0.228061135 0.454586679 -0.311783818 -0.802577050 6.783413309 -0.228081781 3.383856303 4.872476254 4.764501665 9.318881266 4.138531500 5.538311710 1.413935851 4.498341882 -3.249603578 7.815968518 5.877040824 0.175758607 11.636429062 5.668305465 2.335173512 1.791635592 10.955882606 8.476564151
-12.412759530 26.194634405 18.470441889 -0.163882918 0.859862152 -0.432299559 0.216556137 8.717863562 8.163694709 4.014942188 10.306255178 5.061378143 11.197793468 6.097441761 5.149438813 2.925297037 0.742165141 8.607829017 1.914348362 6.629738740 7.164412059 8.813206248 3.968368756 -2.350221770 -0.193100688 6.087752939 2.898218641
-10.489460972 25.148431447 26.514028675 0.389066006 -0.746100498 -0.378740697 -0.385379261 0.949678005 5.412468380 4.668657242 -0.525280364 2.676032729 3.050338870 4.999097771 3.777663381 8.709687825 5.388332691 2.935322743 7.186707600 5.636431249 1.629557598 0.362631983 0.667294117 0.269672005 3.368212741 10.497953809 2.356985772
-18.182105887 23.851289060 16.426897254 -0.516566676 -0.257318212 -0.108409570 -0.809440283 3.943967093 4.705930584 -0.710773197 4.843594149 1.876270274 5.728785252 1.366122690 4.023716666 3.253860806 8.155024221 0.390302241 3.239998133 3.530445212 -0.430645763 3.310210360 3.223304850 6.278319610 5.709676214 10.210025463 4.678740531
-17.326765234 26.563662658 22.182005571 0.276950834 0.421773475 0.042748590 0.862309648 2.689482178 2.647695552 4.895950828 6.416459197 4.348127788 -0.881756665 4.635450203 4.726812099 1.948436818 4.647631896 5.010485260 2.695429481 2.316838172 3.235259374 -0.453723292 4.422446970 4.039066758 1.822141741 0.357384554 4.985555651
-15.706034606 27.516430192 22.533587517 0.452011551 0.879455092 -0.037351306 -0.144392448 7.460593647 8.847615568 1.651690132 -1.308218520 4.678492443 6.639055103 2.307318946 8.277579532 3.020125431 -0.864616961 4.519529904 0.006433544 0.344653335 1.602477669 4.392287261 1.045733166 1.461346367 2.966531454 8.655562227 2.515506982
-15.226047637 32.826010217 21.313122369 0.299973715 0.111286914 0.081760618 0.943899462 6.348365207 3.400700133 4.202808410 2.532049156 2.417799909 1.427453333 -0.658472939 5.364109212 1.481726008 2.286826524 4.119072259 7.048549300 7.011299613 2.289766656 4.515912623 4.364037132 6.472589183 -1.373853026 7.289046477 5.636126293
-17.283405885 23.403361780 25.387980992 0.318551471 0.599720543 0.678427465 -0.280350503 3.781581589 -2.124989510 6.008244543 2.934899586 5.427036591 2.731213774 4.310331237 4.511327790 7.200276727 2.530431599 5.030166328 7.477827993 4.813246149 5.974624204 5.215218635 4.861735998 11.059199616 5.664294354 7.494286271 7.305345600
-7.781556075 32.808616259 20.326071701 0.911723775 -0.138424388 -0.167140303 0.348801615 4.849273684 1.423333250 5.542097513 4.357144455 4.259052355 3.804327192 1.269888931 5.305522572 1.314676023 10.151418868 1.605419879 0.421675884 -1.176828307 -1.208768739 -0.832250809 9.273214424 0.209237582 5.126106581 2.697267635 0.247222794
-10.491436065 27.013040608 15.488746846 0.513941036 0.844194586 0.087850505 -0.124428300 5.164956203 5.191936039 8.638635984 8.068477925 7.534348347 3.938935324 1.667401727 -0.859134411 2.552099525 0.468373030 3.416424494 -0.045052076 6.108351203 4.522612006 0.121963821 8.164548974 10.941425980 5.055525946 5.398452594 5.102659827
-18.238493623 19.676225970 17.598218922 0.539129073 -0.057407011 0.155231604 -0.825801082 5.026690334 3.059113518 0.129815895 8.919094481 1.682367968 6.216601511 7.553710293 6.558249857 8.489078532 3.474842121 8.209067001 12.225591034 9.916546190 2.406608050 4.580508046 0.963200974 5.628763747 0.553343820 4.322248022 6.281349166
-18.840895602 22.968389263 16.710700592 0.570693293 0.325279645 -0.691055508 -0.301570228 4.853511938 5.995672366 0.802949172 2.632056930 2.994712721 0.059815159 6.587864230 10.634985437 1.861948665 8.277553359 9.075341607 4.467392843 -2.983240231 -0.118720050 6.001281102 4.614357109 3.607536277 -2.337436481 5.022320419 2.708310882
-17.577223122 29.615259854 21.959941098 0.245398627 0.100948094 -0.956067571 0.124594528 7.426618386 2.216262689 4.048117567 -0.435324372 5.398218410 -1.533494961 1.527102169 6.373293512 2.320216538 5.031876308 3.737995630 0.714153562 5.958722599 6.929799818 5.427215236 9.176173999 -0.765577561 4.512309019 3.926153901 9.862157833
-10.789794218 29.133820300 18.081117274 0.657439144 -0.709469148 0.003400479 -0.253802555 7.622139332 6.937365690 4.308000596 0.622488950 8.362014528 0.886121530 1.126985333 -0.265172529 5.897270936 8.439890007 4.992093136 5.706505577 1.908959518 3.589563080 -0.548960131 3.632247733 3.210564057 -0.314376033 3.448945994 8.757091881
-10.231807953 19.539007644 19.051835095 0.705066958 -0.629529728 0.269008021 -0.184952943 8.361811723 7.379314186 -1.601278365 2.296189378 4.283835795 6.783969835 3.140068099 5.906372206 7.254986272 9.416076320 4.039406074 1.140555195 4.657879969 5.846956039 8.331300835 2.328234862 2.774944255 3.494110129 -0.158354572 2.879202758
