-39.737802403 26.768855131 -12.724004337 -0.368777459 -0.789514636 0.269488958 -0.409933564 2.731810162 7.285663742 11.349243872 2.729415105 1.092429306 5.385343725 3.641846982 7.114304237 11.160604723 3.306096965 3.112440509 5.640945741 0.748079883 -0.819497168 2.295044140 2.286216438 5.613926016 4.281071432 2.551646185 5.673370128
-44.089861071 15.694309099 -4.947904314 0.486650103 0.585956877 -0.335674239 0.554210267 6.800452621 9.017224807 0.900617026 3.418631853 10.575366525 -1.203996899 2.916556867 4.623105510 0.070946470 8.059726590 3.940086984 6.033945941 0.997312102 3.930728996 6.344309734 -2.795167484 7.388290999 2.875122296 3.228751538 1.258740525
-39.696834229 32.129796146 -6.228224191 -0.305307039 -0.268381730 -0.496901395 0.766712373 -0.436145025 4.922980291 9.071315313 5.518603159 1.819730740 5.369023899 -1.714769169 6.451036886 2.666174209 6.369030702 4.408595789 10.615750064 11.682291826 0.489384830 6.095130326 5.202554206 2.832687326 6.181783313 2.321916650 0.675652714
-32.606566961 21.919357862 -10.728919823 -0.661102273 -0.336362925 0.607548068 0.284058291 2.820972323 2.156655967 3.461622329 1.694205099 0.233324368 3.719331980 6.790155580 8.999283865 5.379720241 6.232062264 9.499817259 5.419837272 8.301366047 1.970687052 3.167797256 3.771606354 -0.846127395 4.922174556 3.871401248 1.199059947
-39.958272506 19.386124363 -2.483900490 -0.057888902 -0.539362090 -0.818412096 -0.189575979 8.042398890 4.824930359 1.752408445 2.935555266 4.343083315 6.739789556 1.318943335 -0.985935447 4.456948720 4.340496672 2.067513584 2.160221799 6.786461340 -0.845926861 6.641057905 7.039693525 -1.776551476 3.420224461 4.826936206 4.835887814
-32.533702917 25.219557550 -10.450361374 0.122126850 -0.319297600 0.935599040 0.088252541 3.675003402 6.586163493 5.946607993 4.530101245 -0.499013447 7.788011257 6.572903404 3.153115173 3.600094653 6.345238418 6.436053934 2.800076597 2.100974240 6.862469578 1.997173979 -0.203166934 0.888550669 5.431518247 10.075516903 6.926628539
-31.107014792 22.166379186 -10.386665258 0.639924281 -0.440956338 0.288265473 0.559425991 3.899310166 0.918811418 6.584689383 4.611279129 1.579940951 8.811684978 6.169355664 6.912953417 4.442190618 4.301872599 6.836505400 6.536698463 7.374759940 2.315465563 9.737327109 0.135830031 3.861336726 -1.377653317 2.233430911 5.283797042
-36.323683016 29.508131628 -9.507003887 0.453374025 -0.670912643 -0.198462480 -0.552214508 6.077155445 7.695617921 9.227159816 3.755472386 5.659882906 -2.518406045 0.690895130 -2.712971854 4.736213082 1.594454503 0.616394434 2.441790580 1.937430333 7.327550968 3.065584279 5.954990932 7.277830564 4.856069403 6.936086707 7.693926398
-44.540752251 24.298707782 -11.935254269 0.495125652 0.364036856 0.703683110 0.356591975 1.316923682 1.431526691 8.419657916 3.571683360 3.847704281 3.969587676 5.890326996 1.171522690 3.828740864 0.734106520 6.888662044 9.269080791 5.076181522 9.474191017 -0.178180476 10.951997215 3.217570063 3.695137930 5.608989336 8.702480217
-37.317823242 29.181154908 -8.396070222 -0.460029039 0.552853064 -0.621542337 -0.310502652 4.965615306 3.153976112 3.821535076 5.803893023 7.903372082 3.258700467 7.717295822 1.281515083 2.824354905 2.604945341 9.349310557 3.045662860 -1.139185714 -2.087047567 7.520410717 8.475739274 -2.693743576 3.490635387 3.010099876 3.996488253
-37.834186932 31.380173918 -1.477925064 0.210155127 -0.721823407 -0.590848408 -0.292752369 4.993475065 3.386033379 5.380815027 11.540765542 3.293815933 2.489636118 0.670741963 7.982264558 4.624336174 7.435759707 5.979004174 4.384217422 1.977993176 5.303442349 7.282564519 6.499426163 2.321701695 6.439743312 4.425459187 5.268903414
-41.180222403 20.910841903 -4.262739434 -0.558649425 -0.489699182 0.603064703 -0.290548610 6.679806466 9.650423892 2.646470503 7.321057673 5.558871008 6.183534357 2.064323191 0.482253723 4.784306148 3.251381031 3.372354056 10.497674223 -0.078805176 2.095047397 7.055115541 4.465960348 0.631838540 -0.822627608 8.308306233 2.936427346
-31.685669590 16.464214404 -4.380641279 0.688863218 0.478514101 -0.309296721 -0.448137546 -0.680817724 3.797465238 5.363912405 3.733878751 2.226675845 6.588487050 8.779648448 6.242403566 1.168360077 2.484558963 4.517242155 3.812986016 7.976515304 6.827591010 5.937219020 5.680878766 5.143581671 5.703859255 2.704015041 5.389949949
-39.166669179 31.286546520 -8.810599672 0.029529725 0.209477843 0.641077910 0.737743955 10.665228365 5.507456391 1.248249051 3.989253582 7.649515719 6.050867322 6.361365784 3.740372155 4.322333954 4.269736457 2.768998423 1.097566563 5.130998422 8.010292604 -1.305984658 5.436493939 3.105377152 3.403197611 3.465245714 4.809957343
-35.313908999 21.943352834 -10.304373468 -0.302566166 -0.208032315 0.582361348 -0.725280312 8.277507652 -0.641037401 2.007089991 1.225760678 2.690269950 2.128211265 0.022118967 1.192315951 5.962466047 6.708023104 0.733923747 2.382468547 5.056143847 9.507178860 3.580084374 9.604918357 2.019178728 0.376391842 3.514539470 6.801850603
-35.671687156 18.028890005 1.073551059 -0.131481947 0.864566754 -0.405060486 -0.266763619 4.274927717 4.508905205 -1.917403672 2.848235123 6.442959745 10.479314501 4.178810219 3.587063141 1.747716299 5.835757568 2.660301307 2.719488340 3.456722427 3.209625680 -2.645424724 -0.527224690 4.101462078 -2.775019149 5.008065078 3.383457895
-40.943828761 21.955661308 -4.327464558 0.355679083 0.548052021 0.648434667 0.390722222 4.303057036 8.200353802 2.015345441 2.861881705 7.598357398 3.537870287 -1.158608510 -1.952966833 3.105966534 1.211219542 4.051611888 5.455292277 3.336554192 9.728927134 -0.755619399 3.586722577 6.297801822 0.409087852 0.665438267 10.334480388
-38.987823707 27.784552419 -9.555242941 0.039510097 -0.036867520 0.145224049 -0.987921917 7.015133424 4.716499015 2.524567948 1.024439714 -1.695140587 1.432150630 7.519115148 -0.628181883 7.422122366 5.723756223 3.382777105 5.502732308 0.913345591 7.611918589 9.700710105 3.705602186 7.576646498 0.379497961 3.790500753 0.393317128
-33.595018233 23.058326762 -13.717809242 0.530778969 0.257035590 -0.684032230 -0.429309096 1.859295163 5.272974374 5.590893657 2.189821688 8.224377923 2.134833212 7.319688209 4.956035387 5.440260622 9.407409432 0.601073603 1.660255910 3.630770223 5.301554033 4.645012320 3.000894259 3.224891161 0.635906896 0.780140307 3.274952065
-34.307864597 23.153104560 1.157690681 -0.162285397 -0.745749624 0.120060872 0.634906556 7.029926511 4.803758547 -0.460860238 -0.336036614 1.440452150 3.095059058 9.117146115 6.097091021 5.794798488 7.464058301 -1.009911852 3.069647818 7.401585269 4.920299981 5.497069495 3.348388722 1.665780654 3.111274225 7.973654810 6.731415082
-39.377395716 21.118570227 0.957680766 0.040568967 0.182045239 -0.897631455 0.399338780 2.006148020 5.356756734 0.393579371 5.275538481 6.494782930 7.706412395 3.125373082 -0.307297902 3.513235836 0.893339565 9.473538547 10.960537130 3.017213089 4.411307443 1.296712159 4.989222898 1.367197877 2.750382869 5.379057216 4.660911782
-32.858673856 23.591893988 -4.146905571 -0.374295319 -0.531966645 0.680204443 -0.337988785 2.071301672 6.801402186 5.199893889 9.529792616 5.151262319 2.556595458 0.979422108 7.443981935 -5.143804786 1.372279683 6.067185237 5.676545176 2.746065138 0.405050518 1.500436036 4.653461864 2.729071477 1.111544271 -0.107540384 7.485140689
-43.368103412 20.761750381 -4.752119360 -0.645060108 -0.144028092 0.699619297 -0.271452032 8.832373311 -1.079046078 1.731485086 -0.126895006 -1.822601001 2.827293710 6.857868689 7.200892702 1.929810248 13.807023265 5.083455480 3.198779582 2.916650337 6.265343836 0.818248832 1.526524940 8.081891762 0.683638778 3.497998298 3.739659124
-42.328486666 31.596251121 -4.273061848 -0.434878325 0.170201726 -0.605434637 0.644485155 4.233262412 3.585564415 -1.092060676 1.925962809 4.127027234 3.764707654 8.270046858 6.752670657 6.146837500 5.504344884 4.936508361 2.069195155 5.373837256 6.317356361 10.112021530 4.009479310 -0.046714383 4.687352531 2.340376084 7.755396670
-40.356316847 22.797739731 -1.651058609 -0.007277673 0.096289981 -0.012620340 -0.995246704 6.239273287 3.858067259 2.857816786 3.487975656 1.302265917 8.518696232 2.320762358 2.467780620 2.504191734 4.692227406 9.852377463 0.144409569 -2.610970821 3.658595347 -0.015209210 -4.223784518 10.056978432 0.874214888 2.251874548 4.751828683
-36.652596185 29.906696993 -6.599428872 -0.503557952 -0.623383829 0.141525741 0.581199152 5.847434091 0.370442879 7.561520862 2.366985356 3.533243919 6.327835508 3.191078743 8.860417247 1.505909481 3.466703583 1.600692683 -2.724986389 4.565329007 5.438761823 7.284166183 5.358271484 0.898181439 2.397981897 -0.307004886 0.068657128
-39.292335159 22.236652935 2.062912702 -0.279347575 0.403143120 0.644585941 0.586472098 7.361979685 -1.540228340 3.770480936 7.350420401 1.939878913 4.009479306 2.034127802 6.340996383 -1.657447783 0.262392105 4.602080432 6.365866945 4.962132842 2.426714575 7.383477490 1.671862210 3.435339294 1.289724819 5.394454582 0.564827952
-35.845881652 30.083315077 -7.140121785 0.405468489 0.566297864 -0.652659266 0.298224608 5.533643008 2.119339252 3.502392903 2.926883638 7.234596816 2.348926845 4.484060652 9.758518805 -0.195090044 -0.263712419 3.582633432 11.203290241 1.190925213 7.870543315 4.233946990 0.790321035 7.381519583 3.917609508 -2.840585211 4.817262419
-41.113644910 21.905243730 -6.653440714 0.909426895 0.141855043 -0.109170976 0.375368575 9.060464895 2.847083720 1.493707468 3.779721392 2.273757899 0.708471354 2.125407947 6.165946777 0.773424237 4.041247419 6.644988035 2.430350846 5.720914361 2.084554378 2.303379063 7.459247326 1.524287233 7.291435582 0.469655317 3.316107003
-39.828938938 18.064557227 -2.389432040 0.090440124 0.043102456 -0.508542568 0.855188411 0.658835486 2.650473156 2.948796268 3.074268243 4.378000959 4.722869524 0.867483009 3.877342753 -3.085128557 4.929448577 3.200363229 7.788206358 1.123980401 3.443263256 7.208409215 6.287395469 6.067000098 2.297407255 3.419563380 -0.319634010
-37.032876397 17.095810833 1.656280485 -0.808499491 0.224202469 0.495867074 -0.224003728 5.832740424 1.890951442 3.980628498 0.725220897 3.519382843 6.281023392 7.806896259 6.074133055 2.508765120 2.015105284 5.657565478 1.915433231 1.196922350 6.303893408 7.672865524 3.401375774 -1.634874450 -1.036513644 -2.123507935 4.011996555
-41.471333157 30.646361414 -3.036409051 -0.090134009 0.364693737 0.726025100 0.575987754 3.039858168 3.013286256 4.088356037 5.313112504 0.776858691 4.752123377 6.856147972 9.050714537 2.259365729 8.660479866 0.798048267 8.384781753 3.648020143 5.646739338 4.501714016 4.353531792 3.456323137 3.933541309 1.288449214 8.522357491
-39.312774414 17.942690807 -2.357318367 0.253555086 -0.068224092 0.360646562 -0.894980083 8.074088167 4.151726069 4.223161518 5.587779986 3.541138912 0.965157722 5.400760009 2.534902732 6.652809982 1.869672581 4.766286958 3.132057274 1.074104250 1.475774184 7.185835370 5.594193795 4.123393846 3.636605931 5.130925783 1.998307171
-41.959469897 25.626508305 -9.494361839 -0.048737185 0.047558651 0.006885292 0.997654978 5.986925274 3.123196535 3.549189465 2.366407435 -0.237867292 0.962242434 -0.071622262 -0.813130155 1.215730134 7.944325981 4.905028850 1.841989892 1.906061787 0.747203629 -0.560780493 6.033667682 4.165944756 -1.639488022 1.656653880 4.415869007
-33.534204099 26.299113658 -10.167115695 0.429862872 -0.244680662 -0.785114881 -0.372751804 8.035220758 2.633977524 0.411942311 3.575536052 5.237318945 2.087740687 5.868645241 6.016687180 3.481401979 3.638604932 1.186057895 0.036692328 7.612334004 3.587397157 0.137145266 4.291080109 10.143254991 2.657937226 3.681409473 4.029075092
-36.269714958 18.124085456 -10.834928527 -0.299945132 0.714104595 0.578362558 -0.256094313 5.036852826 4.313524125 5.063800795 2.463387581 2.805371088 4.789212169 6.176433376 5.524249585 3.954362533 5.825657710 6.789161849 1.667574724 -0.928393598 7.112182647 9.323721155 4.197765721 -0.858235760 6.318289960 1.432339132 7.544595717
-39.960462497 27.490404370 -11.725471536 0.874287611 -0.037058053 0.268554705 -0.402649034 2.385325119 4.926313317 7.023913187 4.662498008 5.056210730 6.445972648 -0.673311270 3.124145129 4.429262412 4.774898535 8.434686861 5.870309893 1.697310540 3.103532618 4.131460911 2.452186707 5.456331884 8.333380711 4.279232407 -2.170623600
-32.808530877 30.306498645 -1.331922128 0.064811842 0.837749082 -0.342199238 -0.420565788 6.708254567 7.423060161 1.683629139 4.612382910 5.134909585 7.911867585 6.120849489 5.197240586 6.444476372 6.458404645 6.860792630 3.770756202 1.659461656 0.930195345 3.454155758 7.718813190 5.195631524 2.695085485 2.112644517 4.663738149
-37.205918114 17.297663716 -2.819798168 0.157432885 0.679715351 0.019454125 0.716116936 -0.436876983 -0.015111544 1.973515291 -3.424040712 3.103128715 2.938558591 3.863925634 2.792779941 9.151741634 1.615540091 8.418354697 5.613623680 3.206668147 5.053718141 7.301696054 3.833206187 9.090937487 2.607749358 0.283728175 2.471837229
-38.821808676 13.656970406 -3.569917450 -0.087653688 -0.566558474 -0.749921388 0.330070051 10.024187708 4.969446645 0.389024682 1.107848882 5.382376766 5.070152698 7.381583809 9.124151571 6.020227002 1.820186258 3.103976715 2.056525697 0.959070896 -0.271801472 11.647330420 6.078726747 9.791155525 -0.197022665 5.759564053 3.887984619
-34.381135411 16.317098294 -5.754759637 0.955111453 -0.124434732 -0.238229684 -0.124598262 7.927056529 2.789683337 7.643709411 -1.252598316 2.741692987 6.912199266 5.227087947 2.149032662 3.491845089 3.034714310 9.890264653 3.451022850 0.521344167 -1.133794902 4.599936539 5.267405408 3.274913591 7.248916536 3.668119320 9.018719837
-32.244577791 21.243875870 -4.945043005 -0.672238896 0.092032940 -0.713658545 -0.174115724 3.758909556 5.508004932 -1.152008184 2.454555592 6.727166412 1.975245941 7.825451084 0.391938137 0.212646683 2.359422928 4.248820035 6.402148634 6.623930382 0.322033733 4.150617879 4.754683377 2.635187792 1.446557911 6.183448990 5.686613355
-37.000719958 21.653499915 -8.942698862 0.517005114 -0.288201225 -0.216426754 -0.776405324 5.749147037 1.342410297 6.243855367 5.405726130 -2.941835462 8.592291066 -3.425967053 0.272189849 5.451877382 8.649180305 4.417562264 4.789918138 7.204442024 3.902315538 6.660807268 11.116954852 4.367942076 7.623514618 1.931320705 9.885540836
-31.466608687 22.275735598 -5.887689159 0.762987819 0.467691479 -0.037538674 -0.444640435 0.700864959 4.212372245 4.172967775 3.058361773 5.088556074 2.933594926 7.023030871 0.831291957 1.321426563 -0.424653966 3.487061208 3.552912164 -2.051597744 3.078594550 -1.306116849 2.220047949 5.603847435 3.663263430 0.386945094 2.123380933
-44.050009931 29.364763272 -5.809815626 -0.224269834 0.782344918 -0.451075963 -0.366292159 1.285873969 5.831461062 3.068216014 5.280371533 3.730523497 6.369585827 3.502679298 0.864617002 2.992450042 8.403252327 4.723949957 6.857488188 2.039096205 -2.304864091 4.595949812 5.425381615 2.678017409 8.168419260 4.392608913 1.231225184
-30.717327222 26.917730295 -2.060156955 -0.350330725 -0.836928977 0.375706721 0.188845784 5.597487838 4.390777213 5.306516522 3.421616047 -1.163361040 -0.829104784 4.153342396 4.017033025 4.984142377 0.782428341 4.263570027 0.111120093 4.443906513 0.356717642 2.827912602 0.284865158 1.590247203 3.251383677 4.425385530 4.973985635
-44.544604971 23.851119462 -4.274489345 0.765695856 -0.262536639 0.550539379 0.204183157 7.051505470 0.974313116 1.247928892 4.364270329 3.353061499 0.412167519 4.068383717 3.329562533 5.152008658 3.061393861 1.580105996 -0.587909283 3.164518807 1.901656091 1.403296121 2.480994406 3.438582203 3.691257117 0.725295580 1.561495977
-42.205487018 24.844208303 -3.072217581 0.095375927 0.119884103 0.822075442 -0.548382350 4.178508402 3.596298343 -4.675352667 4.340546976 6.512434298 5.008991972 2.709964074 3.525257017 -0.383116018 6.600368569 8.110399102 1.417263972 10.548060630 3.641999081 1.619370434 3.561162911 4.053379166 -1.236659805 3.004254598 1.394627461
-41.851464691 19.166193701 1.665431584 -0.741995632 0.380138414 -0.548421514 0.064584138 4.211612443 1.395226275 3.202077870 1.540070743 3.262857254 8.411403296 1.502335605 4.671147484 2.349677617 3.031041004 1.114384930 1.361136893 -0.085662007 7.459160501 0.789410959 1.244689726 6.998053350 3.595845653 3.045034001 1.482084610
-37.604913516 13.603779478 -3.220286569 0.516727223 0.664050379 0.539553884 0.030194008 1.721921359 3.828370478 0.641337169 1.253028360 8.973913538 12.158560904 4.987714482 -5.072023907 4.685557960 5.200395317 3.572683355 2.834034607 2.458314786 -2.036960700 5.631956465 9.831515453 3.494000004 11.317671150 1.727514918 4.626812271
-33.259485842 26.468989316 -9.430072401 -0.326620136 -0.376264168 -0.753737076 0.428514858 0.838290202 6.913935963 5.031608245 2.234455661 5.414643291 0.704413412 0.455372642 2.183759134 3.368640890 0.282089066 9.096828553 4.166903708 -1.615803321 6.854740422 5.554313804 7.916308153 1.624231418 7.806162938 1.625421967 6.763304898
-44.904171197 22.629471054 -6.942019513 0.271020231 0.201836709 0.074711939 0.938204724 8.461868016 4.522631330 5.588285650 2.882372438 1.626493776 10.411643621 4.475878770 12.182610218 1.949096287 1.466432532 4.273331635 4.732422827 4.439222514 2.310516696 8.671508803 7.612573562 3.736820570 2.911568593 -0.428937080 5.562952838
-42.532547449 16.404421828 -10.002633361 0.443887813 -0.446726231 0.264083374 0.730519853 3.643797590 5.595042789 9.826374539 6.927275474 1.853730780 -2.209204791 0.305763486 4.227987336 5.200740143 3.578658441 6.107820502 7.684708035 -1.002612955 3.485851093 5.616527980 -0.553681271 8.002383051 0.758201305 4.617944362 8.437553568
-44.571829845 23.150562628 -13.141119825 -0.185457713 0.117144517 -0.909741844 -0.352494504 3.097252948 4.421998067 7.309107511 3.342240484 1.878517807 3.751092046 6.898354848 7.007696486 5.865420764 6.092707995 4.370309383 2.424190709 -1.778786112 1.097757818 3.086318159 1.529431357 2.023582551 2.523773218 -0.704820934 10.628904794
-37.815020599 21.833564810 -9.508349517 0.158307358 0.073133759 0.978560427 -0.109588890 10.655251326 2.164422784 1.524581768 3.706724775 4.084466921 3.611559437 0.087562062 3.891795053 1.914677070 7.373178117 1.281473272 1.715130740 3.873224725 10.693488285 5.419778303 4.752782232 3.635103076 9.811015317 4.002875607 1.556367430
-33.596539947 25.283560265 -0.616360597 -0.831229547 -0.276678193 0.441175779 -0.194603572 0.880763925 5.632669262 5.302706350 2.030716159 6.973715626 3.585185640 2.991002081 3.106686390 3.133364528 2.852626005 7.195434842 -0.815940099 2.210753285 5.202414577 5.244557468 -0.586436956 5.390779219 4.718035936 5.636924863 0.966441947
-33.599896999 22.802308619 -9.409629342 0.769996770 0.492300548 0.136356333 0.382298438 3.684165112 7.476783796 5.325488538 2.068996810 2.878380236 -0.305828380 2.465144826 6.099127316 1.953666459 3.483995205 7.335877592 -0.519659766 6.548958787 2.767095953 -0.558224971 3.696055326 5.590580830 -3.213620200 -3.117879826 3.394633780
-46.240664690 24.153998534 -1.594774380 -0.172580496 -0.394436258 0.839606082 -0.331206337 7.202425797 6.455482287 3.134082947 6.162912446 4.865911535 1.990665106 4.435657081 3.611507651 8.072349723 0.916141702 1.342727024 0.513628544 4.738393008 1.922391033 9.689630678 -2.965914822 1.959574090 2.808101669 10.575622264 5.454195314
-32.555889465 20.936880646 -12.274950462 -0.785595730 0.251022287 0.320263010 -0.466110249 8.489319689 2.416070085 4.121706286 9.059316782 0.162989230 -1.412401205 2.256803180 2.361485332 1.688721121 7.635994420 4.464098851 4.014961821 4.870661453 4.847242163 2.528557221 9.366350620 0.428106289 7.334319807 4.153470045 7.786213134
-32.568768480 23.671528451 -4.664595599 -0.353232159 -0.196601558 0.596452247 0.693411556 7.685558003 2.636591493 6.800095143 2.462204471 2.173746998 -1.003053501 8.479523587 5.008669116 2.538182807 3.921282364 3.795588755 7.159063427 6.902888191 8.431454997 1.987668831 5.277203636 8.974086520 6.935198208 4.139116358 2.803694127
-37.125139195 28.917607717 -9.678324516 -0.548031039 -0.230631739 0.748815743 0.292824119 3.677895481 4.987165890 5.074790343 2.711039971 3.209230825 3.787620317 3.839958549 -0.059400892 7.810712917 2.992850077 -1.752573276 3.644876015 2.176136631 3.080393832 4.129954307 2.570643172 5.618536902 2.003789951 6.808783689 2.696570710
-39.621596042 20.771864523 -11.452515037 -0.736281631 -0.564515188 0.345029226 0.142009842 7.728489444 5.267465820 -1.792469047 0.993135569 6.039821160 6.110885431 4.340639811 3.682103527 6.132860404 2.719016776 6.869331683 2.280454468 4.038326673 3.574676436 4.857523544 5.591064014 -4.937104701 1.794465681 4.422686688 4.095585006
-41.482963175 25.810476577 -5.939021304 -0.549098176 -0.567909699 -0.521393104 -0.322674755 6.238235285 -0.442407921 -0.277272320 1.478702405 8.859320698 3.710869400 2.969158925 3.372331672 -3.075510690 3.726573189 5.576619078 6.141336900 4.705602191 1.070451388 8.051916235 5.646548224 3.355970487 4.004659699 0.954788795 5.432430136
-38.447721042 21.956016998 -10.352909874 0.472593243 0.683343562 0.547276590 -0.100923417 7.620073221 8.880830266 4.950384612 2.876518466 5.670436274 4.063903622 3.648763893 3.962044403 6.144616334 9.803041268 5.899520374 -1.045419534 4.332382701 2.126385635 -4.288103208 1.017838122 2.006836762 7.669784992 4.283910448 7.682365022
-44.280750614 29.364732078 -9.364035177 0.318172226 0.209795631 0.881321642 0.279328465 5.249256049 2.697628823 -0.802350888 3.134360961 4.863157130 3.938723553 0.782071452 4.788393351 -0.584884358 4.823750765 0.786443433 5.753141227 2.257787866 6.731153180 1.820007382 3.564768873 8.886682615 3.054891198 0.932220944 2.934873802
-45.422723484 27.784770641 -6.904114930 0.212454787 -0.969008453 -0.014652912 0.125183359 5.936935627 5.960628904 3.378057441 6.306048884 4.655113130 5.147257714 4.796548904 3.721676101 2.724811092 4.791593351 4.477893659 9.550105285 3.363096655 2.172113330 1.310616449 3.802256439 6.211965915 5.675594186 3.290610296 -3.702372273
-38.584852863 15.891496779 -5.143500999 0.272936554 -0.159186318 0.948681233 -0.013010405 3.623046898 1.287786597 -0.818081246 3.603564671 6.644933086 3.388873833 7.467043880 3.406889867 -1.071691640 2.105704306 5.408498322 0.140222012 -2.355765474 6.287872536 5.319094229 5.974052653 4.042684577 3.766917721 10.221341678 5.825367606
-35.715775511 13.749829696 -4.109377046 -0.634802165 0.558598865 -0.164727730 0.507797493 3.014534801 2.320210316 7.066240288 7.071781920 1.593539678 4.753869189 7.374628744 5.968519818 1.845798931 3.687890443 8.123958393 3.966025936 5.507773568 12.086929588 1.125824200 1.306613497 3.729625280 4.281398591 3.815667852 1.961375301
-39.399769489 26.094551933 -3.875838365 0.252250217 -0.628239627 0.606447802 -0.417020218 8.315830080 0.175129625 3.109904630 3.809421120 4.687911278 4.014399960 3.632435023 -0.655708841 3.265329931 2.491504897 4.327097082 3.285874074 0.869114596 2.146879907 -0.854379911 4.364643926 7.850973843 6.110883091 2.553321078 3.836179272
-36.826500990 17.456420756 1.585995468 -0.888004206 0.187926851 0.125292690 -0.400541846 3.523228617 1.560164473 6.781962049 6.740439875 6.979096902 1.377722921 0.508425301 1.034784021 7.817285634 9.203279718 9.508779209 -0.424664639 2.069939559 7.173441389 0.351306214 -2.555780240 5.325693616 3.921908605 5.493035707 4.096919458
-39.428325992 24.248238385 -5.628534947 0.636603576 0.706103799 -0.299209046 -0.081407974 7.293759599 8.067990756 -0.328463925 0.459222299 0.922087569 0.835943304 5.565292542 1.388920824 2.127193056 3.668035234 6.524670421 4.482703388 9.328940620 1.186853937 2.119520183 2.769302248 8.736215906 1.839965054 3.946290456 2.059416315
-29.820123121 18.235898394 -6.044204238 -0.072275225 0.920051705 0.094257024 0.373358761 1.234037616 5.244581281 3.117086471 0.785169272 -3.845476002 4.767698539 0.504313839 3.434465862 9.986241881 6.588376178 2.782733782 3.297126274 3.394137552 -1.956096981 3.489221636 -0.970164006 1.034581710 7.993065089 3.028914847 10.433846483
-33.599474508 21.314257772 -4.146752766 -0.260117694 0.536100729 0.493114807 0.633855331 6.626813189 4.762716441 8.030468050 1.572484873 2.189792045 3.067345150 2.681348559 9.210141770 2.008028765 1.717087555 3.205464848 5.602721741 7.608546906 7.164367696 5.920222487 0.626061912 2.545153878 3.773676651 6.457650816 8.315897332
-43.590034125 17.876311508 0.579918921 -0.898013825 0.097807855 -0.075618370 -0.422240044 -0.914532344 3.680682699 7.612702029 3.204152443 0.019445562 0.618792851 2.390009184 10.896340759 1.476945489 0.410143891 7.070125561 4.064018969 5.282740486 8.693479527 -0.290200832 8.344257205 3.556022992 5.977255278 -0.292444817 3.485332848
-43.282598291 24.751844763 -8.297850104 -0.774768985 -0.228592506 -0.389927590 0.442080265 7.320159498 6.081535715 5.984237825 3.203976389 1.913623981 8.697410777 1.834672668 0.952584297 5.912255290 4.733480517 5.189057524 3.012424560 10.603883984 11.344757292 3.308888053 3.471248778 2.265164405 1.644096381 9.709077377 5.590339179
-30.954756072 17.404410497 -8.798269823 0.374114781 -0.215038597 0.652557633 -0.622868420 4.648736057 3.214421559 6.639988814 9.080076724 8.727249579 3.272913139 8.725679160 5.581673957 2.686024172 4.572040679 2.924494969 4.649518892 5.885797441 6.974243977 5.095662461 0.300974692 5.943841890 6.210224656 6.759354695 1.510839829
-36.322378760 30.738523537 -1.280839113 -0.023284378 -0.111692402 0.861950150 0.493988446 3.375103655 2.574072370 6.982211885 0.415205764 8.191452232 3.754949204 1.934304160 5.066444158 4.829092818 7.470084352 3.586449330 6.793929403 3.166559464 7.933920411 4.617541371 1.295977436 6.687185589 -1.640628037 4.055631828 4.541193566
-30.536466723 17.805613856 -4.221420961 0.383804373 0.180058459 -0.321317326 0.846775254 7.888302854 2.374791602 -0.004411836 1.422552874 4.427974245 2.201044957 3.568841584 12.531502878 4.767278864 3.697906398 1.936446169 3.597489128 8.677171801 3.205133280 6.233372389 2.885137147 1.441657465 4.486953826 5.387636464 9.451495529
-41.709527474 18.087231795 -5.145295859 -0.966047620 -0.165545466 0.015121947 0.197782761 6.127605527 4.876154280 3.821339470 3.700120606 5.011681632 5.614931154 2.443298475 6.496112673 2.775287338 9.487652411 5.030123055 6.718045296 4.813583549 3.843847496 0.624112761 3.571808995 6.935440151 7.352235302 3.670389196 12.167266486
-37.397027197 23.411646698 -3.942302329 0.960010724 0.017744519 -0.091457752 -0.264007617 4.504523621 4.699472321 -3.510682462 3.876817462 1.651675339 3.386001528 0.315338572 2.555457090 -2.159962830 8.443194572 5.186414786 -1.638854770 3.432055211 4.791515963 0.665397535 3.128274547 4.429064747 2.289968373 7.269421366 6.485624554
-39.819627968 29.107368228 -8.188329185 0.913278604 -0.132183781 -0.339052057 0.183011862 1.229727210 8.372113224 1.469651887 2.416047397 5.735779881 -0.468187708 4.682005104 3.009755525 5.901422832 5.360499509 3.484112956 8.700578630 2.697145731 3.155634971 0.380998913 1.514068345 3.738429293 2.442127523 7.258128747 4.325326786
-40.184181570 22.622852535 1.541688730 0.179013198 -0.849213701 -0.123875556 -0.481087530 7.988940682 0.756880161 3.079541173 4.183349491 5.475743912 7.687601520 2.493410302 6.182578679 0.458411122 5.403459542 6.345002294 8.444463187 5.945069553 3.940271515 2.053521695 5.631736486 3.590706530 0.349561226 -0.679267415 -1.665607363
-40.064009234 24.574427301 3.045613047 -0.797717274 -0.040928027 -0.237121331 -0.552942603 7.005311656 7.432617874 6.853448635 5.224545455 -1.291863689 0.859911635 1.613632520 4.690863879 -0.305765933 7.851599490 3.617626419 2.594978069 8.127445816 4.118689383 5.903240116 3.120740028 7.599321111 6.077159028 6.880974224 7.130025763
-32.713851132 21.903318170 -9.443565200 0.729635991 -0.229424826 -0.245049902 -0.595773543 0.884900068 5.930475316 2.306233908 1.946848853 -0.417249436 6.589911457 6.001636349 4.230053952 2.517947384 -2.597154098 2.199116171 4.803405158 4.807401182 4.981615671 7.374803888 2.779114751 -0.499494679 9.560057465 9.246922597 4.258868163
-36.116310156 20.298227981 -13.721184784 -0.632750843 0.333000776 0.031986179 0.698365047 9.849765209 1.187723316 8.907479647 1.974901205 9.610907751 1.031479615 -1.653504788 4.520857003 4.042479252 0.533973591 3.396438702 0.745872931 8.808252351 6.394509275 6.118838099 3.272466678 3.618687064 0.602021886 4.935428862 2.821057118
-41.829103324 30.080059567 -5.578718656 -0.173218523 -0.052243055 -0.799967284 -0.572117428 1.361354112 4.695728690 6.264064199 1.501868368 4.467687002 1.039007595 8.108834112 7.542253825 3.475738177 4.202010786 3.280094789 0.134478755 6.138831491 2.047333916 1.993112811 7.230125649 -3.360652282 -0.764895785 5.720929827 3.481742759
-41.086511821 23.702046134 -15.115283344 0.973548716 0.108848514 0.198724582 0.029384339 0.726139646 2.018175584 3.405938531 0.431377719 4.830607754 2.357257914 2.371539601 2.970880032 3.771640708 6.369283547 7.793894582 6.716759998 -0.767765036 7.655407931 6.743990104 0.601260435 -1.446144130 4.327803956 4.931457357 7.074700507
-34.048110981 28.262840258 -6.042954704 0.036653850 -0.594315380 -0.288319895 0.749878232 2.933305423 1.882361324 3.434371224 5.654689425 1.075203064 3.634085892 3.352139770 -0.911594289 8.649677490 1.745278845 1.973172858 10.189389034 0.403750646 4.693564186 2.082515546 -2.316592195 1.821699120 2.897045140 2.857601290 1.754191459
-39.094445382 29.604963327 -1.669799973 0.826500318 -0.170134610 -0.536050421 -0.024523159 1.413237783 0.517053886 1.028357224 6.858209404 1.457140355 4.765582393 5.772473009 -0.130595700 5.261126329 2.960366663 5.978160005 3.747202119 2.483520898 6.518018379 10.023935521 4.686811742 7.782913736 0.935041834 5.191668566 0.852393299
-38.881509971 24.547973640 -8.201684945 0.476439947 0.350468711 -0.264686301 0.761654660 5.311224460 1.641580725 6.453600696 9.306962746 6.127464635 4.564523610 3.078517980 10.189631717 5.084484903 5.997878177 9.291500475 7.795612971 8.582061087 11.432737482 7.926914007 6.406001290 0.936575753 0.141697797 0.503888475 10.658183998
-32.483563560 15.649044552 -6.890125686 0.036089573 -0.789796152 0.518744635 -0.325305373 -1.224379097 4.104163751 -2.080067432 3.166937637 5.297778741 7.567967369 1.703785202 4.187445293 2.442035261 5.451550931 5.679244459 2.270918353 6.288404026 1.802293340 5.356821439 9.632096520 4.481055386 0.997820988 5.785915355 0.466694250
-39.062648191 26.726761886 -4.349203056 -0.657431448 0.143951173 -0.512343242 0.533447611 6.713449084 -1.174007654 4.085046059 5.156659367 7.506526827 0.651785091 3.915821375 10.372712234 9.511897719 -2.276652227 5.976486447 4.268415079 6.623597428 10.138215406 1.444741039 5.522637992 6.235978275 2.393280418 8.756177711 1.157901132
-31.444395532 23.539158149 -0.020944800 -0.560292821 -0.120946611 -0.079744966 -0.815527199 2.889652970 1.944173913 5.081860266 7.111239007 5.322589652 3.755892708 2.214932482 -0.207723427 2.682640355 0.499371875 7.216271814 4.302990066 5.964309370 3.953081967 6.283305273 11.421980111 6.086435955 0.365192463 2.748974461 3.080354514
-30.815075482 25.979058289 -5.383150714 -0.183938465 0.503625293 -0.471720987 0.700005369 3.322600012 6.397127052 2.714078884 9.045997122 5.094321260 3.264313306 4.750330045 7.183632833 7.190051351 5.230273269 3.636674315 3.710178707 4.716715901 -0.270065556 3.938297455 -1.956153974 6.763632422 2.535066152 7.549597066 9.358950343
-45.751777625 23.830840497 -7.970386425 -0.012466484 -0.267405079 -0.910430528 0.315365446 4.434684467 4.304693322 7.536024958 4.974486545 3.251129059 6.823085950 5.176486782 2.321066411 1.345427584 2.788070625 7.616404668 7.660229607 4.875521738 1.612773400 1.753263631 9.966413013 3.470108321 4.451610291 4.756308142 1.862251619
-45.661969736 19.285820396 -4.031447389 0.578372545 -0.710457296 0.363920660 -0.168218258 -1.013180890 6.126774151 9.335176548 5.517848387 1.451926886 6.595230363 2.855356563 4.261933999 -2.358624247 7.596144057 4.651553987 4.677499559 6.727320834 7.689208837 0.553508371 4.521542351 -4.888976494 5.472575595 2.819430553 4.901055236
-35.033688546 22.081140167 1.222155308 0.079641989 -0.276701245 0.888792584 -0.356568813 3.142594672 6.080151373 6.555407462 0.992949975 10.939438745 3.826394138 0.073229969 -0.941362696 2.276036977 6.268563647 1.130902045 4.646559666 4.540315150 9.393841282 0.420671735 5.894289818 7.668536196 6.520820570 2.996603510 4.601369334
-31.762247031 22.514950576 -2.399567750 0.670203879 -0.258613369 -0.651372262 0.244254094 3.082881072 0.369303332 1.400671769 -0.164011069 3.903511611 0.188039719 8.340983043 3.132194163 0.467875263 1.742040843 1.123215751 1.940056234 4.255119420 3.564563673 8.648588559 4.701939129 2.482044902 3.114915639 0.625854978 4.622638655
-40.672159552 30.379528877 -5.769075385 0.296957034 0.699268402 -0.048585880 -0.648444011 4.906790278 0.890851653 7.561526526 7.189317100 6.484673237 7.016645568 1.510280666 8.376744765 3.984970306 9.593420478 2.574044675 2.680303961 2.004484826 0.986581819 2.604857629 9.314038795 2.542904234 7.221074599 6.401170495 -0.104707208
-38.254005283 14.893263827 -8.354599259 -0.382381622 -0.433712544 0.792258079 -0.194948350 2.240494847 4.187691350 4.302697979 3.386585203 -0.068466641 5.456577453 6.211909853 9.299844719 3.469562079 4.339831242 2.735956077 4.377130941 5.681371718 4.423709343 5.925798085 5.763075361 6.837433535 8.060849128 3.781356899 2.197845960
-38.153439328 15.212443770 -0.959747504 0.858691306 -0.235740584 -0.377429921 0.254209115 2.674442839 2.261263715 4.258181747 4.214792804 3.853022638 9.193695979 5.772588931 2.731576324 2.162282309 2.660907856 2.223252976 6.812480252 3.263276537 3.446283062 4.830751962 5.691903395 0.169333373 -0.985400154 3.394554060 2.861407327
-38.135338722 14.559806506 -6.110018326 -0.243560142 0.581821362 -0.531638773 -0.565263280 5.874953640 4.427073813 -0.238205987 0.878013195 10.326729661 4.604853636 2.113111133 6.500229280 5.922540089 1.019942403 3.082450176 8.844850530 8.972540793 4.151933884 0.562306551 3.317300875 3.120111120 6.249822510 1.888643570 7.064397322
-34.850946342 28.037429410 -2.026377393 0.378013251 -0.524716087 0.755381167 0.105727492 0.386831297 4.571383392 4.702596423 8.814969343 6.811304679 1.295575079 7.898876376 0.767403921 0.463930898 3.852493866 11.164368467 2.561252833 4.184655335 2.430974809 7.718710344 5.611456687 3.348209646 -0.695421712 9.127829119 4.889998809
-33.636312058 26.555130595 -13.731946794 0.110688226 -0.448263748 0.645970135 -0.607890050 2.599898368 4.550523685 2.222506177 2.838212102 10.452783062 6.225726711 3.396009722 3.421002607 3.966560700 2.441921149 4.978002417 6.173279847 2.860801556 5.652945973 -0.137533861 5.345322512 7.932687295 4.055652240 3.758619645 -0.365441283
-38.049471438 22.440808648 -0.915874000 0.905014311 -0.349083278 -0.083189348 -0.228406423 -2.490172151 3.723704119 1.908977423 2.470666399 1.177751463 3.976085337 1.393784867 0.439428692 5.165565214 5.676927321 6.883325640 5.967908018 10.722660022 7.856620312 4.534965072 -2.746716803 3.609712864 0.813895278 5.248256267 4.342772028
-39.284207477 26.596832043 -3.463287196 -0.040326233 -0.913729801 -0.278911448 0.292711547 2.313905325 1.769723988 -1.817524130 3.646512334 3.811712008 -2.318381988 5.163051369 0.855863318 4.261133587 5.063520838 9.221970749 -0.360288801 3.881421906 4.620940916 4.535837741 -0.328554988 5.734795218 7.148746369 2.121004767 1.778412511
-45.389812757 17.630715455 -8.001564180 0.065860730 0.504340504 0.853719923 -0.111648167 5.090196608 5.772571927 2.524042862 4.863037182 2.748571575 6.551264917 5.629900972 1.630845606 4.613134088 3.452308202 0.924909665 8.120023289 7.553865286 2.102568150 2.463422477 4.346738504 2.543829104 3.333303035 0.948032076 2.446007797
-33.894188181 24.808836214 1.368291754 0.655622537 0.440381663 -0.563751219 -0.241676734 6.189257086 2.600302122 4.141194873 -1.281507931 4.020189678 8.340538999 -1.124542516 3.193287473 5.350896640 4.017674195 3.419304891 3.408936009 -2.062864753 -0.547565035 -0.366806296 6.440966688 6.387304316 8.180299112 -1.432865153 4.758990854
-37.325450270 20.542610106 3.256057755 -0.548739112 0.449638502 -0.679882750 -0.185661117 2.578169405 4.404032453 3.715846613 2.811053264 4.075269292 1.757073180 3.108958993 8.709719083 8.687976478 7.179933401 5.536755040 10.636519715 -1.059138355 5.546433132 9.330665468 2.451718305 4.052892792 4.852055398 -0.143297920 -0.974122751
-39.871911653 14.112684429 -2.170684946 0.676683653 0.208172977 0.040095093 0.705092638 2.531454417 2.845572198 3.083788492 4.279332261 1.576485185 2.117494295 2.005916748 1.802190791 -5.517667537 -1.806901310 4.438178349 5.581343181 3.895180597 5.923048109 -5.140214649 3.431436473 2.803214381 4.739763668 0.763862999 1.484299262
-35.992832935 18.320239038 -13.633236414 0.905495057 -0.247923615 0.313685943 0.142174933 6.659531741 -2.347024386 5.680115168 1.257409215 3.112630788 1.641488037 6.193257255 3.508602599 6.309461401 4.436874224 -0.615882171 3.468067357 2.449514079 2.888021943 12.136119885 3.288278264 5.561381562 2.461409765 9.096399687 5.548512892
-40.219698074 25.673097383 -7.536169098 -0.556003211 -0.691901687 -0.206546071 -0.411668805 0.447563146 1.456436775 3.068442222 6.564699639 3.587605113 6.035756669 0.330305879 7.736330326 3.314229097 8.015641762 1.277877961 7.817774062 5.892045222 3.267213731 1.696348774 7.570654470 -0.039654726 8.140913455 4.202077553 2.027199107
-42.016673333 16.997304017 -1.418116638 -0.947296708 -0.072733672 0.124600240 0.286030662 -0.263815478 7.888817660 3.401015400 0.510575411 0.567616101 5.141727404 -2.227858315 9.083211674 2.702258025 -1.730320479 2.382158951 5.979650757 1.531212300 4.882501247 3.924370999 3.585005124 -1.345280514 3.097803239 5.919614407 2.418671620
-41.769503675 16.142152253 -9.371080475 0.647274148 0.151480088 -0.636613684 0.390913005 0.853096526 2.364512981 5.788924556 4.835465048 0.233547542 5.488148981 4.684598979 1.910613015 2.177272843 6.273355798 5.246917010 1.911270850 3.370849619 3.232826368 1.184449854 1.688519826 3.626704949 5.470729818 6.379020288 0.997394036
-34.278803838 21.435036139 2.594768348 -0.517655131 0.550214783 0.203490025 0.622807087 7.341730936 5.364381137 7.594908318 5.301240149 8.590185201 6.777020443 -0.972072282 7.015928435 6.785153199 3.430659198 2.862483784 -0.492976756 0.290599695 4.606913151 7.625137216 5.070517473 4.193183226 3.899240544 -2.687787854 4.506702933
-35.541341163 20.127984782 -3.728996095 -0.104632018 -0.817292374 -0.550875380 0.132746493 4.775249272 7.884799020 5.302834238 3.653609277 8.483337105 4.508771124 -0.177294792 -0.335285852 2.963683531 5.782607541 3.329545196 5.832532883 1.718273368 9.969740728 6.453066128 5.467475929 1.199457214 7.946787355 5.428617826 -0.808554398
-35.102986307 26.560736811 1.104513389 0.353744883 -0.375918295 0.148408608 -0.843519341 -0.091851487 4.048033933 2.632034510 -0.745336127 7.590583393 4.793629031 6.900440154 6.845356030 2.836150589 6.136301559 5.553714917 3.941642635 4.505008170 5.330039424 4.258907719 -0.191489772 5.126478399 6.090271693 9.192595776 0.623752661
-38.688416136 29.037976102 -8.203004144 0.313682272 -0.180410280 -0.848414197 0.386327469 2.459093952 7.419941145 5.071574386 6.463472533 4.664710170 5.865667469 1.654852324 6.711958593 6.420148503 5.527725722 2.606626173 4.958262776 2.290974490 5.006060081 1.381747810 7.440317127 6.425131670 -1.327100363 1.156718477 1.316076607
-46.502523014 25.924132454 -7.230103393 0.753627687 0.421949570 0.352771045 -0.359939522 3.860717509 2.378005912 5.895445511 4.028364488 1.658431193 6.520301065 7.723300011 8.254353531 0.611519189 4.142948262 -0.050984495 2.826260237 4.403889433 2.130419625 3.474046279 0.705910696 4.306253628 5.573378706 1.845630768 4.095634521
-34.316379286 17.264609803 -0.440166650 -0.491900394 0.104242176 -0.678210075 -0.535909195 2.494343358 6.110448284 9.803910642 6.955495139 2.480698507 4.308350973 0.951620217 0.783331539 4.677884841 3.085585079 2.296271172 -0.503419495 3.587244040 4.627418853 1.730104832 5.952134190 5.274764528 2.098403939 3.363259362 -0.849318065
-44.433957051 23.335004180 -8.744208994 -0.248499056 0.052670457 -0.810652161 0.527557690 -0.177283324 8.227928302 4.901864337 1.183218213 4.496742789 -0.270492024 3.020443178 3.602092809 8.507246891 7.923264188 1.034236565 3.095615372 3.703386305 1.610257923 6.203821075 5.227718492 2.628650477 7.795544416 1.635620227 0.253882103
-44.023912627 20.504334843 -11.099312856 0.550900657 -0.742373677 0.259507611 -0.279366409 4.253025844 7.758034802 2.985814697 4.023077213 4.320145642 -0.392642300 5.889165509 2.176228976 4.283960737 0.605952958 -2.771644646 2.798383678 -1.648355861 7.560926082 8.298290241 -1.896904715 4.784109740 -1.963186042 4.275495970 6.378117934
-37.223742591 27.827963701 0.216111585 0.043649259 0.314060996 -0.671876054 -0.669360143 7.171555170 3.257565993 7.785562096 8.138787892 4.948487446 -0.235380571 1.665346831 5.335837785 0.498280680 1.966192526 0.115527862 4.659108521 -1.126755857 -0.287185860 4.644343399 8.203271443 -1.561646916 4.576678030 10.394510258 -1.701189768
-34.772957025 22.963484451 -14.724750757 0.258544165 -0.260910051 0.625494238 0.688358786 6.808504200 4.570598567 6.848559899 8.097365782 6.020917807 -1.854855611 0.447565843 4.950620552 10.830421055 1.023958042 4.110674856 6.008512609 1.868553014 4.917673528 5.975586302 5.254620847 0.660366754 -0.197639573 11.070413475 5.758890149
-41.189774325 21.087439830 -2.580121650 -0.665923371 -0.613673793 -0.423730444 0.020076123 7.464830298 5.970495065 6.231594636 3.623406741 0.039158475 1.312913866 4.345922334 5.772246156 1.443702283 5.703991699 4.380412584 4.489457876 5.972221517 5.811715069 5.350566745 3.511804543 -0.600682663 0.544080694 4.315241024 3.194582830
-39.771633520 20.323006989 -3.717954155 0.704924786 0.413882851 0.329273558 0.472610786 3.646879286 6.763331627 8.387971021 5.822381145 4.936849354 11.967244247 2.310701492 -1.417398124 6.164654696 4.544787657 3.278644011 5.453130573 2.268959382 9.528563289 4.044733113 3.703686737 0.030055498 5.404896971 4.769397060 4.634617248
-34.496357676 19.235202585 -0.063344835 -0.921239465 0.289051147 0.164227013 -0.201982106 3.761198513 0.834973008 5.779379935 3.681731249 0.323295879 4.252828480 6.616393409 6.447068607 -0.683425130 -4.917820526 -0.106992613 2.697633200 4.535791222 -0.191716824 2.529361526 3.039544366 4.350731727 5.754896030 5.563672206 11.310988615
-34.697295878 24.820814841 2.167589266 0.072932722 -0.305930907 -0.256274053 0.914008046 6.453379717 4.687994818 4.859067493 7.713634680 5.072774505 2.345983820 0.994070918 0.378300470 3.340584554 0.941142355 4.421221912 4.457209286 5.592521020 2.228583590 0.032168986 7.753672327 5.540663916 4.554521730 0.340368133 7.320098021
-39.777215641 28.638793961 -6.687864675 -0.364557169 0.341307044 -0.617630595 -0.607568943 -0.275510476 2.708014023 5.758346008 4.562795705 4.613459920 4.378899801 2.548193314 9.110597330 7.413165964 0.688138836 7.356986005 1.982146372 5.283418149 -1.588121310 2.145267795 -4.245011545 8.612875889 -2.871850368 5.819894363 11.079246056
-43.325799061 22.239858416 -4.802296121 0.456479617 -0.330097908 -0.611389225 0.555756193 1.601609230 3.617196423 2.798081483 3.366050249 4.698415536 14.170702042 3.290506937 8.324095449 2.521475836 2.820945154 2.651602448 3.497012947 9.887988622 0.938246069 6.427934887 4.775538910 5.537694890 1.809281278 7.972851095 4.838827917
-39.345964430 28.146638594 -4.987924039 -0.842881894 -0.309964706 0.437071654 0.049400028 6.552341775 4.048957253 9.084738970 -0.245589359 2.078868069 6.038287184 5.083858085 0.887103779 4.338027788 6.243694331 7.414146760 5.755790325 3.711834065 7.531021799 3.641746666 2.176980714 6.048228631 -0.411053930 -2.226491223 4.076234190
-41.091573713 22.440191851 -0.786739410 0.456430362 0.512570629 0.242817979 -0.685552408 4.355259546 3.891103598 3.356143936 6.633252926 3.547892338 6.552402752 3.305525225 4.934211924 6.835974501 6.527829114 4.295499002 -0.180872149 -2.642723673 3.894635473 1.228647871 5.542071571 3.807512873 1.221701891 5.525783419 4.315516527
-32.591916985 24.986467279 -13.266524232 -0.507145872 0.814216243 -0.137118093 0.247090273 7.048950894 1.170984690 6.817426376 -0.790433568 0.672575798 2.051443956 0.116818109 -1.437830442 2.848842575 5.651394898 0.889532926 2.102190643 0.219863410 3.938087787 6.590527704 8.121906250 10.239147407 6.422447592 3.780665049 2.507902050
-38.797109528 20.403812377 -2.885638165 0.274861726 -0.881586986 -0.346268483 0.165389103 4.777879040 6.887098122 -0.317621965 -0.971179488 -0.458876838 1.396387766 5.693248808 0.316179475 0.414987182 3.338394840 8.696855021 0.573682392 5.989078347 3.380008062 3.078068722 2.140908017 7.139044783 10.072708466 6.342360325 6.941309279
-45.020672600 17.751685171 -5.616736763 0.370997153 0.133230936 0.544073781 0.740671554 6.235450878 1.457569410 -2.639897580 2.621929762 5.947406764 5.193045428 -1.391643010 1.371842938 1.325582444 2.396355247 5.414232025 -0.887922012 4.532169653 9.916049703 9.897191815 6.916802683 5.181755529 6.243031226 5.641005818 3.700263036
-34.609303384 19.820288393 -0.131999545 -0.026700847 -0.316755282 -0.166616978 0.933376633 11.409141110 4.113870041 6.248053223 -2.157902864 2.235339309 1.839747450 8.645576478 2.346331753 1.690230079 5.242410560 4.832142911 0.079189401 8.540963074 1.297731387 6.899964722 3.619616778 4.889052123 5.342012738 3.384306765 8.602257954
-40.348933345 27.040559830 -7.441268028 0.159132652 0.340919671 0.446590012 -0.811793039 7.134618180 6.888973893 0.287200944 5.130790079 5.162254084 6.180830943 3.385011687 5.827293998 4.815232719 -1.020105692 1.600430694 6.023474530 2.354011999 1.251891493 1.523405708 6.330519886 1.974903973 -0.402775532 8.961916660 3.077242694
-37.468217104 24.092638908 -9.899431699 -0.111278294 0.769212911 -0.458911737 -0.430498150 6.668573631 6.878890931 1.412596308 8.660702083 0.622585060 2.312177414 4.014483246 5.852844709 2.200161216 2.010697187 4.854163353 1.676410175 4.736923665 0.759456466 6.530190722 8.248994606 4.847395210 11.193565405 3.584261649 7.053555231
-34.026679899 25.806759589 -8.065824074 0.815676002 -0.093881105 -0.022074136 -0.570413648 3.676842342 2.638197802 -0.619846724 3.450105444 8.119402639 -0.890788361 1.432562583 3.918946427 4.744618066 8.370997784 4.849680089 6.172675545 3.138424274 2.698282007 7.791542016 5.654339045 6.684779748 2.729728809 3.346229582 4.194586178
-35.448885251 24.425089948 0.823818918 -0.780052205 -0.196616773 -0.516813459 -0.292855341 2.450552811 0.715935111 4.397495439 3.734222328 8.934577181 3.469582878 2.067439534 5.232869347 4.258281720 1.700785498 6.691165930 1.315766997 -0.263678554 3.517260585 6.596526916 2.844838915 -0.165766276 5.106016090 3.232415587 4.673742465
-33.563645744 21.800623399 -5.611347340 -0.531650061 0.481212288 -0.618929380 -0.320483025 4.447726231 4.683472740 3.594852238 5.134097705 7.383521368 2.539525965 2.513975036 1.043617082 11.505200824 5.744981743 3.186964110 -0.229110910 9.485486030 2.855721919 3.705306836 1.862496832 5.040488898 2.865329643 5.994387455 1.918362447
-41.004214924 21.566878682 1.085417724 -0.207962749 -0.068816211 0.807726889 -0.547350981 2.095982436 3.763787215 6.025737681 0.308647787 1.319356299 1.194356083 5.840863104 7.641048411 3.038024252 3.810373773 4.004316446 7.044754732 6.767749154 5.563910163 0.205623969 4.448608326 -3.102389058 5.697140148 4.495977662 7.908886702
-35.049051214 22.050418842 -2.200393413 -0.331148864 -0.817426801 -0.187327732 0.432506850 6.008395643 8.770553239 3.269328917 3.276757503 9.218867529 3.779479578 6.416594790 2.557552213 4.058338673 3.170792900 8.689629865 8.468588247 -0.853710653 2.861404211 4.239289184 -0.700380211 1.150383132 6.773832012 4.537710878 -0.593110340
-39.484977000 28.836050466 -3.336129051 0.153780225 0.012304299 -0.237165106 -0.959141783 2.539057450 3.973230656 7.955012557 6.261765950 5.058394003 2.556016222 5.087653781 3.211200967 3.985050597 9.426812783 0.849077423 2.988023737 5.854996073 6.802470922 1.736054067 7.129203076 8.581603026 6.659347295 -0.126885673 3.842508122
-34.674721280 31.188575884 -8.416966204 -0.300265875 0.803369794 0.462147981 -0.225514128 3.785760287 1.903727049 2.464185622 2.335601402 -0.342761177 3.135224497 2.150522203 3.108378107 6.606022268 5.289321144 3.557255376 0.314887552 5.186383975 2.132309220 6.018571295 -1.309665504 1.207392230 6.329608501 3.152052877 -1.982986043
-33.819726949 27.755605799 -12.597320132 0.665847077 0.715123186 0.209434908 0.037195676 2.378184397 -0.272317621 3.984377566 4.753213200 1.585151410 2.888231140 4.291588582 1.711687286 6.438407691 3.526213656 7.684894905 0.799086956 0.291761092 8.794739178 9.893743028 3.279140334 5.187508573 5.532980182 3.547051338 8.840325200
-38.536307870 28.831233858 -9.012681645 -0.339410228 -0.855478721 -0.351118201 0.172258130 2.402337992 6.308446841 5.987686506 6.559781485 4.871582123 2.742081263 7.126696514 -2.474687698 -0.098781832 5.864816269 1.744315978 3.294649961 -1.799126600 3.869275540 3.497286696 0.440374717 8.597347843 3.477422572 4.713440099 9.277329334
-32.755168682 17.334100033 -9.778452389 0.651177097 0.360165598 0.453682291 0.490327961 1.796382903 6.044611743 3.417717084 -0.481935650 3.169341986 4.014894589 7.647580663 2.284332809 3.217458515 -1.887829109 7.907804090 2.141921592 -2.389495621 5.695977449 4.285146268 -0.906296989 7.028778705 7.701405909 3.637826714 1.839565622
-41.492990623 18.776087217 -9.633556123 0.406267728 -0.215995537 -0.042838622 0.886824285 -1.971920820 4.239580860 6.421756352 0.942170769 3.781091043 -0.408974389 6.412625397 6.487270307 2.479455084 7.041006660 6.071260200 0.358062263 2.739569305 1.860780098 2.936183739 3.541609545 1.167643420 4.912101588 2.343498202 -0.658944522
-33.829515144 21.474380656 -3.198908259 0.908146423 0.226314692 -0.190792213 -0.296057539 2.901221145 5.117959808 4.647633940 9.606832741 3.264243622 11.540227063 4.547378932 5.808676077 4.660924673 2.514593706 0.582902044 5.307231196 2.166897791 4.857332215 5.250672467 5.374118547 5.579038238 2.877633314 4.029685471 0.808112898
-32.695980589 27.964632457 -4.663509587 -0.443261571 -0.159524250 -0.552018620 0.688001916 3.978439846 0.976388373 7.530803796 3.169670542 3.979311012 5.274201293 1.683087213 7.101827172 3.363958323 5.555724030 0.990594202 6.431044034 6.970542721 1.344167531 2.200908348 6.073455297 1.614988448 5.021627127 7.465806456 9.669022656
-36.036646979 22.562084707 -14.319336505 -0.536482475 -0.489750947 0.053609385 0.685169029 2.721392977 6.187818103 8.140726584 3.671084778 5.141308929 6.585092563 -1.503005763 7.944084063 5.376171586 4.241494216 5.392316336 4.913084014 4.929773870 1.550287116 -0.537034873 1.821330956 0.400190008 2.221972976 -0.721338132 5.331068721
-36.302498140 17.880805900 -13.647511336 0.868971338 -0.350803367 0.348427452 -0.020594226 1.045139823 5.229359967 1.230376847 2.619455700 -1.070806622 2.329050960 9.585106035 5.924013241 6.366204802 8.535484001 6.246992254 2.548291222 -0.679166898 3.966173186 0.852036073 2.454291472 1.229188875 7.089736088 6.857161241 3.170709291
-34.164408869 24.651719612 -11.973528026 0.776610027 0.306840931 -0.434939308 -0.336976717 2.360467562 7.307542480 2.033033423 5.177771529 7.516379905 2.791078183 1.785890597 2.069134414 3.177755423 3.875085184 0.764424307 6.919632610 2.416641738 0.190867439 2.474796786 4.332847442 6.293266310 9.770987792 5.095809692 5.669826089
-44.209490090 19.591678707 -3.121776685 0.200984025 0.023279283 -0.832287956 0.516101012 0.245494461 6.650336681 2.034629923 6.653278615 5.114199737 1.719119920 0.836640670 0.344084347 3.170998205 0.945406550 -0.818689210 2.473514727 5.643065875 4.964017967 6.062369224 0.919415125 -1.705789083 11.736754488 2.477282665 9.344158997
-40.612448496 26.535837803 0.185237795 -0.066985463 0.666054471 0.180754457 -0.720563818 1.726393294 3.213086632 3.845844464 2.736195347 2.813653797 4.129150719 11.340206475 2.679773911 1.298435244 2.394931654 1.158586063 2.838332470 0.053050576 6.436913626 5.626430113 4.255701126 1.797711196 3.553464832 -1.552839006 8.650803006
-33.714429960 19.274715098 -9.128440078 -0.308233504 -0.264604575 0.910483647 0.077434198 5.099269124 1.187657123 3.806503493 5.799809197 5.665904298 3.171068515 6.241603694 7.945697880 0.790710549 0.708391055 4.756449100 6.768185352 4.855834097 4.053504686 0.538158592 7.244275923 -0.088351260 -0.601874888 2.968680758 4.622958232
-37.301025212 27.126091354 -4.685961479 0.349332410 -0.723374755 0.231796345 -0.548603942 3.848266707 5.905201803 5.288923843 5.426783092 6.018249807 6.705728810 2.106910991 3.647900425 0.325748042 7.494292298 6.865472411 -1.816472725 5.736139069 5.518365661 4.302556917 1.010530588 0.460855706 2.700483550 0.776441098 5.446817995
-36.163527900 22.558729198 3.236177886 0.307623833 -0.136436632 -0.272976970 -0.901241475 3.824407226 3.311997386 0.346538915 2.166845602 4.379828573 4.897356815 0.879493663 5.267362688 0.163146830 7.329133765 3.675364063 -1.324648433 2.785226884 8.338670372 7.365062990 3.905415573 7.838772827 4.399145878 2.723395779 4.887279467
-33.291631057 29.401762993 -7.630319643 0.469772074 0.164023369 -0.434146251 0.750951107 1.931500522 4.739416176 -0.601733893 3.002814134 10.052199995 3.414713363 2.923084707 3.105692216 2.403412708 3.115856221 5.343254144 4.341143611 2.989852846 4.148529619 7.052236049 4.894935111 7.595951808 3.565245089 7.770378679 4.378691504
-42.898836757 26.433517201 -13.355971678 -0.330787929 -0.516393328 0.019762171 -0.789637089 1.971335128 0.688555557 0.583851713 -2.132881526 6.226918822 4.720425713 9.429953027 2.916945774 2.666348171 9.953602321 6.224851919 3.136954022 0.603397687 0.095837346 4.554147513 4.243490521 1.748909299 -0.930279592 6.108516993 -1.326235668
-29.943165416 18.162428355 -4.181099968 0.518888108 0.158392833 -0.810335850 0.221410596 2.603523355 3.454981295 2.195806024 3.375469724 5.793008019 6.999683681 6.651190241 6.835384085 1.759167263 5.292425593 0.223466432 2.727641058 1.651822990 0.405618679 2.740801917 4.065706680 -0.189646932 1.391527624 7.956726991 3.076059321
-32.981925470 23.139985467 -9.908112460 -0.567733339 -0.491332333 0.002392254 -0.660504104 3.419674393 5.427381782 6.630781178 3.949248213 -0.226169660 3.765901118 3.260670106 7.082104603 4.733049549 5.995040296 5.388256813 2.172060967 2.584742265 3.101085100 6.138841540 5.044517010 2.265202333 4.452782455 1.314174902 8.747402323
-42.209512784 22.093970661 -11.769309185 0.138176990 -0.014070788 0.506248217 0.851129764 1.254029623 5.468414739 6.863682585 5.344100593 9.232476423 6.515674176 9.500444232 -0.195722130 6.481134640 6.779473164 1.857673548 -0.562179481 7.480673622 5.217797668 2.732405152 2.573063762 3.327742090 3.400966515 3.699623178 6.920450682
-42.171640776 28.590530892 -0.380441544 0.694671334 0.196953006 -0.688366509 0.069230061 2.413359493 5.355347089 4.166893121 4.245005900 -0.217899244 6.501812098 4.711938939 1.277209737 4.772661472 6.869786758 -2.060741883 4.547423094 0.816520240 8.883202705 0.907279970 4.252517915 4.510448092 4.157375404 3.732452379 4.694657819
-30.859782039 26.138758429 -6.617058434 -0.403891960 0.183610173 0.305778832 -0.842411951 6.203932164 -0.717680793 7.780586758 2.341847954 1.081753212 7.429025317 6.365910222 6.273714318 -1.523616149 6.396756828 7.280746353 5.318709450 2.499600441 0.756570098 2.605985119 7.738695661 5.613450268 -0.320271228 1.085824872 2.428719347
-39.621308914 17.705805803 0.799205523 -0.678949059 -0.613446646 -0.355471678 -0.190660101 5.295170830 4.814033109 6.076355627 6.976805383 3.604045419 6.215768510 3.503749458 5.053938896 3.078175906 9.342647632 6.066641557 2.857911048 12.453957142 6.532249113 0.500778117 4.203392346 10.102741963 4.468144106 0.303855994 4.977605385
-38.338034232 18.913681513 -9.988199272 0.417782062 0.142830621 0.350815169 0.825824606 2.991378204 0.428019594 5.060992580 6.008283245 3.380567964 4.610680311 5.103121977 2.580337951 2.558791004 4.635773372 1.186193188 2.931189886 1.995040189 -0.003935171 10.429155591 1.847517507 7.684836004 5.772738741 3.919858442 5.091219722
-31.454718062 18.349322977 -7.032334862 0.230497429 -0.251396482 -0.400347244 -0.850525031 8.464059252 3.658964558 1.049033170 5.514306507 2.618755378 6.120175746 9.729907976 3.209375574 11.809558124 0.043834421 4.205708546 6.134938198 2.045034044 2.518793373 6.014102756 4.044815155 4.769410600 2.319968936 6.423448378 6.626453112
-44.656623095 25.045754312 -10.135302043 0.047196199 -0.782693650 0.290722198 -0.548309924 4.522208227 10.160651004 5.232756998 1.195820719 1.344875721 4.403305465 1.954784956 3.335496890 1.181508483 3.961513809 5.396360425 2.059679985 3.607980014 1.748511695 5.038090824 -0.105005571 5.398710671 4.803914477 -1.691926643 5.786512022
-44.504784966 27.465975506 -4.258310002 -0.195074284 -0.015126799 -0.967728084 0.158806670 8.498064177 7.192817266 0.648503225 0.579838642 3.906919364 7.572283856 6.041734984 2.565967117 5.723538177 1.831614138 5.380161198 2.071110002 2.264764078 9.207972035 1.500225710 10.207986801 3.122989361 0.747425624 5.145633879 1.916057982
-39.125549918 17.302226868 -10.731232091 -0.468899356 0.787452498 -0.278100967 0.287596608 6.163017001 7.297987263 3.386237761 4.126370338 0.316565163 5.708580521 3.903779541 1.865266738 6.828992011 7.164485268 2.855344010 0.920780856 7.923182858 3.671804667 2.679665607 4.538697086 6.439146471 8.572990623 2.215128002 -0.292266735
-45.849964710 21.162811555 -8.231128917 -0.647152780 -0.490363261 -0.567521202 -0.136590032 3.634716285 3.102305601 7.806285911 1.438782486 3.100454629 1.676398897 5.404406709 -0.370320869 1.991409473 4.887487457 2.480411970 6.575916213 6.007916204 1.177435247 -0.708592605 0.071659441 1.212446100 2.272429694 7.715983747 5.424855432
-33.351076044 26.210821282 -7.051212553 -0.083320638 0.270748623 0.924390605 0.255450315 4.174301343 1.993408292 2.844049871 2.452792731 5.059140759 6.602096404 3.973358082 8.033975334 6.302541127 8.542467291 3.364469525 6.722747785 -2.031454758 9.385475196 2.606130309 6.218503383 2.931199535 -2.861845428 1.757483328 2.300306145
-29.800133578 21.224690566 -9.895634241 -0.622245956 0.365344677 -0.631066126 -0.284760921 3.040271727 2.404607343 8.413207138 4.538077431 1.313390672 5.238807913 0.264685996 4.595528576 3.064414632 4.153887588 4.414097555 5.222133216 5.697543331 8.564699581 2.736151111 6.446328895 7.407137303 -2.715164710 -2.087367007 3.146365526
-41.674594386 29.790804883 -0.739697331 0.270198195 -0.756543892 -0.458712091 0.379759783 8.011966103 5.702229011 7.073348949 3.159557897 2.164136343 2.519037233 2.719938065 7.106399979 9.019923761 1.506384937 3.312702176 8.031150286 3.134837728 4.100874781 0.214969296 0.925001517 1.327509555 1.222248395 6.591137328 2.736487072
-28.354153854 22.047573756 -6.414600048 -0.598128913 0.191339854 0.147457128 0.764125159 6.283931622 7.512388992 2.760890002 -0.001937240 3.151913455 1.773027658 7.183698520 -2.961176336 0.069233986 -1.027770173 -0.035486129 1.556945016 2.279897070 -1.098685837 0.075522500 7.282056381 7.203987637 4.428704212 8.989227421 0.157664568
-41.041446365 21.849485390 -2.003854563 -0.624759743 0.640482755 -0.004876714 0.446579581 8.327841869 5.587600176 6.744617504 2.851255554 8.474176303 2.266753617 1.847252225 3.530318837 4.959337929 2.622611652 6.158428575 11.079303167 2.669172680 4.113899679 8.452088650 2.510083855 5.245917017 2.245184550 7.420984703 2.230132790
-40.515135056 27.045164767 -5.347937072 -0.521014349 0.324289531 0.353553095 0.705960734 5.826956203 7.296730877 3.022726794 3.984426311 1.062963152 7.996390413 3.230465341 5.210745057 1.238937138 6.920370334 1.177438980 8.472660487 5.176256741 5.495676613 6.508615023 6.314466745 4.346272436 1.001724526 6.631757700 5.688285834
-37.940288591 28.918381544 -2.019800667 0.753712934 -0.268983403 0.138063155 -0.583526612 5.285849942 5.054783815 -1.488792999 7.810140002 5.902122159 4.030639781 1.653834180 7.876127404 3.404870244 6.311681965 5.717440165 5.659182110 9.515755041 3.521490664 1.558321027 5.793423159 9.095341023 1.041427798 5.903894545 2.680947468
-41.673073836 16.619475595 -1.944916783 -0.857924788 0.110073618 0.372781561 -0.335980302 2.294811491 4.256266178 9.389726767 7.549913578 3.999147905 3.334758410 -5.769060640 5.337028049 3.126070720 1.298541294 1.960922859 1.755552776 4.435276135 2.589192754 4.423826067 1.931104454 5.731856321 -2.922012063 4.848331017 7.745494399
-40.051476910 24.712487672 1.993718492 0.094538004 -0.380222925 0.746625740 0.537627285 8.667040766 1.615452848 3.589862981 1.112386952 4.127508144 5.848007879 5.345511106 5.080604053 4.302948042 8.274306499 4.211439072 6.966726995 0.525758885 0.113773996 7.507881172 5.788050986 3.195809469 2.764266681 4.166176285 3.181592978
-32.872511672 22.680697731 -0.512998412 0.411744181 -0.491537275 0.762220808 0.088754021 6.205407635 4.926485829 2.706494325 0.759717933 6.210141979 1.740901977 5.039571624 0.802651867 1.497860498 7.440640178 5.824812807 -1.997741975 9.835944602 4.112216993 2.434414695 5.305314784 2.624920456 -1.294636134 0.069284713 6.806477128
-31.197973015 16.337516049 -3.001743691 -0.385085479 0.553266349 0.418128272 -0.608912366 2.194761926 1.803036237 6.586214154 4.349242481 9.527237505 8.606507662 2.982334404 1.362137091 5.959126146 -0.995022583 6.799626639 -3.356230326 0.779798994 9.150991419 8.378302967 2.642973365 4.736618071 8.075972356 2.600200247 9.246770980
-31.991641855 16.764401165 -5.238556729 -0.284648577 0.689242497 -0.452242924 0.489281417 3.520671223 2.695222583 7.269800282 2.715626991 -0.252130604 7.846384191 4.687056806 2.632612202 5.769310702 5.905725328 4.272287492 2.018208500 2.258803091 6.741818416 0.791478175 8.808958005 9.803424297 9.735621045 4.112932313 3.434676862
-33.908464536 22.069574491 -9.720933148 -0.405085214 -0.170933369 -0.897527201 0.033655267 -2.556525054 -0.347348853 1.232877067 0.463505570 0.430504654 6.837275064 3.828281707 4.891952326 7.314534269 8.046073651 8.721306686 5.172143858 4.201137298 9.666347712 7.510309259 7.689444025 7.663561422 8.402238109 2.423837826 5.069932022
-43.985630478 27.760485986 -4.744494414 0.479088149 -0.145163175 0.524282542 0.688861390 4.753778713 3.662658419 1.513606995 5.280566470 1.412335478 6.813036513 9.673361179 4.168330357 1.249377086 -0.016652410 0.136443096 0.216465309 1.082259851 3.618872049 6.568430788 3.885006535 5.931198191 6.631807174 4.629943823 6.243880917
-42.323143512 24.337733452 -9.155847572 -0.481233134 -0.505156074 -0.462959774 -0.546717714 -0.951782829 8.670108269 2.995156868 4.343843415 3.425228994 7.874936038 3.941566561 6.182472302 0.119428824 7.117354864 6.844972644 10.837981585 -2.167367049 4.904018662 8.706712268 5.333546589 10.119632471 4.928957319 5.405676115 -1.119698195
-40.137994427 18.999802960 -2.861976252 -0.130953910 -0.688206449 -0.551364417 -0.453012402 7.547593864 4.610194300 8.749932772 0.667058042 6.962507897 3.185024075 7.469918645 4.322045937 2.765598764 2.078202397 4.690156192 4.002520208 7.433571024 3.914858627 0.949655213 7.825775773 1.686083073 8.992871752 3.144776144 6.252045649
-42.649810580 22.184255331 -4.601821766 0.374758413 -0.126556067 0.083844294 -0.914609112 1.376623111 7.617736370 0.041242251 3.843272177 -0.990052444 8.365237819 4.795964517 2.286447876 4.985911262 6.134352440 6.311508182 5.764348811 6.341284332 1.194452698 10.132255552 3.605754230 4.529777771 -0.186577463 4.676819146 1.254360384
-38.608117500 19.732831542 -11.526833760 -0.117623932 0.335781472 -0.927270978 0.116550193 0.535347980 6.479733808 3.366477496 2.741899843 4.447460257 5.850163484 2.887228662 4.483156667 8.246181594 3.580732549 -2.579368082 6.842763484 5.019733734 0.189643075 -0.439879153 3.992592508 0.850150282 5.212548869 7.432611217 -4.938761261
-30.103802901 27.595171214 -5.771873421 0.116369991 -0.597069044 0.792332929 -0.046638088 3.455857418 2.704990666 0.221712127 1.679184724 4.491643521 0.927118641 3.392396804 0.267932093 5.272082989 3.920775769 4.533553186 5.955126641 2.831473729 4.229060123 9.738384428 4.091174064 5.481966841 9.736629405 8.007710966 6.637776406
-31.905479392 26.074811263 0.500351319 0.587580767 -0.700406436 -0.400637188 -0.060576485 2.743990096 7.299546543 2.953523549 6.730097228 5.885946660 6.398023075 5.417105265 -0.945325314 -0.938632094 2.469015094 0.553704249 3.384584712 6.391495415 4.079016159 5.249645375 5.441803896 6.684518649 3.207119875 1.398679870 -0.652013177
-41.657189149 19.174499742 -0.253561208 -0.287680044 -0.794380971 -0.021404109 0.534547406 4.542361752 0.630633441 0.429660669 5.755490123 9.693297124 0.997742661 6.950061735 5.625255252 5.076360075 7.527573082 -0.610525606 6.514800979 2.512034035 6.375041984 5.160027263 7.753087541 1.397980600 2.629319956 4.226551977 1.901267669
-43.612264100 23.994819718 -5.056376694 0.058762945 -0.448657185 0.403687208 0.795166828 2.800912824 -0.989682449 4.198964922 2.220295139 4.733033767 0.139626746 -0.687170937 1.386969331 8.283281257 4.479643146 2.151525107 6.577730443 6.867295569 4.662477378 4.760494611 2.525508623 8.560199232 4.577160261 2.566472444 -1.944833800
-36.970579057 24.398212227 4.120375756 0.571804350 0.202557053 0.790643008 -0.083030480 0.049483518 2.337260051 2.730777948 4.479670165 2.837513351 3.047142443 5.261605949 2.334143088 6.756996740 6.209654006 -3.006708276 4.326350561 -0.373610834 -2.862568308 3.686233969 3.933613295 5.088493568 5.824068918 5.214746926 0.892561206
-34.103828952 28.833135128 -5.012643597 -0.328476626 0.313677292 0.629709033 0.630219165 6.186285248 6.026528685 1.004609618 1.804186268 4.594911301 12.420718932 5.384319026 0.395269921 5.581697484 5.223570110 6.025350580 6.297350833 2.864491947 0.845591790 1.320708483 3.054756252 5.358489860 0.595055008 5.389901332 1.620531556
-33.621394517 22.419909365 -0.934544130 0.387855352 0.670951054 -0.416505846 0.475305996 0.789600873 3.076502504 3.992840896 2.690813895 1.036996502 5.723683592 -3.262768170 2.883194195 4.897894639 3.580448256 3.024217218 2.054915743 4.897183989 6.266761380 -0.155570595 4.575009777 5.424636218 4.989587482 4.146539096 6.889113505
-38.304516047 27.966010041 -8.709061140 0.966740102 -0.008734683 -0.060523299 0.248342928 14.051522548 2.776229456 3.645174462 6.774279499 7.647962003 3.823642863 5.720966643 3.374841244 1.044678652 7.111654532 3.506984556 -0.028151339 -1.199724311 4.763508772 7.880124431 6.330902632 1.749645989 2.641274797 2.228755481 2.391989756
-29.735170654 27.541135757 -2.786730076 -0.186250760 0.292002377 0.414691623 -0.841472592 7.058898867 10.024156576 5.116547134 11.146790393 3.110591059 6.350060265 8.888127918 7.844714288 6.952611131 -0.229018477 1.898633088 5.251846938 1.032101943 5.374395568 5.226160939 7.522321973 -0.553549723 5.269173855 1.163052228 7.646584673
