-37.138494024 15.797835396 -14.964504459 0.477499303 0.302271467 0.823744780 0.045507280 4.731116764 6.535042559 7.299098345 5.051595187 3.489737842 2.310376036 -2.114723116 5.429329089 6.847337460 7.147375153 0.205219058 5.475060024 4.008085736 2.666352385 3.812275791 5.400437982 7.303129095 6.640032126 6.005019093 7.100922010
-37.152231187 23.539955441 -12.063381917 -0.105243384 -0.801469693 -0.404377105 -0.427842633 0.575887678 7.580423026 3.069964274 1.928436922 2.394670075 6.185621393 -0.215761919 5.718944478 0.977314671 11.935442511 6.394005154 1.871635353 4.159258622 2.826459729 12.317563653 5.482548164 2.633914023 5.044568213 3.180864033 10.526670012
-34.368583120 11.480778915 -10.152491131 0.038512109 0.138254396 0.716365498 -0.682805252 8.849418604 0.674796873 2.120500909 11.040349221 -1.254437570 0.176404872 2.851439758 2.731543451 6.920223826 0.899034896 1.522452724 7.349707872 4.475336679 -0.005138880 5.827850189 1.045748709 8.127869374 3.838634437 -1.367281659 5.156663295
-31.930521237 20.031000048 -6.597753595 0.577907424 0.710998964 0.206059095 -0.343574056 4.663814793 5.661507586 -1.671331480 5.196248696 5.789192282 4.146375013 5.234468974 8.584974899 9.079473892 7.123950347 2.084771970 4.770592576 0.235722631 -0.703735302 2.342805417 5.579765109 5.211331200 2.395390098 4.821779200 10.945575913
-36.080987350 21.672602528 -16.415595190 0.237919959 -0.603547663 -0.344453830 -0.678583724 5.949598091 5.481804262 2.199242574 0.423207401 5.743479792 4.940278744 4.013144836 6.630844858 -0.281691280 5.286060907 0.525720832 6.900960526 8.197854824 -0.271998529 3.850264192 2.413826520 2.918890586 3.298995560 4.639143911 11.372794422
-27.577951690 15.173949177 -16.182043572 -0.428828425 -0.760599173 0.100050814 -0.477058608 0.396224130 4.763372712 0.945597805 1.317221702 4.220146041 0.581840355 2.270902605 5.764626908 2.680701965 4.429207771 5.281733583 5.477723230 4.762596680 2.500524794 4.109241436 7.035732797 7.992078130 4.616710691 -1.100581755 5.291033024
-36.900358026 22.949029369 -9.033965824 -0.204358123 -0.539007708 0.678037012 -0.456041948 6.230148016 11.960428946 2.243672846 4.462116938 5.219025845 2.869353414 5.957343116 7.415196388 5.228519460 2.764623788 2.759509919 1.312911748 2.603136513 4.443993031 -0.725993242 0.996124123 1.760074475 7.814217178 3.838238917 3.059231899
-30.042544780 12.365547985 -5.205226722 -0.218515277 0.786023984 0.168055539 -0.553330557 6.843400448 3.881299082 3.015934901 5.982454062 10.262614574 7.105952123 5.096002898 4.826458583 1.601109422 -0.945124577 5.654619584 1.963371507 4.936553905 2.703853571 4.806410119 2.658378148 6.328937479 3.737470152 3.815895295 -0.320101057
-33.722259104 13.309117642 -7.239776904 -0.541021862 0.510222354 0.666334859 -0.054464214 1.289278385 3.006426830 5.400728049 11.068376568 1.682188369 -0.680746396 6.259777272 5.062024623 7.184467519 2.987594593 -2.794862459 4.639120836 6.770310838 1.717866452 0.790508442 5.626173048 3.375702108 9.490966040 4.657869178 4.867062625
-33.333075369 13.312306608 -4.659923600 -0.727188123 -0.570563883 0.030367138 0.380436757 7.427384199 5.513380336 2.737101484 4.223679891 0.369650365 3.588089540 8.008936748 2.711549872 3.891261916 0.503373836 9.092580447 0.044118859 0.098770035 3.629789546 5.802376954 1.510974489 7.903048108 2.331887494 6.944997278 -2.186854769
-42.414728345 13.679303060 -11.386837879 0.613681632 -0.222114575 0.454062174 0.606537313 6.093845187 5.878115565 3.275260113 3.435784590 6.842568193 5.006382239 9.183669517 4.781420304 3.069060467 2.458392522 5.688659952 2.836811379 6.461499503 7.234120716 1.937489927 6.382053492 3.953612347 2.105088045 1.007631956 2.878676783
-36.089232840 20.617336469 -4.988919305 -0.504412377 0.000088847 -0.808927907 0.301999649 3.648920889 6.753561806 5.574589827 4.072824164 3.737519975 2.764601035 0.535553737 2.606292260 1.776344544 6.082461003 -3.252799909 6.196810104 0.011603498 1.305862140 9.456674338 2.007920467 4.593734203 3.798938131 2.501882500 3.460357966
-29.092747542 13.677839948 -17.242352640 0.122119999 0.439470566 0.818083234 0.350274391 5.084410624 1.635673492 0.033345710 4.221151919 2.503464820 8.606124152 5.812995422 4.217027818 -0.617412358 1.646245925 1.870662846 -0.543054986 0.337520516 -0.822228324 4.100337656 4.169903651 0.999928616 3.284200778 8.227220652 2.221504268
-31.392765055 16.455523088 -10.768501550 0.618454671 -0.443848754 -0.567895685 0.313060049 0.966091865 -4.874979492 2.987762066 5.304004015 3.252222890 -1.296717295 4.365364260 4.471296801 0.270061454 6.716135901 6.182510708 2.338427758 2.018981351 1.148394307 -0.436081784 8.254202660 -0.861263336 6.131559747 7.061104310 8.112851629
-38.296047190 8.202354548 -14.048419658 -0.420483450 0.005291890 0.540990628 -0.728350743 0.472882018 -0.427256769 4.591910323 4.057547804 3.737856450 8.950762059 3.090524845 4.403039305 4.623100846 5.395347576 3.133604876 3.515816660 4.978482786 5.178673996 5.442744630 3.656983341 4.904439879 1.941448012 7.173468875 2.212025828
-39.091798322 7.938463505 -11.405824477 0.997026783 -0.029839564 -0.059011374 0.039558224 4.196861354 4.792574172 4.390872375 4.547717065 3.649326370 4.618694503 5.521044079 3.478514581 3.157800677 3.196911624 5.025775016 2.491978712 4.732596114 5.342931071 1.038879286 0.744670836 8.918428371 -0.999664316 2.899122311 1.390449215
-35.449445545 5.513425344 -10.353366778 -0.652730418 0.490384246 0.526485343 0.237232958 8.261763016 5.263915391 2.941048811 4.530186532 9.053172181 5.574596114 2.705131895 -0.557433592 -0.484880983 1.339744813 7.754868903 2.089277804 4.807864187 3.403352190 7.356155344 2.160979018 2.692969366 1.634093585 6.230524537 4.781720094
-31.003731657 16.156459183 -18.909185126 0.368042809 -0.928326723 -0.043237611 -0.029740475 7.048671212 6.478916726 5.603562707 4.429259253 8.339151321 4.112614063 1.679689628 8.120892000 4.416570154 0.954799310 5.892486710 5.921788570 6.297170147 3.642129059 3.163110544 2.020115731 3.070992441 4.355540685 4.212091353 6.191586552
-41.845895810 7.468352604 -13.784898457 -0.276168118 0.557941830 0.766639132 -0.157151283 5.137626469 4.021072413 8.673801629 0.809343073 -0.325851033 6.886567190 7.031011825 4.068934461 5.408563319 3.214310377 3.684963626 2.625928600 6.357089562 6.029974869 4.883534646 3.435189171 0.877709229 2.148290419 5.056385443 6.114929981
-40.476990752 13.712068763 -18.142977975 0.419675843 -0.679653521 0.305767482 -0.518121149 5.643134155 1.373742846 2.286248802 1.324652610 6.227469770 3.884359568 4.623461654 6.632603651 6.216261008 5.461142909 2.852330856 5.621505862 2.458904021 -0.251145851 2.481865305 5.066734613 2.307223705 1.612086385 7.996217699 7.010421489
-39.802003805 19.595572652 -17.827024928 -0.273287655 0.185190701 -0.542917779 0.772177795 11.189226143 8.896813124 4.726550637 9.969015823 5.685832399 2.488256576 3.569393244 0.297796521 2.672678728 7.241929448 4.853181312 3.545061073 6.142622923 4.277792193 4.457950865 6.928122253 0.843423082 4.910799186 5.682022515 1.643446718
-34.886238860 22.467069391 -15.877851339 -0.404964561 -0.555805592 0.054228138 -0.723977319 1.409637369 2.855609670 3.472276608 2.191142297 10.372416854 5.502326217 6.036872160 1.233199617 4.791743987 3.882332221 -2.524061834 6.148294094 0.025144209 6.262404768 4.847216675 7.342824778 2.778807386 2.128994467 1.614600754 0.236274444
-40.549050426 19.785270302 -12.843045031 -0.056301691 0.595305552 -0.617563298 -0.510937367 5.189496149 0.061173780 3.978923267 12.323082752 5.425306929 2.736871387 3.910862297 4.707128731 10.895302179 2.486500697 5.746843249 2.727389943 2.701606926 4.038444724 7.323547563 5.823435630 8.817606431 3.259838848 1.943044584 7.050455270
-31.196247259 10.582261833 -8.911435662 0.775618784 -0.085698922 -0.529764665 -0.332295946 1.462936522 1.744753330 7.872609487 4.737728309 2.508272422 -0.475656868 6.881860885 5.547435227 5.563285579 -1.869775196 0.253897753 4.247964111 0.718339174 5.509800141 1.855777532 1.135479843 3.336467663 2.070536926 4.581982064 0.805619337
-43.096017631 10.017096265 -16.957959258 -0.357244468 0.457298620 -0.367730491 0.726655798 4.457657017 0.033154124 6.757814518 3.271088459 3.141663985 3.660492390 3.530724398 1.997734426 4.340122239 8.517127617 6.726450482 5.574983258 2.242213680 4.318109339 5.042895511 8.007465354 7.741264224 0.608609066 10.364090410 0.532608065
-36.751336219 10.623407617 -3.655791928 -0.542475434 0.193149602 -0.817561579 0.002588239 2.955771675 0.736928746 9.313967443 1.924208201 3.751091786 4.338174755 2.192675335 4.636582115 1.234819010 -0.084787063 -0.449613619 8.554824107 5.282360489 6.348970707 1.689297409 5.479470261 -0.397364715 6.312733110 9.478082079 -1.206165433
-39.906368721 12.495802378 -10.393181524 -0.126211853 -0.072088278 -0.116135201 0.982540820 4.394704376 2.437937498 -3.518159972 3.707652377 5.998346577 8.589637961 0.821069191 5.851616249 2.063773375 5.447887509 -0.466566134 -0.228479616 5.644317177 7.077576162 6.747647967 3.605686009 0.822973191 4.928915837 7.833944039 9.122085827
-35.291097998 7.479778219 -8.739341690 -0.248453396 0.762953683 -0.495625427 0.332457552 3.450549656 3.259326515 -1.146097654 6.927377556 5.784448315 2.619058917 -2.035171850 4.326105385 4.831793770 4.490535815 4.978906979 -1.556951277 6.496966818 3.015566501 0.644617698 -1.146622231 1.785113279 3.020629885 8.513088004 7.638881729
-37.827987956 17.952017027 -17.006822442 0.202239722 -0.065745283 -0.325625848 0.921273282 1.643016383 5.704673385 4.938692433 4.655010717 5.371750845 5.011810942 4.654907701 4.613708584 0.457967362 6.973579807 5.525191191 4.320391272 1.343898301 7.580922319 2.039621231 11.110424193 5.815047190 3.283772095 7.775778084 4.041626114
-42.490437738 18.456446958 -10.756218164 -0.735817123 0.513573902 -0.435461111 0.072032149 4.857197673 6.064121213 1.025002654 6.986523579 5.991542066 1.151702876 6.623720939 5.442025207 5.363934413 6.363813782 4.939277087 1.409536684 5.223595637 4.569064834 6.637624748 4.068721483 1.219927222 3.757910937 3.853155198 3.747685225
-32.998003699 10.852307865 -12.194971750 0.478421046 -0.842721243 0.069354535 -0.236905377 4.159852872 6.778947876 4.617818268 4.138521374 2.564572197 -0.598778767 7.872697745 11.742574790 3.472033334 6.181091371 5.777477010 5.770589722 2.560162622 6.840491232 -0.541246160 4.316581229 -1.305352262 4.415410433 4.329174277 -0.683625503
-41.679176490 7.680854094 -6.722879069 0.211210093 0.540491306 0.074942374 -0.810951962 1.022565346 4.187051936 7.335261554 2.151408442 2.720995772 7.737152411 1.512334500 6.353618511 5.354483294 5.463263203 10.070417117 5.126986746 0.886964530 3.205084103 3.113921902 0.854502314 0.247442813 3.858312545 8.430945981 -2.184385836
-34.308031302 13.459447537 -18.015498944 -0.680206779 -0.315718754 0.658958457 -0.058430797 5.095143778 3.760093078 -4.019650345 0.055539504 3.243639099 4.861605032 4.272010830 8.974075036 7.421530444 7.411643488 7.203638820 4.524599123 6.068639755 4.016545197 2.730837484 3.899671192 8.181649156 2.986122916 8.583545075 3.495008447
-31.939086756 9.397807003 -14.101165393 0.242917924 -0.958140301 0.136642227 -0.065474792 0.452642332 3.486572517 3.682082744 5.047107165 9.081156948 7.007511732 1.974355432 5.604407372 9.058542474 7.091865972 0.233712653 6.797133032 9.012845778 7.343170245 -0.892230065 3.921771784 1.007165502 5.028945747 6.348852978 4.955117835
-40.735921496 9.565663443 -7.784745552 -0.493072640 -0.457453285 -0.495438062 0.549688085 5.762795629 6.967255602 6.532475857 6.026611120 4.625863763 3.527571244 4.721458849 4.279794854 5.261087450 6.127452482 2.207604175 6.594407704 1.569287412 1.339838779 0.476142329 1.141661835 5.640131732 6.424342644 -0.478761420 6.153689623
-34.341945856 5.925438976 -15.543439015 -0.083012669 0.915869993 0.088186207 -0.382771793 11.424117956 4.668189279 2.575093006 9.243094933 11.180793770 5.923615840 5.402912356 -1.720275181 1.231952205 1.900560915 7.877418008 4.710887156 4.228815247 6.849102991 1.499256641 -0.515513897 3.640564109 6.448126269 6.838257838 4.168650238
-29.741349477 13.399589901 -19.283078978 -0.186170982 -0.369578278 0.861936193 0.292947540 3.720887283 4.188123367 1.402227560 6.238035576 5.639739840 5.921079476 0.416935561 -4.007499653 -0.995968812 4.578723964 0.265560909 3.124054751 2.327483860 6.920410704 2.867408041 2.476125112 6.417064553 4.114290078 -1.918286855 2.175903695
-41.491467508 6.092998174 -13.824331527 0.083275803 0.446145807 0.165858369 0.875505603 4.143237291 4.706544589 4.592320263 4.574745663 10.147728024 4.819040167 7.845356983 2.509417167 3.458616464 4.167519919 -0.187685736 4.441254234 3.370222925 5.569882730 1.021657071 -2.488867219 3.849951612 8.338323905 -2.237447742 4.265927548
-36.334569019 11.426221989 -21.104003055 0.028849031 -0.736778235 0.331310753 0.588692408 1.949918783 6.166856731 9.124191752 6.866792982 2.134739070 7.879030020 2.285129689 5.412821936 8.496250766 -0.449026429 6.886787783 4.823933186 8.835447194 1.635389158 3.985105424 3.754566194 10.591788582 6.105641736 0.118058756 -1.236204001
-39.796243031 9.955720553 -4.351986762 -0.712850611 0.473307579 0.278218983 0.436369269 2.844836722 -1.931426554 1.029610517 5.669114734 7.218929443 4.943644823 3.410201827 5.168445319 3.126582571 3.981335295 7.291424464 6.499689589 6.818584303 4.712103866 0.301825558 3.882130354 9.015146854 -1.397425865 1.323090226 5.270019930
-37.219086551 20.940822699 -15.321475032 0.754404213 0.599195389 0.205982024 0.171495118 5.045484930 6.980611066 5.782615800 -3.321480257 2.117395963 -0.160899613 4.064422104 3.466730259 2.095742044 2.832576279 0.542556141 6.312262396 5.823140508 1.467504804 3.972351352 3.472808589 4.581870109 6.399176294 4.430560255 5.748901744
-45.086664730 10.180253373 -10.192384865 -0.690469322 -0.506234507 -0.303892576 -0.417885201 4.549579710 1.161262490 1.898405449 6.615521037 5.263479787 8.334276697 5.799713998 3.455948810 2.903852970 2.291588031 2.651723416 0.227708809 1.789379082 4.805409642 7.083315718 3.545258598 8.163829022 6.098228927 0.961536847 7.705147545
-38.616372224 13.978639577 -18.430183852 0.191481162 0.527293919 -0.795131398 0.230352224 4.569279208 4.982047201 4.200503270 7.334336736 8.030896230 5.146503110 2.677015576 -1.068180256 9.605344173 0.983845814 3.694878044 5.891709199 4.576141302 1.545206095 2.612543002 7.977265066 4.380153243 1.456176684 1.581552242 3.725198780
-39.362934035 21.003228971 -11.282236493 -0.699895227 0.332604816 -0.578579044 -0.254493609 2.864648225 2.533462889 8.097075422 3.777682511 1.328474668 3.170506977 1.519147157 0.326976854 8.499032097 10.894620109 3.838307149 -2.621523117 3.235014110 5.739872063 2.500412994 6.430421042 3.878013844 1.427642903 6.042802271 -1.817759228
-36.489944745 9.218969326 -16.886192556 -0.824838576 0.117076106 -0.512718427 0.207495357 4.837797328 -2.404104666 2.579864283 2.123720670 5.513674957 2.592878621 4.564106456 6.384769009 5.362416754 2.818180075 3.200660839 4.150438827 2.410032476 5.675313531 7.660665907 -2.977312214 4.999952007 4.818136175 6.082519911 5.485791254
-42.688156665 9.439370998 -6.546980764 0.525264828 0.321695643 -0.762861097 0.196600408 2.689650018 6.053486802 1.566098147 5.995606332 2.578353053 6.469596811 3.679745923 7.965829518 8.831554857 5.971224690 1.837490222 5.827474787 -0.782993837 1.950320282 2.701437526 1.674519242 5.069620447 6.018108156 5.119876196 1.822070526
-32.087470782 19.622057103 -12.142100323 0.006353454 -0.763272352 0.645664457 -0.022189181 11.624929318 7.510198814 5.998607563 1.931742880 -0.727550536 0.119906805 5.632779090 0.858454023 3.394016437 0.550240775 6.465249314 4.227084782 3.597134496 6.782365137 7.105824003 3.863326932 -0.816198590 -2.955277199 6.481479171 6.386324860
-41.650788101 9.790056143 -17.907443107 0.973991546 0.000954932 0.176701234 -0.141831698 5.239629702 3.900500931 -3.130074220 5.852517686 -0.305803409 0.254126308 2.983830708 6.580409130 4.437671745 4.236476351 5.865388203 1.715821884 1.673416382 4.631477144 -1.116883519 5.010717184 -0.798263265 1.082647566 4.708527117 3.107524735
-45.530272971 13.217457251 -11.945561902 -0.632696949 0.577709085 -0.515410748 -0.017278423 4.848377599 -0.617970978 7.313529664 8.176682653 -0.929152767 1.124255410 3.926507171 8.883149706 -0.122721338 8.660959410 3.265712364 3.678452881 8.017102054 6.617450325 -5.575099481 3.205045257 5.792273802 4.017960815 4.990330870 3.382506219
-29.468907133 12.109431631 -14.282713871 -0.183861715 -0.715517078 -0.623955876 -0.254772930 0.847828507 2.836984670 -1.093363431 1.687147415 8.339090571 3.032663229 8.927092296 0.731668251 -5.568074621 1.642500509 3.093083417 5.747837846 2.780418646 13.684143412 4.328458557 8.032028818 -2.521677304 4.355806556 4.279406570 -1.058404800
-30.069142239 15.832439979 -16.796946743 -0.221032519 -0.069957873 0.476723683 -0.847929862 2.986116145 1.150023785 1.886435205 -6.653451179 3.672519347 4.500797163 9.851267083 7.507774891 9.086644508 6.497425038 5.759938031 4.079926989 4.669907509 3.498694346 0.840071087 2.126981108 7.377167234 3.044865778 3.982126405 3.222939408
-44.901109011 12.033914722 -16.939679462 -0.275575925 -0.240416693 -0.924602290 -0.106622365 4.649559107 0.923527087 5.629025229 -1.487446024 3.308625444 7.952092661 2.555909327 1.015987417 4.219846037 3.958066396 9.388317917 -0.592532107 1.789988538 1.522136384 10.624209176 3.239922896 2.438693085 7.990692290 4.976633194 2.929091283
-36.933342030 11.173969209 -11.055077464 0.145238108 -0.796163182 0.339703859 -0.479198673 2.179505867 3.796783184 2.557178419 2.802479001 4.038945559 3.245563329 3.166506737 3.628978483 6.185473686 3.880342749 -2.645282469 8.110278985 6.827567479 2.248511269 -2.249538628 11.963936862 2.963236186 2.709814928 5.450153900 3.596253126
-34.360817017 10.839191885 -19.250077074 -0.382234872 0.300263212 0.589208326 0.645423934 1.484343902 3.368811103 3.827955646 6.777303980 8.814280860 -1.452447058 0.600225945 2.129200384 2.536229881 4.468967992 2.833894390 3.515727439 -1.278942933 2.883609498 5.870403801 6.720559365 4.100285608 9.808052033 1.868163366 3.139022773
-33.747989708 13.086564304 -9.862423995 -0.085802791 -0.691748785 0.234908330 -0.677450792 -2.067964992 -0.147220585 9.460890281 0.363238164 7.141019641 6.317443855 1.243900710 2.824745344 13.975991547 8.988703309 4.149608451 4.744863134 5.363822396 0.583702059 3.905477628 5.429884538 2.966763487 2.538785115 3.344818374 3.143195848
-43.008832408 9.955475356 -17.110132417 0.141298040 -0.669515132 0.566446129 0.459263687 4.149840083 7.751947597 5.945971408 3.778250123 0.437872544 7.755248199 6.281343407 2.351859086 -2.163215095 5.567305492 4.350871744 -0.793032688 -2.098381193 9.691920766 2.942876593 -1.883898556 2.776131964 3.281364460 7.811798010 6.538073449
-38.388707315 12.079179851 -3.396269956 0.356764858 -0.796413158 0.417901597 -0.252592900 3.721427970 8.100523048 8.512699050 -1.871677745 2.803590558 6.547706802 6.413708662 6.464780211 10.246376466 3.415442829 5.083300986 5.812945556 4.895052957 8.486788401 1.683527014 5.859095180 4.116497619 6.998482394 3.065052813 2.016122056
-37.632114734 11.608522358 -19.485103915 0.365311265 -0.139395790 0.880179443 -0.269073673 2.262631725 1.303530375 4.296929387 4.510118931 6.403409686 0.232864973 2.367527134 6.408887914 2.490935999 7.196698612 3.527151904 3.619830964 4.470449051 6.529895795 6.117603994 0.426372358 5.311589466 1.037155623 -1.549696154 5.864253920
-44.563763572 14.417361349 -10.236817835 0.344822120 -0.042430747 0.852685105 0.390160798 6.781741826 5.702060657 -0.829616913 5.002371435 5.220679636 8.580891631 -2.037543589 9.392278579 5.520908626 10.573943780 8.286264761 4.621981138 6.843398862 3.358776941 0.546663957 0.977916348 2.938421425 0.880025358 6.374484690 5.630011347
-29.304978617 17.691233684 -10.143156509 0.346045769 -0.903113806 0.254179775 -0.005515502 4.050344552 4.374858085 1.267521867 -0.239772444 3.667947019 8.439487039 1.450864918 2.128488070 1.423064010 3.309553808 3.630192942 3.741837825 1.242917261 1.942907500 4.419946740 -2.173299160 -1.986276256 0.282220934 0.636498844 -0.114634334
-37.234584277 15.708529257 -8.752517436 0.513999421 -0.819908825 0.250762063 -0.025932637 2.439917546 10.420184549 3.646321531 8.374106839 5.838317930 4.808917352 3.357660841 -0.449348338 5.905056548 -3.032746287 4.270366522 5.818939158 4.789252628 0.435677520 1.564487755 6.064104252 1.837752111 0.865518417 8.558792612 5.408351720
-40.616089422 20.116987190 -14.268816895 -0.327438338 -0.270667014 -0.317836789 0.847645727 1.321485316 5.153960020 0.491381981 6.522723503 -2.258452396 6.854914410 7.778570826 2.514198238 5.186393532 4.498812001 4.844999531 8.255460309 0.809933221 7.174496714 3.957525085 4.640135541 3.389777377 2.419687565 3.117012776 8.494045887
-36.244928149 21.633545768 -12.776066522 0.098714372 0.498377293 0.423962950 -0.749753935 3.843472481 1.329620229 8.356069323 7.964681283 3.700892488 2.023817550 -0.330822719 1.524679887 6.665510759 8.964705588 5.827590206 4.448224079 2.908841325 1.933411840 1.500055181 7.698547743 4.372157110 1.765542646 2.821949399 -1.002571210
-39.514010256 8.493619582 -17.760175918 -0.667255873 -0.174136511 0.589195649 0.421063608 6.277073039 3.453897078 4.763052563 4.837319236 0.477451579 0.182634227 9.781868539 7.608873301 4.647534915 1.280386916 0.706987037 6.473093198 2.426861148 -1.804911063 7.050654894 5.396790190 5.564046010 7.191702338 1.644873142 7.235578744
-30.423124701 21.468559058 -9.761595365 0.751782083 -0.028509556 0.339249383 0.564730697 5.394748952 5.157381513 -0.455274164 4.343187778 5.092171013 4.926948979 3.040202708 -3.290691660 4.777524547 2.537225694 6.062070551 2.872453043 -0.065416808 9.201128873 4.686610053 3.655913429 7.033867448 3.871143842 5.861987427 8.186666763
-33.226257873 20.452725847 -6.115982301 0.269620468 -0.769939830 -0.381076084 -0.435061467 2.588888750 3.963385600 4.533890040 -1.894716668 1.805922160 5.530151193 5.082232486 6.204433776 0.442299982 10.393752892 3.972377890 2.820878232 2.374617613 1.206586826 6.499933004 1.120613186 0.242273342 7.407067201 2.699469246 2.444036070
-34.838931829 17.783854149 -16.244332549 0.518506662 -0.228249868 -0.641389333 0.517370817 3.150196448 4.940215553 3.729778405 4.489447308 2.328944544 3.373350080 1.320012407 5.448825743 7.912008630 5.626418890 5.534179452 8.863529818 2.858357866 3.758502542 2.385927065 6.107504259 5.248980797 7.802875348 6.088480306 5.650358062
-34.600088438 12.347183091 -6.030884237 -0.316241444 0.101994330 0.687090239 -0.646138924 6.375949054 1.184012574 6.614239338 9.549809030 5.723811470 4.776224061 5.697639613 6.124070984 9.672993564 4.389337473 5.900556577 3.872484593 -0.282022202 1.682567335 0.911624322 5.230261470 1.690370996 -4.429118841 6.883661822 0.918530307
-45.598227369 14.632187729 -9.914522947 -0.306191245 0.250193176 0.150714298 0.906054908 1.836885428 7.714342195 1.687160618 2.974702205 8.992411616 1.872555384 6.539441237 3.394190663 8.294139812 1.459929099 5.053046810 5.242468331 4.198353633 4.432370824 4.519592209 3.916926740 5.158845993 5.470032842 0.562717162 5.610446650
-35.310605206 5.094746447 -14.435700474 0.485672222 -0.636154668 -0.276644199 -0.531881302 2.063516030 3.430390443 7.540132743 13.344923643 0.384863376 3.554672607 3.475982499 5.290063821 1.916434727 3.797194292 -0.853387755 10.156573465 -0.052087687 5.829503641 0.301904712 3.829470513 5.899433022 1.969339623 1.477191193 -3.431474837
-39.746699301 12.985636524 -8.290855827 -0.112040680 0.728720995 -0.344436287 -0.581185204 1.719440738 2.226789930 -2.604276400 -0.279855265 5.541291899 4.408587491 5.623453210 6.835428099 7.739539578 3.108750430 3.134513574 3.844941572 7.306540289 6.669810228 5.061125450 0.347650761 6.243482620 5.311502199 2.947119176 4.674815993
-36.263394830 10.625972470 -3.984037203 0.701144127 0.441994838 -0.520197737 -0.205989786 0.453226567 2.129824367 1.033730005 2.119938323 5.923658784 10.113886638 6.274047560 4.085492268 1.418896363 9.138963401 4.438047438 6.435755161 9.655660028 5.348405276 7.039540246 2.706985359 4.884495214 4.074184639 9.048087839 1.345253419
-39.220291929 9.017295925 -12.098797346 0.222231074 -0.056455935 -0.050740785 -0.972034696 5.754813412 5.367824847 5.257232724 6.222718460 1.044689712 3.065464485 5.689809187 1.520058800 2.656791561 4.277131027 1.062934219 0.512695156 3.473114777 1.572143783 2.871674422 -2.172076853 8.550753877 2.918962973 2.487640813 2.481010208
-37.780498511 15.321829355 -7.132992566 0.435673141 0.827151856 0.349142829 0.064093729 3.572822888 3.940853515 1.238918384 2.703237444 2.856994884 2.436916128 9.178206002 6.641746389 10.599598126 1.879579108 1.330565012 10.041669698 4.629406346 -0.042310368 -0.068129827 6.437594410 6.643579146 -4.208991792 5.609688324 6.067197732
-36.146854640 12.448089450 -21.486826826 -0.730164535 0.049082482 -0.679469736 0.052645425 7.580244367 3.642632283 -2.470727753 -0.273213691 2.322218213 0.801472064 2.947357082 -0.727916281 1.419218847 7.046557630 1.435671463 5.173296467 3.549977963 7.069567080 4.565167003 3.593381329 3.972844255 3.765831973 3.139420396 1.628957807
-38.679482460 14.344530164 -6.591332740 0.684824606 0.080166533 0.694761974 0.204681177 5.625023264 6.754534139 6.510860885 5.763992179 9.776082257 1.723342468 8.815663749 7.948742079 2.338583063 -2.013578510 1.950427892 4.477922013 1.239118147 7.070116252 6.019483040 4.323518433 1.416527192 6.799314144 0.558980466 6.180402875
-39.581653338 22.999471150 -15.374455435 0.008815110 -0.995879664 -0.086608896 -0.025394653 7.184640866 2.087007212 3.384303262 3.264161285 7.056540376 2.420168198 2.142602281 3.543721910 2.774945583 -1.900716674 12.339290966 4.081997407 2.322301168 -1.743901337 5.016040862 8.763318905 4.943293215 8.979452909 11.041640362 7.427704576
-33.274170349 6.073378080 -15.843408310 0.025728617 -0.069479319 0.137489224 0.987728392 2.961752315 11.088005212 6.992633694 4.817830367 7.368071729 3.909579010 3.900044697 2.726405274 5.061572800 -0.053122481 0.151820409 -1.348445320 7.290113176 1.342616061 -2.142724937 0.413153140 2.282516770 5.293319343 1.956140335 9.223163839
-32.881705298 9.299466955 -9.930773017 0.603617375 0.790685392 0.073573308 0.071060844 3.074164666 5.228244688 6.335641340 7.318691220 0.989414876 3.751345340 6.204697950 6.138638219 6.642384556 5.070294086 3.841333780 5.304311961 1.178949683 7.241509795 5.496603268 1.492568262 3.733599148 3.733108536 6.597706772 8.247850927
-29.171411559 18.808650206 -15.111170841 -0.641245918 0.429856435 0.511697733 -0.377084270 1.177444786 5.972583565 4.040368603 7.952671770 7.120352363 -4.206473550 4.577700245 2.960242665 3.749776495 6.055388217 0.445948225 4.457021073 1.343429214 4.910493566 5.030500269 3.297500437 4.019114943 8.514982503 6.178778942 0.700268514
-30.092873882 16.889903456 -7.399375337 0.226515615 0.560522764 0.095885065 0.790766060 6.483890177 6.481172623 0.233487281 4.667696148 0.283421293 6.836679626 6.038400369 8.520872643 4.862060270 -2.401888224 4.310164491 2.936229592 2.935067359 5.146282903 7.967038896 0.744229623 7.937995610 0.756186360 0.704011841 6.731861165
-36.162762284 13.950238634 -14.254138402 -0.718110537 0.668996283 -0.068711302 0.178997173 4.786504254 7.036628988 3.908003094 4.590832780 5.974130102 5.013339100 3.362445981 6.004307129 4.288482235 5.792408025 4.929937419 4.568752516 6.224791403 1.143555795 2.538843599 7.150239843 6.805138590 3.015759280 9.919471226 0.827585718
-40.156629465 10.681207816 -14.035546515 -0.768117921 0.593025872 -0.116631350 -0.211452839 5.703782920 3.627647166 2.172297367 5.538646078 3.800303413 2.937875687 3.769296446 -0.556148003 2.604997286 5.246481392 3.393726893 3.720858553 11.439178845 2.007060774 3.328670867 4.745053921 8.321841453 6.713704370 9.844455475 5.185288683
-40.351039459 10.617325308 -8.272902279 -0.459683968 0.365804520 0.650604486 0.481239551 8.261792332 5.581364909 1.073388249 -1.826486871 7.850234371 0.851236759 8.342021421 10.895851492 6.037728328 1.641045693 4.142864372 1.700355670 1.987786793 1.985695604 2.483266830 4.668825631 5.035898227 6.343050042 2.204787658 5.035384534
-40.048676274 12.034508083 -5.131539630 -0.057033104 0.023035537 -0.985722069 -0.156743712 2.865696253 9.119564727 6.600050142 3.724994769 0.996535702 5.776416249 5.034361424 4.390030130 7.513843795 0.600542245 5.274379017 4.026888911 2.948671346 2.880839860 2.350951135 3.006087289 4.227649293 7.236894200 5.629482170 3.162583543
-34.393529725 10.698694891 -21.145300154 0.211787319 -0.241681145 0.295752780 -0.899592490 4.292401583 4.132797043 0.580804405 6.551411149 5.680024987 10.105210842 -1.047599340 -0.041116404 1.980618077 10.985032765 5.893391994 7.006608843 6.568552703 2.338292952 3.597136823 0.331174600 6.470106440 3.022417255 2.133600491 3.662317167
-36.142405665 19.964072053 -12.943010179 -0.846002632 -0.328970996 -0.417063846 -0.045993245 7.057088003 0.931006755 -0.299297476 5.221652332 0.513998855 3.535362870 -3.342388693 3.767388717 4.721264406 7.081658857 4.553622472 -1.030122816 1.483684644 10.653164244 6.231011516 3.088639498 4.090860992 10.503469465 8.504237521 4.049781772
-29.340946385 14.200317211 -18.151430379 0.091500034 -0.191828889 0.436454137 -0.874263809 -0.135578500 7.116032173 -0.217425663 2.293818549 7.301347187 0.835082671 5.998678054 -2.240818193 2.240676148 5.873389691 5.242961472 7.315261445 1.060248597 4.587619234 3.317196220 1.993917659 2.961612723 -2.835594449 7.132738139 6.140062712
-31.036499203 8.729772069 -10.585089895 -0.355370569 0.027203864 0.756135979 -0.548844323 4.256236949 -0.489236315 4.316004324 5.158878755 3.223098415 4.727194987 8.273476413 1.308439723 5.674185604 6.835917653 3.876844379 6.687605376 5.993704056 2.199799554 5.329261243 3.757335568 2.231857576 7.770144949 3.769425024 5.034532058
-42.240011938 13.666459372 -9.043406992 -0.687178755 -0.575619323 -0.442571472 -0.024046741 -0.332120803 -0.639756334 2.522995621 5.711637239 5.865939133 5.462922786 3.290205539 3.667223039 8.502459539 2.232609677 6.516908024 3.884473783 0.762565364 6.530979366 1.239091301 4.080720087 4.491388733 1.453886541 -0.777174362 0.344704245
-39.345942668 14.742375444 -5.744968752 0.435500944 0.364499597 -0.766207524 -0.300674244 8.179771878 6.937933984 6.842690064 4.281435340 8.191391995 2.459104198 -0.018680442 7.950632252 3.201375073 -1.593857717 -0.198796679 5.532701614 3.823517861 7.747453423 2.761870070 9.376212198 1.246853989 4.627455956 2.715713907 5.933708159
-39.178648041 12.805287248 -10.809062241 0.296431671 -0.213652754 0.924021685 0.112537505 4.336204380 10.743586579 0.462887270 1.865580081 7.489587238 7.830291589 8.900330709 4.747884574 4.690418544 8.821389853 4.115704978 4.317974253 2.894042345 10.088541937 6.429174028 2.000703575 10.655988037 8.197197023 0.901800947 5.871519246
-27.604609284 13.816738633 -13.001428530 0.753622155 0.188275370 -0.568301049 0.271366819 -2.476223679 -0.561297769 1.111757738 7.968568435 2.214464591 4.380537506 1.321858160 3.111673934 3.315183446 0.004658954 0.764684946 1.117009332 11.350114073 -0.467840968 -3.170774148 1.566127784 4.109002919 4.342593563 1.554788863 -0.496736318
-29.495480111 14.058900346 -6.919276018 0.251153498 -0.388777713 0.442557290 -0.768060450 4.088908968 0.525537493 6.042848531 4.516735638 -0.304337024 1.573238394 0.915872780 4.879352400 -1.533815921 4.065044766 9.770404759 5.101084128 5.788056640 0.256329332 4.194420019 4.839688874 2.555365826 -1.064482769 -0.602339291 4.221320502
-35.868037701 8.038193433 -7.540341794 -0.962179195 -0.256828877 0.090485178 0.007909352 2.562158913 10.289573226 6.815673871 1.686432348 5.601672134 3.791045507 6.798304666 2.760922357 7.843649054 6.744595862 5.023857540 3.605562026 0.454530495 4.879705607 6.575892718 3.936791306 0.761472730 5.840840976 -4.495637645 6.105559737
-45.220223352 12.995489504 -9.110572430 0.292053772 0.105178684 -0.864861848 0.394532663 -1.552112842 6.083579354 -2.787122855 0.531253830 -0.630208311 1.941268722 2.138716745 6.523637591 5.427979487 1.819733376 9.757177082 1.402744848 1.579986798 10.360582971 2.627417056 1.060257044 6.695299290 6.512723139 5.519891958 5.110662320
-42.669140410 8.361323647 -11.389173150 0.551720846 -0.814350770 0.147433422 -0.103442340 4.979628044 1.193346084 2.796435460 0.467299395 4.785659385 0.625110363 10.027441598 0.020179809 6.866327346 2.493303842 5.117816493 1.447830494 1.843595389 7.790976681 0.821240860 2.878100616 3.678553719 5.412114269 -1.363832990 3.793151490
-35.839764119 11.853316842 -10.355965204 0.422389956 -0.481227386 0.295014660 0.709206090 6.311223151 6.058001921 5.499732235 10.479024650 1.778365216 0.939467092 7.943936195 -2.065928514 3.142068468 2.125854634 2.085230973 1.489660877 2.382145579 6.649273345 4.198158298 8.715591550 9.496596450 3.567444281 4.696769348 3.160819783
-38.576869637 8.802075178 -17.835704531 0.730123707 -0.458508893 -0.163546637 0.479522121 4.395621378 9.986446095 3.011076321 6.846642848 6.549722419 6.967268007 5.697678760 5.813328924 5.890263490 7.390553470 13.263915788 -0.197711532 3.818869854 0.701232548 2.595720063 2.777758822 6.764168078 0.531119764 5.815787132 -0.545790757
-33.321913038 8.648163598 -5.940779273 0.225849799 -0.605916967 0.569714757 -0.507229329 -0.222639265 7.617265165 7.480873862 3.534999086 2.308941416 3.366552984 3.485062651 3.996551815 1.729461472 0.388878042 2.916029461 2.436002606 5.564586015 6.724779315 7.587267834 6.000168573 4.435384719 2.309284143 6.656476898 6.029079274
-33.301513073 16.088961080 -12.658854005 -0.149201764 -0.242158897 0.957539809 0.047068205 5.468489328 5.038904156 1.163153767 4.359175344 2.765214278 8.108842726 2.477067602 4.596412666 5.842654804 9.582256109 4.322098332 3.667512485 1.927323112 5.982713649 1.636988212 2.673594665 6.690128036 5.745331873 0.130576622 -0.333557385
-31.641079804 14.128378455 -8.918966640 -0.925818822 0.089734396 0.290961836 0.223938513 2.392711873 4.952903521 4.192172133 5.396338138 10.863558754 3.768905637 11.042762525 0.164479034 7.636857140 -3.309146347 4.696478357 4.234285171 -0.291566510 6.132113823 0.862696780 6.982262502 2.734281698 6.346664349 5.890524319 6.468723708
-41.478951585 22.405865742 -9.590850446 -0.216708739 -0.451695881 -0.287359608 -0.816353238 2.890046444 9.133777755 5.966946979 5.571988878 1.398414508 1.163352734 9.168436789 1.279754580 -2.582839659 6.039702657 1.335396531 -0.648300204 7.236326689 10.147154815 5.553883554 1.724878072 3.580953643 3.163756470 1.572665327 4.601833120
-42.475664790 17.070703139 -9.205594911 0.349653729 0.666358768 -0.429177668 -0.499514556 1.595038946 8.744836441 7.186446812 4.240270917 8.031779667 1.491603142 5.225188621 -0.391385247 7.294734348 -0.057832967 5.230672006 0.292966646 2.255348076 4.130416963 -2.401454453 5.905211496 5.182048312 7.545448979 8.757271708 4.749232444
-34.647820337 16.036332251 -14.423830847 0.543151420 0.660419372 0.516770557 0.042201658 5.403326948 1.012029112 2.223182988 5.033505200 8.643427997 -0.324921780 1.691897417 6.485414622 1.786533414 5.971516389 7.577459887 1.032727662 4.340145647 2.414536675 2.526379275 6.056195072 2.322423575 2.558467621 5.518561007 3.506185096
-35.300242320 12.956034911 -2.990161139 0.881115603 0.338340127 0.302271922 -0.133390170 -0.848482460 5.264570008 -3.669067685 0.667237832 6.885284216 3.601717067 2.624568388 4.353306926 8.240453382 3.683708377 8.679916898 1.180660537 8.884227979 1.314822982 4.396516371 8.534224678 2.182949850 2.354088304 2.623597821 1.750975626
-29.733088732 11.467138224 -13.695651398 -0.503104760 0.482118388 0.305509446 0.648930997 4.718802059 4.672025413 4.067825078 5.622219985 4.944071313 2.026712574 6.027861554 1.922325649 2.841897641 5.929852871 2.954976220 -0.254572107 7.825738184 3.471981004 3.405269631 3.129432323 2.854763485 2.283815161 4.509670778 6.131427906
-28.784100040 16.254764836 -8.464522030 0.011375901 0.426142068 0.883053838 -0.196187272 5.392826887 -2.890634658 2.496655959 4.647205037 1.681624997 3.580329141 8.619405657 8.840019640 3.991224640 -2.531657383 3.055559797 6.858263124 -1.657761599 1.198291987 5.688692868 1.859681222 6.776544521 5.265926720 3.962297737 2.166499366
-40.180872189 21.804121387 -13.790564051 -0.014209045 -0.771699809 0.273493705 0.574002352 7.836599242 5.360558306 6.910092740 4.754499690 2.224472756 3.416625739 7.336805384 2.644968759 2.663701462 3.489221265 3.664230635 9.044980770 6.065145995 6.874512881 3.823113427 4.668258975 0.760748682 6.791649406 3.987787811 8.568554123
-34.157006500 12.647482615 -17.742911176 -0.156533271 -0.524746225 0.641592462 -0.537119956 3.239631869 3.269444375 5.444639953 2.584448947 1.179336694 5.926031952 3.866328399 3.198439241 7.081610988 7.667415342 5.849431480 5.075964734 2.937670277 6.059153134 9.838382687 3.370162996 10.462922583 2.377614923 1.921263953 4.934887665
-35.451402641 17.906229959 -11.007194723 0.823222772 0.438013266 -0.218599710 -0.287511415 2.688877655 5.342752783 1.854613451 2.460250083 1.822212452 3.084291784 2.007303273 4.700469543 5.641066685 -3.817686469 4.939783300 7.379213778 0.299302370 5.280325726 3.987287659 6.315094335 6.932648103 4.454201824 7.536902205 2.546284320
-31.833579908 15.932944622 -5.292084613 0.709518171 -0.700167124 0.055438990 -0.057240564 1.588656307 4.509102536 7.898729642 2.292298472 5.944851077 5.284341283 -2.222038089 -0.560114842 6.756039299 5.674594723 4.375513464 2.372192675 -1.622089363 4.130575849 8.832357253 1.289069018 3.852980212 1.845566403 7.551948696 3.026122188
-32.776396159 18.510493574 -16.661018959 -0.004755392 0.727939317 -0.320342433 -0.606186821 1.517240874 4.160057235 2.232858148 4.268648048 3.484933462 5.488993702 6.448746801 4.843002309 4.451487123 7.772671219 8.732436428 4.505022941 -0.685801049 3.059618158 7.343488488 1.678689305 3.088183397 10.692525787 7.579325982 12.026541877
-43.503002092 15.970041264 -12.840227972 0.213012023 0.471820925 0.652766024 -0.553088972 5.893672206 0.475614658 5.515949938 6.554073611 4.504981185 11.156704079 1.364474820 2.412301876 5.105123691 -2.328249375 -0.060053774 4.654501669 10.953207464 3.321700928 3.010364644 0.831955559 2.222757794 7.580738307 5.269192798 -1.777420002
-30.604262920 18.980602709 -17.539459895 -0.370187195 -0.765707273 0.230775542 -0.472648349 3.146927871 3.100139044 0.838464163 1.314538314 3.830892567 2.810538768 8.594782710 4.692859860 0.649680935 0.708257792 1.688588818 3.159170201 5.496092695 3.334099603 6.702463940 8.030209686 4.754509757 0.938786698 -0.944803863 4.497698487
-36.529862468 9.966202712 -3.730760893 -0.027647151 0.644885005 -0.458541219 0.610818235 5.454364734 1.034976856 1.821573460 4.486928538 7.123993249 2.294179612 1.613855993 5.291626229 12.035968539 2.787862603 5.812261493 5.142664254 2.943195772 1.438436335 1.518883350 1.365358979 4.772948659 8.440427670 -0.713158368 7.529254996
-39.729175450 12.676780501 -17.970992072 -0.333212718 0.850244919 -0.406825185 -0.023369451 8.682816868 3.864766214 4.982646260 5.647615912 9.664258161 5.420305464 9.390870231 8.617580521 3.866483032 3.784433353 2.983301045 9.347550171 0.149294650 6.666090952 5.233043077 3.714822439 3.713023316 5.792218542 5.607174028 -0.558517007
-41.016354986 13.194008907 -13.155813924 0.529020428 -0.787970309 -0.307148267 -0.070000861 3.783606631 1.921995969 2.561213173 5.473826289 7.848777025 1.366472144 5.537095760 6.679946829 5.433964309 5.591841333 5.968220252 3.167747657 6.010919759 7.582053400 1.233111621 3.984655998 6.903532628 4.615248783 1.626163480 4.159601125
-33.795358287 10.804759896 -14.768924167 -0.858553900 -0.389196084 -0.297805323 -0.150743486 0.691136006 2.719429232 -3.852449450 3.277950154 12.516745877 2.207829629 2.673809142 8.778674821 3.246329631 6.060181714 2.922052102 0.250809441 6.660415301 2.549542273 4.388253447 1.228479633 -0.050600756 3.687051913 0.229468491 -0.310820209
-31.588873536 17.632941561 -17.450192934 -0.588008343 -0.664210895 -0.367572150 -0.279214594 1.799828148 6.800855077 8.047097803 1.444797338 0.094716323 6.409048502 1.657845821 0.969521711 6.539337799 9.374459168 5.585587786 7.521423551 6.370328184 4.898117977 4.501595995 2.132114806 -1.893179033 8.054670673 4.039919674 4.319520855
-33.551034826 15.347386650 -5.762049425 -0.442637171 0.553977005 0.089631738 -0.699391138 5.331794087 6.087420321 -2.682024247 8.557514763 6.381767782 -0.168966440 2.896456968 3.507347016 4.675092913 -0.184415123 6.138161351 7.839159166 6.576526324 4.347271051 1.249320284 3.384212770 1.785487934 9.903822774 0.643064852 -0.192333285
-28.385442113 9.149994604 -12.288352598 -0.822438164 -0.070728917 -0.279958968 0.490118213 2.695746904 6.523876684 4.278091481 3.920556696 7.367552582 7.379139419 1.692076576 6.297398180 -1.089650594 8.026699706 4.080919903 5.633731866 -0.303323982 5.932975582 -1.554566671 4.427345930 0.534678149 -0.518028834 7.772283799 3.770815435
-39.517968392 8.676884423 -9.349643460 0.776724641 -0.221258090 -0.432464425 0.400896758 -0.307909371 7.775872584 -2.251491010 0.905636957 4.538580824 -1.169237544 4.124952422 6.027227052 5.576582936 6.286168330 5.046576853 -0.282689759 8.227503236 2.883756679 6.540500582 0.331675189 6.553320709 -0.230804389 10.615284337 2.853282365
-32.161436546 22.657701861 -10.093504715 0.327384259 -0.390565983 -0.844564451 0.164282222 3.275469502 0.645379347 2.439582412 6.990956160 6.560660876 2.990883563 8.130454871 8.944106443 4.035015962 1.434053245 4.937845967 -3.416217238 1.558229416 3.234881497 3.842680011 1.016710136 3.628584230 7.331267781 1.927085247 6.945790326
-38.147019527 9.004348601 -9.591538897 -0.320550540 -0.077412558 0.944031764 0.007660058 6.696320821 5.691192417 5.755188625 1.749164938 3.274743583 9.523087507 4.154537332 6.230046265 4.334332717 6.214690364 3.979694664 2.627462361 1.194276955 8.996100868 -1.652531662 4.958040587 0.023481719 10.705537810 -0.844567213 8.145847503
-39.012705797 14.967822877 -16.984940649 0.349113043 0.097582216 -0.498467650 0.787481934 -0.915784499 4.893570800 2.920984535 1.708134171 6.517430957 3.537063352 3.496222455 3.069684969 0.897505176 0.723274601 3.319751456 3.548356061 1.851506806 3.994250681 9.144207331 -0.403665583 1.259137224 7.474855312 0.988695000 3.878382993
-31.893060103 15.935322542 -19.919326764 0.117450278 -0.272586377 -0.249383337 0.921797185 2.766674461 5.142110453 2.845153975 -3.258378122 5.677806318 2.480403470 8.011875572 8.147897803 -0.363538257 0.336787377 6.244967892 10.157623834 7.017083228 4.445997859 8.685582239 2.110458738 1.040301872 -0.020423686 0.490710002 6.293917218
-37.643862238 17.761669681 -9.252044580 -0.064490585 0.958190375 0.231806008 0.154848779 8.460703015 6.842435625 0.466705275 8.667590524 1.749756260 7.562031225 7.327990299 7.055289706 5.064745195 4.351050245 4.085547999 9.471873896 1.454810235 6.344566021 3.898887290 1.702524277 -2.301517274 3.453970026 0.530452182 3.506664676
-28.121690911 17.597142548 -11.909573346 -0.437562221 0.034955666 -0.808065926 0.392870034 2.273911227 -1.861038814 2.465447335 5.576030355 4.745445557 3.633285545 4.955437948 0.243846056 5.325350212 4.044622394 -2.778602094 3.993836049 4.654194904 1.536096685 6.043348263 12.187651673 7.076388352 -0.246129265 -0.359923384 4.704056693
-40.623178082 12.960949917 -12.944950513 -0.422110267 0.555571029 -0.113480427 0.707308948 4.591879086 9.192485392 6.159082749 2.270697495 5.040040011 3.812698485 0.805408262 8.054614620 0.923428591 2.676219877 9.358762800 5.238107227 -0.747789818 1.876805641 5.339635847 4.209827413 -1.013551848 6.200399779 5.876780275 3.323345916
-33.626657520 10.610089602 -4.925055612 0.467249874 0.077901404 0.689423138 0.548000606 8.687487174 4.650075025 8.564015668 3.602814062 6.161500076 3.788424371 5.351647633 -0.905997303 7.339378383 -1.744214872 1.017281372 0.967912676 4.764231677 6.691021831 2.053647352 -2.012986786 2.189557522 2.868184713 4.998660058 5.563042268
-28.111949907 10.171529675 -14.644966231 0.172231778 -0.900451466 0.257957459 -0.304928387 8.435923145 3.048542546 5.962265504 7.501463877 7.086480483 5.195377160 6.768318407 7.544168740 12.690525643 3.291519591 1.079045575 6.029354800 4.762165781 0.977072103 5.663120133 1.773215730 2.868973626 9.628580139 2.964936200 9.325562095
-35.605679138 12.854935602 -18.614738083 0.676854753 -0.614335350 0.268286271 0.304108859 4.183653263 4.223965989 2.743770170 2.377160476 0.017417705 5.892937749 4.228899466 6.171102225 6.836986874 3.252403578 4.034807383 7.501927652 6.288713299 7.652565111 2.593591047 4.408023776 4.140317830 5.807256469 6.117915993 1.944174700
-37.089237413 10.808478789 -16.224186364 0.791652806 -0.213330309 0.112898765 -0.561275229 0.798511723 0.854302961 2.026613378 -1.611969516 8.489259385 1.272931898 3.773147423 6.793906522 7.524995050 3.094625511 2.158200775 4.767025655 7.631192553 -1.053287974 0.707519926 2.054484830 7.068848051 6.178934712 7.052194325 7.396065185
-41.065041472 17.559464733 -8.382133457 0.385011785 -0.522471411 -0.741715456 -0.169256413 -0.214417497 5.485851848 1.449800059 1.773028111 4.968792278 -0.809130640 2.180400921 3.024298046 7.400560640 10.045425445 7.689345084 -4.541445254 6.415269113 4.950515900 -0.864677638 4.382240865 3.824032092 4.773059697 4.156639540 3.135054051
-32.137965672 11.622175577 -11.941478095 0.604136279 -0.066530345 -0.792711095 0.046927487 4.211836014 4.579584345 10.044092265 1.475139022 3.984060016 8.317724308 4.856198243 5.466611615 6.253020620 -0.164060955 6.354577788 2.712889959 4.355293886 2.340339489 8.857236730 6.351429556 1.419057796 3.431066410 3.586163353 1.160478769
-35.288117319 19.466593523 -9.066228731 0.302633937 -0.565892829 0.267626814 -0.718716839 7.926613509 6.398446191 6.561865447 3.121872300 5.882447252 6.294348276 0.016128445 3.668405863 2.194461909 3.296409758 0.854653098 6.878496844 1.325569633 4.426336546 5.070801463 3.041650400 1.179548071 3.269740599 4.384738431 3.328926238
-29.126383673 18.617875774 -8.245424099 0.629545264 -0.431663280 -0.137570306 -0.631200431 1.518357667 10.609775433 -4.850941919 3.905937552 6.265152642 1.130220085 2.140984073 2.310466111 0.545244546 -1.067260311 5.394650187 3.298349060 6.402068014 4.563696579 6.287977054 3.115320828 0.377966548 3.267767421 2.162590634 4.603713409
-36.961308682 14.270239931 -13.828490524 0.441536045 -0.163360194 0.821853028 0.320806745 4.454121463 4.333929535 5.821048890 2.537666943 -2.315318900 4.362429748 0.435884063 3.521559980 4.439735040 6.153866461 8.375641332 6.096578533 1.825571304 3.247694543 2.986057063 5.390447651 5.897395711 -2.633762706 7.057328936 3.151919784
-33.731930833 5.967133464 -13.901353901 0.207865893 0.309177783 0.784379933 -0.495932445 4.256912909 7.086366090 4.307369856 1.429714695 3.606967450 0.485873390 3.448889884 5.403959595 -3.160253267 4.375561208 4.657600056 0.170409686 -2.304624783 8.913374667 7.141921090 -2.664664367 5.265089417 -0.267390939 9.426410185 1.802515560
-32.502806946 7.090260030 -8.498712870 0.031204994 0.097301967 0.964116811 -0.245025205 8.771554242 2.859129562 7.620154120 -2.785444955 2.887004475 5.926217883 0.923268359 10.247611899 2.924740678 4.527872084 7.209983544 4.385390956 5.335584541 1.790388659 2.930049168 -1.479676141 8.684736423 4.953522353 2.420858252 3.434698919
-35.816381127 8.693863967 -16.181053277 0.703680367 -0.077044442 0.585339220 0.395317711 3.002511687 7.693826696 3.214131460 5.438833476 5.641144649 0.248831014 4.179613832 5.537419678 6.471653414 2.630013017 -0.256099535 4.605619294 1.939936995 5.689193560 7.807490060 -0.111166480 0.913280780 4.421800358 3.518567854 5.240168784
-33.624899840 11.338661828 -20.152737741 -0.352089681 0.556977303 0.138260327 -0.739387059 6.421257497 7.746024832 2.777539705 3.078067028 6.858401818 4.975886590 4.247226017 -2.267287679 2.379363007 3.770227386 7.496013662 3.275315814 4.261144403 3.931874525 -0.187048277 7.896907328 0.337845219 -2.918253552 1.910109628 2.732491735
-31.314360793 9.733986244 -16.731943085 -0.153461089 -0.817262747 0.219113200 -0.510412287 10.226115997 5.399340749 0.938760114 -0.063357818 4.521646409 4.844325249 1.979251528 10.351610220 7.864841739 2.359828258 2.918854820 4.614163614 3.195646625 -1.157433031 4.500613308 8.183865059 3.557200473 1.544129158 4.984432359 3.608649197
-40.921132409 19.967888915 -14.467628298 0.416872625 0.718625867 0.339583551 0.440995566 1.918511258 7.593915027 7.694832183 2.998856071 0.474969978 4.797144427 -0.214128489 3.574521476 3.396962878 10.331641088 -3.417500294 -1.055580611 3.237864176 1.449040455 2.495378141 4.691476868 1.335176540 4.595027544 7.485986387 5.945072241
-42.325570553 10.845257277 -17.408506474 -0.479762889 -0.364103926 -0.465389079 -0.648589937 2.744618562 -2.174349453 8.633619583 2.522770380 5.655715128 8.594222722 0.199850441 1.753225109 2.269772486 4.539996319 0.954480971 5.027357470 6.807066284 5.874298384 3.079322438 8.422752540 0.062147129 2.847341161 3.998788771 -1.529536364
-38.100306366 17.522609681 -10.365587055 0.533913687 -0.342895971 -0.195906303 0.747649148 1.150598283 4.800550437 4.996972845 1.386939953 3.345178175 4.197689164 2.200063512 4.164578040 5.603539389 9.187370211 2.487251915 3.014988893 1.182601744 1.537976354 7.778490452 0.148632565 4.047492047 9.340903555 -2.387933248 1.880261656
-41.961572378 19.108470195 -14.922157447 -0.228033674 -0.700885344 -0.649575197 -0.186580925 2.123645158 4.206213281 0.940560252 8.820340884 7.002647584 4.569287806 5.798656300 1.618141046 -4.141947191 4.477044790 4.886625546 3.566926815 -0.701038610 6.618849038 0.683664657 9.323866038 9.050499668 3.652653459 10.540110538 -0.144323581
-46.079825418 12.554443111 -9.648720798 0.591555182 -0.056752912 0.346433940 -0.725827182 2.637758737 8.054858312 5.095467469 7.920914468 6.677300379 0.526227507 6.977598529 8.528818635 2.493099610 2.429080608 5.908260074 4.113244325 6.526035127 2.611161461 5.207936089 8.180667601 6.825917131 3.941120031 5.172875459 4.700791050
-34.746381609 7.986980541 -11.955727981 0.708864176 0.289595925 0.222840641 0.603314038 7.460145703 3.371994126 3.333852476 4.195048183 5.667361899 2.961824112 3.037963158 3.475469857 2.713961150 2.334664703 8.289677422 0.665087255 7.396075670 5.663592186 6.055072585 3.259224285 -1.157482199 5.616714119 7.309432512 0.962623222
-39.814234789 16.397910927 -10.647653814 -0.154531860 0.962140843 -0.214775373 0.065394501 2.484721396 4.792360516 5.024425245 3.358107860 -3.330277843 -0.774199820 1.067214260 2.051508182 9.054482925 9.762978304 3.784312637 0.038506302 5.094892883 9.574877091 3.591139586 1.327319479 2.681887188 9.763079123 3.182591677 10.549963244
-42.365042656 12.176171180 -16.157176730 0.214097461 0.327944446 -0.732475240 -0.556861509 0.879583787 6.529532648 7.615987577 4.909313560 5.177813104 4.520241607 0.683679354 1.229914054 -0.113037063 4.054126405 4.824518676 5.967960961 5.425050351 0.739201950 2.463410394 0.101537681 -0.358286907 3.689563017 4.850559399 1.950198196
-38.960585469 8.139683072 -19.827071986 -0.612149657 0.713952801 0.292252274 0.173588027 8.631450056 0.721471837 5.533388473 3.231367460 7.391227462 3.968972640 4.378648579 6.657724714 3.561503918 5.150899692 5.634260351 5.060885696 -0.100822690 1.368429253 1.990070958 2.120932421 1.602973983 4.994346064 -0.605774932 -1.262324780
-40.588235992 11.979706066 -10.049550339 -0.192557805 0.256914837 -0.781923649 0.534332917 4.450239662 1.786811241 7.081618558 5.503128263 -1.128992756 8.782998229 10.553597442 3.052380413 2.394098393 2.173841498 2.480137510 4.567410120 3.697623741 2.538587013 -2.954011233 3.721737248 3.406605488 6.062210992 2.907860679 9.448137272
-39.257779409 6.148913928 -13.922737949 -0.491776430 -0.775163684 0.145102514 -0.369083279 -0.314698066 6.384739856 1.985305694 1.944761704 5.114762726 -0.807034472 -2.218894577 5.411623145 1.813649897 4.144656557 9.670370733 3.906548724 -1.966333227 3.314443408 7.765290890 5.275429139 7.521646129 3.331876804 5.115372927 1.911555622
-29.066944465 9.033329941 -11.058619656 0.296739771 0.482811786 0.239562463 -0.788319804 3.662582367 4.591432955 1.063636532 2.334541391 2.134627402 1.227105493 6.101081457 2.778351469 1.681084132 1.706372417 1.538923357 2.651700825 6.742232489 4.129781835 5.699322889 1.006762209 4.124071550 6.416277648 8.822124403 -1.708728998
-34.571419353 13.164758155 -15.092211552 0.157775413 0.905059669 -0.247699750 0.307601606 5.937987497 4.008993915 7.030258044 7.303591037 4.178171099 -0.146757049 1.213171963 7.455306650 5.479212755 6.281558933 -1.272549202 2.814495937 3.757485182 4.359212978 1.847303827 10.283929384 6.039561546 7.912971085 0.529022235 1.624603053
-40.074792480 11.465288765 -15.866885242 -0.665078212 -0.019996618 0.581076726 0.468637329 1.984935811 8.650021228 2.711103238 1.043618742 2.744397932 8.567407055 7.369701077 4.760081472 2.460187553 2.196589889 1.209836460 -2.189861519 7.627346002 4.441914393 7.752451457 2.063070750 5.827750494 4.785375539 1.216777569 6.268617869
-36.159896392 17.532987074 -8.981316627 -0.159934242 0.671655115 0.360403382 0.627223921 4.751852886 1.262585949 0.057020642 6.830631072 8.728880160 0.148319243 5.672522602 4.528015286 10.690718414 5.654020446 0.893511666 1.238198875 1.292736283 4.003381717 3.396414028 11.150288461 1.625799166 0.625244928 7.909327024 1.144383686
-42.768048427 10.589865094 -14.724937509 -0.550171893 -0.726710356 0.051265970 -0.408135697 2.498324761 0.120716787 5.399359433 13.907861776 4.374605171 5.916678142 6.860222252 4.969922638 6.285991198 0.792389620 1.968716128 3.187903974 6.363890176 6.981783177 -4.362151182 7.845748006 6.096912778 9.142158117 0.694935104 7.874804943
-41.279252373 18.069271941 -13.406622159 0.705433031 0.265148290 -0.467415219 -0.462151096 -0.912860651 7.705155605 1.866587176 7.388562297 9.448374860 6.668361232 4.302559692 2.157409886 8.465449531 4.149772736 8.579674218 7.117002627 2.561140310 8.082701747 1.361594563 4.227915584 5.274916678 3.320963557 5.926770775 3.775357113
-33.799616610 11.571053552 -3.193223824 0.527278002 0.490388515 0.556028104 0.415126199 5.374522327 3.023556354 6.375186151 2.189296715 4.184338583 3.072283059 3.661116331 6.507315195 8.103996155 3.880843889 -0.418672316 2.990154458 -1.143485665 6.369260569 3.276411929 3.670956004 0.200755655 7.381579418 3.317126873 4.618057256
-35.499427477 5.985525043 -6.786482867 0.271002148 -0.162325200 -0.947385874 0.051656268 7.679260847 8.387504622 1.431812183 6.519753923 5.866867379 7.665943164 4.050831472 -2.654681155 7.860977821 1.426757934 1.114322757 6.916581504 5.171634325 7.731876019 2.083723159 4.331410408 0.203938327 3.890774761 10.416764643 8.752849186
-42.905335401 15.519141511 -6.286009613 0.412415378 -0.065073671 -0.572058473 -0.705994389 0.640412954 6.222765587 2.777651366 -1.969998070 9.133893574 3.849324447 7.835459728 5.646524342 4.511723290 5.353695827 4.419443875 5.037094858 2.177247963 4.304087416 4.329327144 6.417871821 1.935356987 1.801434501 7.203548300 4.926094491
-41.903216467 14.315505256 -16.589315270 0.003563263 -0.605557716 -0.684753126 0.405463083 6.343211554 6.910062729 -0.406531340 2.488837347 0.878963519 7.390044698 3.944535198 9.813298281 6.546123386 1.111480031 8.774468912 8.488351161 6.521937379 6.565624003 0.604579386 4.697663866 1.579401074 1.144961258 -1.254250764 7.825493615
-36.434038390 20.949262992 -10.823905963 0.895963225 0.024281814 0.134259334 0.422652012 3.798481838 7.950951775 5.802881496 -2.771420472 0.884082098 3.485803732 1.489224567 3.409931962 3.002026443 8.365377503 6.753869721 2.164127052 2.754095069 -2.741210300 3.414610206 4.085073412 5.413914498 0.877839121 3.107312644 6.909732307
-34.585828700 13.310218919 -9.309574517 -0.311833378 0.908642736 -0.272909179 -0.051467495 7.642650328 3.110673087 6.841836964 8.560325905 8.304965371 0.562953850 6.936917925 2.200733865 1.493700262 5.434507820 -2.021723155 3.957012662 0.716495725 5.490389000 2.715501095 7.058701011 4.583286210 -4.918170267 -1.402392706 -0.312949042
-33.930663800 19.843146377 -12.426898396 -0.112477063 -0.838347760 0.000558692 -0.533405692 0.351994688 0.392081660 -2.137136553 4.734569815 0.585163353 4.780316929 3.005585787 6.483370198 4.584792254 6.722656934 9.223636652 9.081940259 6.077578801 6.321399432 2.339637973 -1.189692418 3.230750895 4.687395741 8.092653584 4.723625157
-34.971900813 19.056524643 -11.544965818 0.449194202 0.649134166 0.595667466 -0.148423966 1.804951478 3.586627311 7.979992417 4.486936677 8.096349283 5.777396518 0.407672325 7.972709447 4.145771006 5.037388063 0.433352532 4.495675291 4.831356312 4.251395777 1.922166311 -0.226484076 8.748399241 -1.185238346 0.674983639 1.805810625
-29.145649609 16.013535443 -13.333809990 -0.072623688 -0.202182202 0.826709734 0.519999205 -4.635308675 1.662272483 3.187151276 4.125113777 8.564461126 -0.832122693 5.122492324 3.496433276 4.215450605 8.963670258 1.553906598 2.650838919 2.764004200 3.631223237 9.086116213 6.094026431 5.891461216 8.486410250 7.609519413 4.162037676
-31.567303565 17.262363746 -15.894518316 0.545589641 0.294516185 -0.454758200 0.639364638 5.719496442 6.055785060 2.492036091 8.167586807 1.917253278 5.640089870 6.370366014 3.622890998 4.246386573 6.059391957 4.949345281 3.568221186 6.971789974 7.934176424 3.727831775 4.065620237 -0.965328497 6.065238152 -0.350398943 3.979178040
-33.515766839 8.836695043 -11.589750037 -0.018790159 -0.384299254 -0.094782448 -0.918137953 3.763284718 1.750796585 2.485455842 1.077381520 9.424292227 6.159286287 4.717009602 10.174598424 4.698212124 0.094280361 2.605158128 5.533112325 4.031555659 7.690400342 6.179986164 1.947959037 4.538096797 5.433558945 6.484263787 3.799553001
-29.512635660 10.627091950 -13.757601588 0.339130432 -0.124607407 0.363922678 0.858500920 4.469180903 1.729408323 -1.663406599 1.067868013 5.372212518 10.810644179 3.546686228 3.849557872 4.784194403 6.698435374 -0.172373436 -2.550860508 -0.104239943 5.292569991 7.281420958 3.330657811 3.158806747 9.196822546 0.950244481 -3.346453103
-28.809922044 15.967555938 -13.914056570 0.944621239 0.301490340 0.083971197 0.098707283 6.029314973 10.368423659 -0.125038238 8.812382209 6.969954183 8.105173153 2.432940795 -1.208358496 -2.660199730 5.858822081 -1.871557042 3.850383232 6.420993737 2.628618878 -0.798573971 7.184555985 0.668918914 2.736666310 1.249184358 0.316964161
-35.757005030 11.592702875 -3.807164801 0.138619824 -0.076042194 0.863511797 0.478904484 7.710076995 3.485926978 6.926988286 3.304529312 7.677500412 2.480429495 4.080714093 4.656838538 5.695960807 0.600358043 8.056763405 9.395822047 4.269656742 2.368510262 2.061929608 0.639162250 1.900780632 -0.380599107 -0.472590891 3.721663291
-36.751550463 19.733678848 -5.500269695 0.080381528 0.424985980 -0.258977680 0.863629717 -1.160147504 3.935229692 4.489561288 3.502623135 1.764113600 1.317313294 -0.305050592 5.460442441 0.505109936 1.675369617 7.983109123 5.320689356 5.050910872 5.534634330 6.765236880 4.050572925 6.284003337 6.085623616 3.001568860 5.240074244
-33.597035617 12.033256647 -5.088907980 -0.753953358 0.238488767 0.375990434 0.483020326 3.686407374 4.790773159 2.964279922 6.720069209 2.451614992 -0.776673949 6.572002840 4.688674320 5.531145335 2.551418042 4.428961033 -1.204338268 2.629524164 3.248855360 -0.982146343 8.950942364 5.428517370 1.162544152 1.164288973 -0.549013706
-44.322398203 17.288791154 -9.843540960 0.106732287 -0.876154757 -0.289162654 -0.370602240 2.833981198 4.278010024 0.614456055 5.382604739 8.228118286 4.632769608 0.258103653 3.249332733 1.833585210 3.815397119 4.625757746 4.412802652 1.472571675 2.518445564 6.445455196 2.182936686 2.678667092 -1.791871121 2.726368443 5.244688563
-31.028206879 8.753752134 -6.743637113 -0.671284801 0.070768617 -0.685717909 0.272322362 4.365135228 2.824534686 4.685368645 3.098028923 8.490524861 10.802645685 6.889475734 5.008105880 -1.749367316 -0.503847018 1.167375425 7.193309696 7.484553464 7.896081578 6.793521418 -0.903540375 4.765701385 1.162908669 -1.227952994 3.628636804
-39.965271662 17.839432859 -4.674135882 0.490798384 -0.732564751 0.252722960 -0.398242311 6.649552265 5.650270757 1.647612691 7.739505769 1.649909704 7.812046706 -0.656230012 0.675962171 3.547067031 4.313333757 4.997776913 5.323275385 2.618813019 3.160711624 -1.682127181 4.564475375 2.979083883 3.886370451 2.104602696 3.667770286
-31.457993897 11.246059093 -18.969222287 0.445606162 -0.144192742 -0.760910578 0.449064242 3.733403379 2.310465015 2.802029738 8.566309686 3.111535308 2.730499677 1.326946371 6.816317870 4.835463148 3.031101231 -1.885184527 0.639591590 5.745213350 1.012399208 4.103040495 6.693746293 2.033957402 5.633612989 10.079465360 6.118109999
-37.043776598 22.865509292 -13.036538572 0.225289571 -0.918708705 0.301027541 -0.120836019 1.461624310 4.055550387 1.665607902 7.525709855 5.825072141 7.463571787 7.639869396 6.250752797 5.536977852 0.966683133 5.770952692 3.897074384 4.097604220 0.991986513 -1.989463467 6.384596739 5.547490306 8.455521256 6.679951840 3.952411065
-36.055885748 22.990545396 -9.847206158 0.131181457 -0.905698544 0.396587239 -0.072250496 -0.020008263 3.127379249 0.461811344 5.595148036 6.873466165 5.321389030 3.953058220 5.818477417 9.190160722 5.764987982 14.314530885 4.973705788 10.153519618 -0.189486136 1.299903757 1.484531816 -0.120641297 3.841904094 1.939869333 4.300278727
-43.343959340 14.335229308 -12.517972518 -0.551528326 -0.265223553 -0.337388897 -0.715291342 8.105530275 7.954715418 1.439682928 6.333246560 3.462658475 7.787378616 -1.062686973 5.637630257 2.259455412 5.777702056 -0.246790133 10.814561421 5.349771277 6.345974567 8.021233513 5.953377841 3.941040901 7.473369276 9.085964480 -0.284114756
-34.512566376 6.307462308 -10.629687964 0.742819096 0.269366079 0.537824820 0.293949262 0.059106879 3.939178920 3.650374070 4.899739520 7.766500218 1.112117162 3.555317469 0.148488432 8.819619849 2.335990131 1.054809049 2.782012936 4.525456894 6.768627902 4.863802998 4.699124846 1.630013230 5.548325647 0.383710658 9.873886501
-39.870066195 11.678721723 -11.102383759 0.199950903 0.408945750 -0.886979068 0.077789098 2.551435929 4.992969587 6.950677540 1.324467671 1.956653599 -0.861543257 3.999222154 4.616758333 4.226429525 -1.376957193 4.635897367 3.778469533 4.311150927 -0.863174964 4.729197268 4.640172478 8.510682671 -0.098150524 2.748909789 -0.071257726
-37.186267705 20.163964722 -17.297023865 -0.342082113 -0.371288868 0.168017078 0.846696324 4.712986261 5.741783752 5.445935554 2.470335018 4.990536219 0.894058048 8.855627853 2.825124973 5.425921742 3.609995043 2.364474349 4.142004889 1.198428044 4.299994894 1.032982781 5.636966795 6.018178011 6.846984284 0.874355240 7.563684416
-35.277336551 9.069217467 -10.217602925 0.518197945 0.725012007 -0.047218550 -0.451219335 11.000964304 2.499669718 8.087214558 -2.517072656 2.010897616 8.169968815 3.644743441 1.935631198 5.363809669 0.540733300 7.545504259 9.747260640 3.690888089 -1.075208915 1.347119721 4.695947920 7.574704695 1.685347161 2.373061084 -0.325430557
-36.106266516 13.326705586 -17.080760840 0.398384760 0.533345473 0.743030700 -0.068829995 6.256056371 4.151214308 3.732177285 4.787066981 0.024814890 8.238691810 6.062626613 10.825449263 1.480711732 9.711722693 5.840834906 3.988480963 -1.054759664 1.905332275 6.825037374 2.003097271 3.572522543 7.189531768 7.588617379 5.811292794
-42.600771465 14.383681192 -4.976363476 0.375078288 0.337463809 -0.052674285 0.861777161 -0.098114562 9.239917130 -0.088083097 5.273726208 5.160475454 5.226241385 -0.085445611 -3.806972069 7.051626517 4.343382372 -2.659382094 4.453357229 0.492848325 7.001200649 8.383887466 5.990176569 -0.191603190 5.662912689 5.776005639 7.625499165
-40.741545204 12.914698165 -14.084983052 -0.164569854 0.412757377 -0.478408689 0.757412198 2.078751610 7.443711453 3.266746514 7.411531873 5.866483778 6.417806744 5.331294507 2.176001592 1.465257295 2.670471276 4.401287938 1.623391210 4.636867003 7.722836346 4.017653299 6.138344960 5.903519951 -0.557680104 1.501816784 4.074147964
-39.418247126 11.203236299 -3.318545933 -0.280152774 -0.028070045 -0.881760368 -0.378450987 7.918554506 -0.058435211 0.698995849 4.221662607 4.276922131 5.206322773 6.681999165 5.818559400 3.384384964 1.951525006 6.456418129 1.407087505 5.688340634 5.436862223 1.594520201 1.731492257 4.134112711 2.387402361 6.404554743 6.218250136
-29.565148692 11.206735930 -11.585192839 -0.291644873 0.074905267 0.946024817 0.119872910 -1.210793322 4.754881910 3.833702156 -0.688672362 5.191026915 6.334073835 3.814957281 6.470824519 4.384728217 1.555948640 3.581231388 3.488916337 8.411719881 -2.985382168 6.545424292 3.591278611 2.830249822 5.263158724 5.433812619 6.441105529
-32.996477552 12.110038132 -11.378128647 -0.297228861 -0.179454081 0.533212065 -0.771450667 0.873561656 7.411289965 0.595732340 1.888086333 4.957820105 2.940993651 6.655449475 5.493094832 5.933165253 6.167816107 0.897370333 0.982525112 3.131434364 4.386888857 4.793267211 0.455329784 5.628812788 7.645026204 5.466502112 2.074202251
-32.719378222 22.311015745 -10.342300451 -0.630051464 -0.447857912 0.305094880 -0.556215388 2.151578499 4.947336691 3.450388438 3.859721344 3.650342950 3.630896054 -1.292827856 6.880401495 0.868244811 8.415420715 -0.574059433 3.833002998 5.780289045 9.730155211 4.798678974 3.558432945 7.621846689 9.659730317 3.987767401 1.040939258
-35.290234887 9.816964280 -9.703920198 0.259022102 0.319519855 0.887051586 -0.209652324 9.417307802 11.886384697 3.632432625 6.388985694 4.879302655 6.997028429 0.853365112 3.910470059 4.337929002 2.112816720 3.398534369 8.242883759 1.405129050 6.292977557 5.095087017 4.668718469 3.312511511 1.817454057 4.835021732 5.301872965
-34.632332003 9.869623480 -9.960590942 -0.348026753 0.849148748 -0.323123799 0.231116406 1.352719858 0.875564710 6.598240400 4.723955390 6.588623208 5.481876716 2.982438516 6.670735684 0.898007808 4.299751945 4.104785194 5.676467060 4.688638735 6.097762408 6.195168222 -0.304022812 -0.281692273 2.753554050 5.645706128 2.270242569
-42.096110776 11.711393050 -19.269949038 0.081314557 -0.530345837 -0.208267299 -0.817768897 0.740439805 11.210695335 4.897699659 6.808395778 6.767588247 1.490989488 5.538270199 4.120140552 10.653032070 9.315787257 8.057395247 4.986768945 3.624239238 2.121276652 10.671958377 -4.111977442 7.998776765 2.107768120 5.457139391 7.043040386
-30.077518249 13.402915567 -10.575376953 -0.759164043 0.594022911 -0.095344577 0.248427351 3.543207523 2.456836244 2.481159365 3.979985094 0.694858892 8.964707656 3.085087754 5.905222222 4.038007755 2.011098407 4.435758368 6.933581678 9.558641754 3.439471028 0.827775263 5.371585675 8.490280637 6.166578634 5.477793186 4.978610543
-40.518146220 15.427072064 -9.105742001 0.272395412 -0.097792638 -0.760713975 0.580991900 8.730549574 1.089833564 4.875591543 4.670050583 9.214629795 4.610678801 2.252404234 4.221723084 0.440317409 3.937823227 6.600995959 0.015136706 6.750579870 -1.956666639 2.448155459 5.861493775 5.111783186 6.925929369 11.112648701 3.447326598
