0.373690550 21.902177563 27.073332948 -0.031392648 0.043807247 0.916637150 -0.396070400 1.582277850 4.366856776 0.702050311 6.407549666 5.572487832 4.785327300 -0.399576284 7.267713869 -2.444929501 1.653756283 5.819388659 2.059657586 4.966075937 6.211597009 4.386662152 6.547602128 0.422584686 2.158125709 4.181146039 5.595254924
2.028185027 23.905090732 23.579526803 -0.883381347 0.431225409 -0.163879995 0.082615908 -0.747518628 4.508077698 3.118795108 2.300575735 0.133749096 3.796403741 6.401816707 2.590303714 6.189362223 3.601514411 6.192910968 6.739359538 7.191810244 10.124963216 6.484887495 3.617461481 0.085674279 5.438811216 4.241829795 3.030121219
1.849722401 25.073954789 29.312530459 0.400115229 0.893639254 -0.191984805 0.066772161 5.565535142 7.120780796 7.078981886 4.630511654 5.942391340 6.577416218 6.465480462 3.573263953 0.806390805 7.467810044 2.931994866 -1.365819451 6.175833169 3.531532303 7.464672897 1.585690126 8.942487773 3.364397003 3.253866560 5.272171066
-6.519561260 23.793379406 25.306843032 -0.160181916 -0.425574828 0.477796588 -0.751623736 6.942819683 -1.107178063 -1.878233844 2.386035216 6.627143492 3.449033153 4.390535271 6.783128943 8.579653197 1.135350036 8.484972790 4.194946490 0.545648243 0.352075978 6.820555734 3.553251566 2.978154862 6.512963847 1.149798641 4.675683337
-3.974163702 20.692488993 31.374048345 0.779561293 -0.046034656 -0.428706564 0.454285903 5.400082552 6.674945097 6.287910576 1.474881526 11.197856552 6.374269099 6.043720769 3.551563267 4.731020646 4.472792938 5.649888410 1.605700585 9.092269820 -0.966498519 1.274180669 3.894776776 9.911329803 3.285021929 9.195025659 3.134471954
-3.786732331 20.876973792 21.456827897 -0.533721887 -0.316257072 -0.445331181 -0.645602471 0.259884988 7.929639747 8.632428630 -0.210514953 4.586303226 -1.023416668 8.169979903 1.669482637 4.142020309 4.142118522 3.190408605 3.182495079 0.142077553 3.821605485 9.579291454 3.122469386 5.310092516 4.812999837 -3.239459196 4.858268380
-0.611129555 21.366289629 22.339592540 0.127205566 0.423981316 0.600200135 -0.666196957 -1.633441280 0.483550358 0.173623852 1.023489544 -1.864333600 11.435917436 0.804045307 7.845773690 2.324666923 8.572219806 7.255761375 0.225901237 3.083223423 5.844084830 -1.267899705 3.683024162 7.786471374 0.282091901 -0.348285778 4.291000397
5.073165988 25.792729745 24.834408161 -0.307973006 -0.818718914 -0.133640976 0.465824062 6.478779350 3.840115018 6.996875715 2.776923551 0.169498834 4.558698545 6.444256356 0.784086268 3.491313967 5.316209161 8.074568084 9.323215596 12.047141682 8.752497721 5.362360697 8.237433603 3.704183704 9.120814148 4.950718982 3.346308269
-9.387056229 22.173844735 25.529123027 -0.305030834 -0.278106453 -0.345697503 -0.842678010 -0.081033117 3.549421381 3.535030061 -3.698445324 8.607738380 2.486286002 2.346023613 5.075122792 4.346019261 0.767487923 -2.470791509 1.478581654 1.960158284 5.447077926 2.889963732 3.609023013 0.219784301 5.004660774 6.733668528 4.412664345
3.286168583 27.286503619 19.411517665 -0.159391448 0.785268235 0.588471287 0.107933824 1.979934714 9.585573782 9.096712724 2.057213164 4.844889155 1.739134682 -0.448062768 5.676178151 5.043432788 2.929312072 3.285993757 3.686568229 -2.268704971 7.282536220 7.016896299 8.268277318 4.624930889 11.360931751 6.567853110 2.664923376
-1.144853213 20.938380990 28.206683106 0.578716491 0.477114347 -0.539236993 -0.382978574 4.700546315 4.219713912 1.599438105 6.243046908 6.511030402 5.116279773 -0.186063018 2.348196390 0.107776313 -0.977769102 1.785012077 5.315935962 8.522581102 3.651536997 9.688105105 7.286788231 3.006525322 6.786176875 4.805063404 1.747578971
-8.124208981 30.025909101 27.061240543 -0.657075682 0.195856881 0.727913902 0.005742873 6.147743958 6.701512604 6.770609179 1.955407635 0.235836483 4.785744526 7.205198886 10.758071381 1.735674528 4.600137872 7.978347057 4.511134723 3.812042058 3.284950795 4.234177972 2.280286074 4.856846530 9.799056144 4.305302824 4.795412252
-8.575363445 19.924554000 18.450247714 -0.013839869 0.797173462 -0.044326219 0.601961889 6.918374909 7.353050366 7.533893337 5.744316122 8.547588835 3.511576959 5.622959996 4.718865029 3.146276188 3.421580624 10.388997285 5.312931053 -0.009777701 -3.500098361 5.064143998 5.001612764 2.887682366 3.215038931 1.232702013 1.124205724
3.744193207 18.573294375 22.368785664 0.373773772 0.653099834 0.638260949 -0.162409158 6.008788238 2.945417795 4.062444034 1.543334566 -2.661758579 0.362643015 1.634323724 4.555098995 7.376865580 2.808457997 0.883581494 2.104387349 2.773060704 1.768606434 0.942954147 2.533582069 -4.231628895 11.239487088 6.222143113 9.305229716
3.150893667 30.075969638 19.908205326 -0.092391242 -0.537611513 0.798520578 -0.254563561 3.791128417 5.929509766 6.509585736 7.292354660 5.017578977 5.960906329 6.677039593 1.951831317 -1.693812075 3.657911231 5.709192622 3.875006207 1.712203707 1.450504907 0.523205143 7.654550903 0.210881572 0.385686389 6.319536525 4.384797257
-7.396096969 32.692513338 24.558015519 0.446155280 0.521738445 0.016800815 0.726947174 2.390079157 6.497783895 4.474880188 -2.308218307 6.805512930 1.783362724 1.346064719 6.506395873 1.421109573 1.967043523 3.346152997 1.404171714 4.354187939 6.422939066 1.165959970 2.756412085 6.664798253 2.423396868 3.635835633 1.464385945
-7.253750139 18.362194708 23.509931304 0.801078059 -0.146461335 0.392673999 0.427352490 8.055350155 2.978609472 8.512994198 2.696305030 1.219714616 3.754896203 -1.924381451 4.633547733 8.695365564 2.413858017 1.745811438 1.273514486 1.981968800 0.366306802 3.963649768 6.059111013 0.057426657 3.437809695 2.097542498 4.012064133
-8.058833771 19.354072834 23.197866823 -0.761198906 -0.546856931 -0.007847167 -0.348514196 6.512209703 1.325545043 2.073837448 4.896984189 3.411720826 5.733322284 7.965499630 2.244495149 7.513524983 6.740750670 7.258220321 4.097565837 -0.270558300 3.830929289 3.396063866 4.239714628 2.615461521 4.109066755 4.196105189 3.846536686
0.909278450 31.693387239 29.829512089 0.812897686 -0.556587121 -0.010542326 -0.171163631 5.762099480 3.050684549 8.817154248 5.091146580 5.803021236 1.408090466 5.541393391 6.511121311 4.285922626 7.597968157 -0.495730290 1.657095565 5.346848407 0.805662442 0.718930868 9.477038140 -1.417146033 1.229926948 4.332015146 8.856166538
-3.142457060 24.017579899 21.803875895 -0.449382756 0.526725521 -0.717008960 -0.080706355 4.474526319 6.516856002 0.001740090 6.797155388 7.254737532 3.770449565 2.998066207 3.385535439 6.973593330 3.874895148 0.915500599 2.394785226 10.820049419 2.457184518 5.915124716 5.079711004 8.751795630 1.855014774 5.995489927 1.566625776
3.419874669 27.542596025 19.017502785 0.278652521 -0.398098290 -0.515423661 0.705839199 1.908177223 5.881921961 2.766165049 2.657697382 0.431390394 0.415546838 3.753465821 1.686014976 4.605952995 8.212687531 2.967907514 7.769909579 5.999039956 4.732164200 -1.141886281 7.352011796 1.058907231 8.363682909 0.918730415 7.347774380
1.424466000 29.976029890 19.743903829 0.106810620 -0.835969256 0.529512322 0.096765668 7.841730191 4.688336536 6.484662763 0.925494071 0.146523531 6.536369697 -2.038452553 0.650385703 2.950045652 -0.941741471 5.933189644 2.164457203 6.378617000 3.367261660 7.613949056 7.128344162 7.221069470 3.720359256 1.902792885 0.340550270
4.224831784 28.968846420 24.393711478 -0.244352103 0.385866769 -0.353049102 -0.816550805 6.516590754 2.246619335 5.358888254 5.570095111 -2.856787326 1.939646634 3.188354414 3.908612831 0.914414643 7.475027232 0.881224993 0.531820321 5.679757852 4.317717004 6.330137715 3.643556884 4.953774940 6.087353321 6.343443531 3.868024053
3.132716931 18.172515155 19.442814206 0.543259261 -0.240568342 0.772620750 0.223726227 5.714538187 9.014349601 3.215381647 4.146896217 8.471101754 3.453813999 0.608456326 6.742588006 0.177365208 2.089829490 2.977210880 9.170544468 3.773701441 2.702163533 6.097879899 8.373713711 -0.265329024 5.755706503 5.965940859 6.630316617
-8.607366476 23.101274548 22.116192702 0.812744715 -0.247851882 -0.077157561 0.521595804 5.896235289 5.448666845 6.582085080 5.867896339 7.216421901 3.395473837 1.292389156 -0.405901495 4.167701282 2.834254826 2.646930977 6.916438170 6.553492414 4.008650659 2.972271188 6.153577657 6.327384721 3.848147865 10.862486240 0.204757335
-3.348443256 18.651467915 25.403795233 -0.915576903 0.199729753 0.079440459 0.339876703 3.391401114 9.085714315 2.475575438 4.850153007 6.927871589 6.100637683 10.281441873 4.155515399 2.579203405 8.271611792 5.079202065 2.218307808 2.010285112 10.590768232 2.651537380 1.523090374 5.272936116 7.802095304 7.384508267 6.875584970
-3.836878959 28.111070278 30.511354561 -0.057095692 0.937763671 -0.108508413 0.324908146 2.192750132 -2.744120084 0.706207056 2.175637076 3.562943618 2.262021026 1.346240759 6.592919346 0.461612440 0.648151117 3.034272053 7.403635011 5.079958839 5.591116257 6.196626999 0.122630844 0.712640436 6.841537366 5.918372861 1.732827525
-0.013551269 24.254334706 21.832339956 -0.042710004 0.974567139 -0.201661780 0.087904908 2.001036251 0.694531634 4.427087791 1.588638008 7.664336597 4.172086756 -1.194657462 7.557405419 7.938187613 6.641091715 4.572341674 4.754003527 0.415648212 2.438180725 5.706898001 4.875781130 11.212926782 5.669187465 4.611888063 -2.885511332
-3.405210582 28.143546696 32.999750538 0.376154390 -0.782475182 0.240167628 0.434234931 8.995260059 2.950662829 4.728934935 4.428629863 2.047771020 -0.395732219 4.869645292 4.399380435 -1.775953593 3.099725617 6.269424393 1.094480639 0.672930262 7.477787471 4.090182968 2.086646450 4.951493964 5.613839353 3.389408335 6.599142904
-7.142645118 25.728084338 21.211545964 -0.308338815 0.118874474 -0.942327397 0.053057624 2.031499187 1.293208030 3.068599115 4.453294840 1.130838382 2.497122936 9.285838681 3.508448467 4.560442373 4.500001573 2.398425511 8.417054204 3.336343347 -1.422765889 1.791554581 -0.655705575 5.497524095 3.094327625 1.872740934 7.321514428
1.190617204 20.192293443 17.064415873 -0.748181285 -0.640669923 -0.120705478 0.123276121 4.385754642 5.999254152 9.365559847 7.848147993 6.811747122 6.103164874 4.501588816 1.584085277 2.619790282 3.621195884 4.020883217 5.622767633 6.661495849 0.683799128 5.946142754 2.135485661 5.605106744 9.767213506 4.806973615 1.409739455
-9.633504248 21.659353208 23.616053384 -0.728211396 0.020031891 -0.491028348 0.477700793 2.427121707 -2.128859220 5.726063442 4.503744747 5.053142983 5.683545425 2.989056054 -0.375662953 2.761378563 2.638936216 5.332876873 5.178863486 5.485551146 2.101122959 4.444852734 5.064827927 4.220003802 4.141609017 3.138146732 -0.549835529
4.915028522 29.800846148 27.123987953 -0.556049653 -0.057103480 0.038419345 -0.828294591 5.129122570 5.521215400 4.211649127 -1.277275652 1.573782929 4.955572067 5.516492973 1.997870010 3.891055575 5.123070905 3.136750249 -0.781856860 4.777751664 0.760489521 9.003378888 0.383655413 9.307719212 4.290480722 6.560064064 4.588953214
-10.571714045 26.611746908 24.013485356 0.613816298 0.087717482 -0.782464363 -0.057312443 0.483271129 0.892079055 2.522883843 3.962744399 8.743997521 3.999848961 6.737424060 2.055187558 5.938368351 6.035724122 5.083955405 7.823340529 10.865708639 4.321513945 2.129486608 2.953817675 1.145653151 0.294391601 -0.650026752 8.600869717
-4.735358072 33.346240693 27.671069169 -0.875081302 -0.256461083 -0.388218290 -0.133217816 6.625242719 3.179849044 -0.367608294 4.257822112 5.635380054 -0.537260112 1.846174957 3.739386643 7.755998716 1.081674634 4.569299392 4.658648748 -0.748339793 4.025504078 5.913803119 -0.712772788 7.872097884 2.545063970 7.698283836 6.771959323
-2.163836765 25.574633276 25.033003307 0.536695188 0.660494182 0.243432102 0.465238136 6.714920643 2.232849114 2.925506873 5.132450993 4.228607898 6.842442582 4.358477963 1.227347474 4.661499782 5.667934052 0.520475618 1.966030738 5.810304637 5.923806327 6.876554330 4.959080054 5.326892510 3.086036949 5.871268613 2.454060031
-6.016362703 25.043210205 25.247221567 0.068814156 0.161448024 0.612265096 -0.770928401 4.768667524 7.451195191 7.491964752 4.770293127 1.362084247 4.769536798 0.996130323 9.003003351 5.225193090 1.870361737 3.102348718 2.397593569 -0.100769437 6.176306949 6.850152086 1.495235948 8.876898354 4.155615560 4.405787250 4.629986143
0.365270187 20.182932283 19.704017002 0.063722136 0.683707132 0.326528171 -0.649510123 -2.734962731 4.924878184 6.044030116 1.139571686 4.839155698 4.796771752 7.260961376 5.416324349 3.213293270 0.783532551 2.330317243 7.904736250 0.571891225 0.661890988 8.447054805 3.245856577 3.534560309 4.610625572 4.187534578 4.010478655
-1.238558112 18.389598702 17.645095232 0.205321161 -0.475036151 -0.683583312 0.514682166 6.901354969 3.689720190 5.459086895 3.758459861 2.486992244 5.639814815 7.015888332 -1.144565890 6.704523406 6.818827164 0.096365168 3.925447237 1.818167285 7.734878741 1.213805480 1.566152951 0.514649465 6.458344878 5.635809495 5.652451605
1.001305603 30.724102056 19.065081818 0.335342166 -0.004202956 -0.788679704 0.515278848 6.927628197 5.937908530 2.948458234 8.747911244 5.625848847 5.378087215 8.777621099 5.210429952 5.135840529 2.735077756 4.047729043 5.075933684 4.184049435 4.551282382 7.357855537 8.405448569 4.741363370 7.367256953 -1.658202531 9.953662317
-4.023457933 29.213656994 27.402240891 0.680573145 -0.540583470 -0.352255928 0.347138973 5.619714361 1.679850407 7.850192952 1.300559118 5.517090506 3.664583171 8.795653127 0.333341819 7.229536372 7.945620681 4.037621015 4.091511137 2.684184598 6.795318181 3.504136381 1.382678034 7.845698043 4.531031814 7.117663983 1.174630178
-1.345454299 30.571328942 18.245900959 -0.374512150 0.381170456 0.843483297 -0.054641202 5.717961513 7.120282451 6.010880258 4.870516595 7.566840814 -1.260498123 4.349807945 -2.330868360 2.428221013 9.695039652 1.500753042 -1.674798315 4.406109144 -1.423826088 1.001010525 6.296098661 4.717396086 6.296515949 5.077609494 6.462650242
-5.336461730 22.032021484 14.878015798 -0.756304911 -0.055850381 -0.286596836 -0.585445018 1.513937860 6.391252016 5.427399671 1.118182405 0.185142961 7.315078711 8.633659409 3.623951422 4.955593116 8.944398240 3.416362604 4.342583899 7.438140441 4.553707445 -1.470450105 4.093205603 8.150935962 0.117157332 5.875560049 0.980976030
-3.449782211 31.474310349 31.431626285 -0.718252789 0.140049437 0.496506511 0.466883680 3.525015615 6.323715866 2.116890041 2.550136982 4.704134399 6.429982206 2.482178930 3.592871535 3.680419394 5.842759050 1.465494612 -0.342759422 5.396984880 -0.197078414 5.549631420 6.504878023 6.129624372 5.175654530 4.428206293 -0.065361754
-2.729403725 22.358531534 31.883188458 0.971440770 0.139759341 -0.061190192 -0.181730345 -0.722564003 6.930088941 6.445936135 0.485896570 -0.302879361 4.872760173 5.075500880 3.619847119 4.728690340 6.843611980 1.294929237 7.259087581 1.882427638 0.013806422 4.707834050 4.374125961 3.948122099 3.958830904 0.050914062 3.599784758
-3.885155566 22.215850166 28.510773669 -0.702234131 -0.565917553 0.163318235 0.399914619 4.143768162 2.800256504 0.426393526 2.327936048 0.642448318 2.882650299 5.321632593 7.769537006 5.587701874 -2.777017909 5.157074918 4.846924453 3.613470953 -2.997967235 -1.709376400 5.312641295 1.376680462 9.330289788 9.768014309 0.066362915
-4.356619639 29.854616743 29.406464410 0.514829073 -0.140011283 -0.503658672 0.679467298 3.603105747 4.074429055 6.683667065 -0.023776949 4.435792598 2.599446918 0.726319284 4.830758314 4.043217559 3.617172945 1.159270746 -0.118921070 4.052256242 1.154721071 5.813047742 5.124861513 5.488810594 0.848050786 -0.000793861 6.172529273
-4.746572711 25.237341529 17.460592985 -0.285750461 0.758970135 -0.018181615 -0.584790934 5.368262961 6.288132650 -0.028523751 11.435389169 -1.220376068 6.977067593 1.918288664 -3.055281857 4.070465325 7.193871584 5.024148337 11.628032921 1.899384055 6.470053605 8.091102980 1.079559916 1.256932997 2.204057987 0.685495231 2.982272475
2.811070267 27.966305873 16.106775767 0.714351267 0.232334413 -0.609594907 0.253213422 3.142288019 2.161679824 5.168560777 1.492632352 2.759308757 2.335806544 4.848442145 4.166884274 -0.269802354 5.929382902 1.279543808 4.433856559 5.314361075 6.521030219 4.135606092 4.753811030 4.290320162 6.542391517 3.337974566 0.805054496
3.619506741 28.038122476 17.878304551 -0.504742992 -0.690244127 -0.094285676 -0.509811503 7.147567004 1.176104082 3.516629208 0.722993907 5.796646068 2.808881513 5.599308866 2.684219236 3.877857350 4.806212554 8.622519251 5.611656670 3.546011635 -0.503527897 1.471286777 1.492870650 5.371930347 1.431122357 5.307858752 5.795352252
0.801531637 21.768619822 29.037764930 0.211510072 0.822228930 0.489168961 0.199791899 2.377375015 2.281273180 3.146117665 1.603358953 5.171526456 2.605059176 9.059502991 3.853814338 5.341349476 -0.799212813 3.024248056 0.346976187 1.517351302 2.881411099 2.003995919 5.389784947 2.563055289 10.175069206 8.770731105 0.123898380
-3.918245949 28.035881712 16.222302342 -0.554282821 -0.554419666 -0.596337182 0.172543772 5.845120915 9.708035544 5.489610662 8.106048118 4.648050525 -0.931052158 2.831126617 -0.133290494 5.074831590 7.671480324 6.284199646 3.646967997 4.091765157 5.125250800 6.229421420 1.338872222 7.119756858 4.942424351 5.792907514 -0.447011597
-1.333646085 32.802503688 19.355832158 0.962442880 -0.186732188 0.196940180 0.007025540 5.875607150 4.606155232 2.004235736 3.119471630 5.860988789 -0.261597061 4.244394493 7.431071278 3.753331248 0.626379435 3.100814684 6.288907092 4.785395387 1.803046946 6.064878266 -0.532937160 2.783591109 5.593165643 6.889040075 2.997331530
3.250041228 27.488317878 25.645322982 0.300677919 -0.394329498 -0.860887731 -0.113883059 -1.757384330 3.155601799 5.992155220 7.891586553 4.884541862 5.528861670 2.659732235 1.990613980 4.719290452 5.021770333 3.967297233 3.377204224 1.764356458 0.882233006 2.450056627 10.352835015 3.464646200 5.647420062 2.222509272 7.323019682
2.017298940 23.624145231 23.906829179 0.460037585 0.875969261 -0.028079428 -0.142319430 4.720124928 5.453862781 6.514373567 -0.803157736 6.533941548 4.801080276 2.554638103 3.948458637 3.118064779 0.138852593 5.953969680 0.982135069 1.655217109 7.463795557 2.473199870 2.910418104 0.660193023 1.909355994 2.433082210 4.886762779
-2.918941976 28.233832011 23.544733434 0.461434298 0.683786802 0.096737089 0.556916451 1.451312317 6.127647923 4.140900296 6.424028578 2.217864940 2.781840020 2.315661535 -1.322704592 7.196782244 5.854119508 0.542679446 3.839135622 4.899604951 0.924808827 2.885823679 6.354494725 -1.653784838 5.359416003 6.389497422 0.211039520
-7.808340018 32.417438117 27.488808166 0.122175462 -0.076147861 0.983044970 0.113566043 2.135082601 9.899664951 6.764825441 2.347581841 3.817428094 4.658708665 7.263607142 4.694715471 6.915851965 4.981309834 5.585302596 4.407501533 10.304600258 2.461539412 0.184766675 6.045043305 4.979374580 5.232699231 8.424987223 6.417005509
-0.212682847 24.340039336 23.169847022 -0.241899380 -0.559192668 0.300170677 -0.733952188 1.787285052 3.380454651 7.503184468 6.882972760 5.784919840 3.244266054 6.907288997 0.888249993 9.007829421 7.870251227 -1.843631548 0.954228275 3.532684373 3.554057945 3.577561910 1.304634401 6.363856601 4.584519196 -2.085193081 4.497239365
2.491320301 29.655900613 24.707608304 -0.797134379 -0.015621126 0.515269083 -0.314373241 -0.005884714 5.165908856 0.187400751 5.806047565 6.778586933 4.561098988 3.123142598 1.434486930 4.012166289 1.974357089 5.716518877 3.835235045 4.825306161 6.758563188 3.347630142 2.743411125 4.066827365 0.263320377 4.273103004 4.318103539
-4.729958523 26.388991596 31.732842501 -0.234363297 -0.694253609 0.547408140 -0.404264887 4.153210320 4.363455494 1.416192561 1.274071863 10.660011162 6.903960422 4.263280678 3.487459764 7.259274400 1.104893786 4.962289456 13.106430369 2.869900050 3.779868387 4.244259587 -0.689631605 0.387489173 7.193907161 7.284294634 8.404740006
-0.131958992 18.890815904 19.815931750 -0.420858545 -0.157000575 -0.789574100 -0.418092867 11.276585082 2.023382875 4.181341667 7.275748642 0.017534644 3.360333013 4.888258210 2.210531695 0.401685570 3.308377251 3.580869918 5.557804304 6.107352091 -0.004388032 4.613191066 5.427531464 4.531965820 7.249356235 3.147779021 7.342830108
-8.680395687 30.379799156 25.741347775 0.247439532 0.064198864 0.881194749 0.397678259 4.644866579 5.525308408 1.989210371 2.684302241 -3.115325418 0.792980907 5.180715596 2.814467592 3.464296971 2.623776269 3.758722043 0.741846136 4.225918195 1.265055449 2.761088240 2.586525964 9.556776314 -0.541761577 3.393692305 1.332812834
-0.502946753 26.060092326 23.083635923 0.207494210 0.643253571 0.526916163 0.515296374 2.246386623 -2.957805690 3.609067955 2.146822699 -3.958472426 5.265136714 2.710219964 1.771944588 9.295553479 6.387165517 5.514414567 3.533860770 1.744866175 3.257561828 8.131776223 5.329241002 -1.902893315 -1.027401355 7.080495515 7.068384222
-4.894488404 27.609647018 16.301099261 0.339256069 -0.460196952 0.302141863 -0.762780689 0.564352486 3.689583534 1.042163774 -2.074037280 2.817056225 0.681286119 10.689730692 4.656032453 4.090502557 8.275416312 1.553392651 4.299989794 6.340850604 4.903656414 0.754284803 4.836258082 7.235141578 7.055792667 7.266443250 0.816965720
-5.044014402 33.364651976 28.197013940 0.172098923 -0.966640584 -0.074113267 -0.174628650 6.667096008 4.809395359 8.667969307 5.096285626 3.373320627 -2.654020857 2.321988885 4.995678797 7.102418449 2.534222657 5.502466386 2.099706858 -1.685614593 8.606916152 4.455083273 5.699658031 5.779031142 8.521294836 0.379482477 5.385078168
0.024898599 30.101195687 27.922169998 -0.475789756 0.542964662 0.033916249 -0.691131805 -0.777736313 3.373480333 4.638431772 3.062011962 2.870978850 2.873579955 6.984775905 4.315404170 3.595395803 -0.073147815 2.344600672 5.005588842 3.131211679 4.564790953 -1.428123800 2.232460755 8.673753209 0.551503755 1.264353669 -0.348211677
4.107806782 23.114992905 16.911483678 0.433187828 0.616748399 -0.595936499 0.277181182 6.494634060 7.234654332 7.530568605 2.170474979 1.776594400 9.313693949 3.688787525 0.107197970 5.488040504 0.489589812 4.143778261 4.603799303 0.872726398 -0.232422324 0.492708633 7.546366434 6.843026037 4.793849756 2.565328066 -2.046326869
-3.471267392 30.399754252 18.156900630 0.857021105 -0.268640521 0.001698766 0.439709233 6.978272058 1.599259378 4.725015467 4.298020129 4.220234782 0.406181737 4.052542827 2.433082800 5.939285818 4.101741705 3.826920414 0.543101003 4.071558187 7.383985373 3.622715347 -3.131834808 2.311658418 3.311411346 7.244443495 5.691008326
2.221392135 23.119385708 16.671392244 -0.305600324 -0.372756568 0.175613795 -0.858382652 4.888030483 5.240496884 2.462739190 5.940910870 0.663257680 3.709737377 8.994470691 0.441820022 5.441987248 0.018013820 -1.047669815 6.822530168 4.155924845 4.994296348 8.034060172 0.787093006 5.829616654 7.402885692 5.641273334 4.842463046
-2.413225558 21.947597048 14.516668473 0.849345607 0.353953832 -0.040294912 -0.389493319 2.803371544 -0.852230201 4.021822395 6.509472656 -0.635000753 0.060661837 2.725801148 9.290780699 6.956431359 5.469319006 4.480149871 4.318172983 -3.116849124 4.347913417 1.022827176 5.053853538 1.612167309 4.112221294 1.404764947 1.329416190
-2.855957170 24.215518135 27.270054096 0.792371335 0.313705233 0.043966876 -0.521347876 2.895468897 7.459415919 3.658448475 6.923210423 5.809363117 2.415314118 9.690174697 8.077229507 4.317563375 5.520568986 3.345263937 0.187114939 3.641930018 3.131734329 4.476725385 2.573551825 10.422036779 8.965583043 6.826743710 1.532700180
0.899657553 25.737825006 20.931781055 -0.109893019 -0.430179024 -0.069002518 0.893369008 0.468101255 8.129533593 1.527058995 2.953251020 1.005873477 4.933556274 1.720084508 6.664058788 6.983748991 2.930353874 5.823777476 1.946982967 5.464084985 6.843910988 -1.463390366 9.094406865 0.404453665 -1.988225193 1.641897260 4.367841444
-2.798480590 19.439495321 26.191357315 0.058351931 0.882589760 0.266472778 0.382913340 4.752957529 5.412521466 5.852925500 11.971128799 5.391794660 4.609265661 3.740307645 4.146714892 -1.974589091 1.008828745 1.688315876 2.512055558 5.722891448 6.082894095 -0.407931210 2.317528420 -0.386496708 3.761660559 4.831372494 2.915774416
-3.265181387 25.268923005 26.318239027 -0.773613465 0.064338960 0.365790464 0.513400468 2.025755328 2.444062353 4.782969362 4.112669754 7.231065627 1.721143010 7.014947709 2.246528975 4.714409468 1.253846522 2.948117653 3.861870882 4.273914311 4.388841886 3.051581117 1.778128629 7.150689151 9.246922244 -1.191822773 6.414333258
-5.277637410 28.672604264 18.254764755 0.028789414 0.007996990 0.812077184 -0.582784579 6.831387242 4.554721591 5.749021208 4.674867025 2.751064468 0.944287721 3.409590996 7.392920867 4.493496618 -0.463564774 5.303644795 8.385552375 6.948376115 7.756285475 5.939533333 3.914173993 0.240705201 5.414632412 1.283944509 6.639343676
-3.773351594 34.285008322 22.619795788 0.331751061 -0.392369792 -0.389221869 -0.764521756 2.227353479 0.903645527 6.870391615 7.586974292 1.931121125 -0.793510893 0.883505277 0.982547110 10.708405182 -3.873826101 2.928145639 0.721071561 6.167769204 7.820326328 2.645688742 10.452286227 2.041454740 7.217940279 2.249600870 3.595003952
5.146463142 27.624800109 29.182058507 -0.628487348 -0.378712166 0.564983947 -0.377324645 1.868789549 5.892369199 4.350312330 6.179061192 7.490915676 4.314538005 4.646313002 7.137485823 8.364200795 3.002978891 5.644758344 9.159541227 -0.427925467 5.013913380 5.485905069 7.534076008 4.109277508 6.162066910 3.934004584 0.464126921
-9.657722137 29.741003898 20.432170538 -0.685047741 0.280597910 -0.401166394 -0.539481167 1.097853466 1.114973828 2.584803981 2.313059906 6.107599734 7.359658723 3.421029757 4.965786761 4.202048843 2.949321215 6.991267860 3.637135926 8.654509597 3.114744861 -1.065479646 1.684943031 7.540973230 8.516686246 2.836078139 6.775817108
0.501723430 20.656703800 15.553862744 0.631453082 -0.036553632 -0.773799462 -0.034135463 6.969460243 2.179524620 4.837817360 7.636690747 3.283097032 2.941291542 1.994261170 4.346206750 7.678479671 4.528924761 6.500283073 -0.122452167 6.347919429 5.688631805 5.700229991 3.698620013 1.665785369 0.198305091 11.334018608 5.352427370
-3.737844010 19.638406224 23.299797278 0.376404121 0.021031196 0.905222707 0.196085382 4.323784869 4.560752161 3.439629116 1.998294540 1.717749703 8.076388303 0.634303517 4.810148549 0.067381434 0.824935394 5.931361852 3.077536908 1.743209623 5.659338790 6.613174347 4.715286299 2.374761918 9.323259116 2.847599238 0.744252824
-2.835729302 22.421667141 17.925314216 -0.045243548 -0.907160042 0.191665517 -0.371857511 -1.020152598 6.099097910 0.503363168 4.454054198 8.744733925 6.516302253 8.185638362 7.749886888 2.039117288 3.266206599 4.753056596 3.485217711 2.525416164 2.536898540 5.618270434 -0.322177008 -0.012498903 2.171937063 3.246904911 6.475850629
-3.219696306 26.714175396 15.502485062 -0.617698272 0.326922164 0.671179361 0.247161907 2.964248647 5.379572003 6.793582784 -0.065490898 1.660974093 4.616610890 2.447001976 7.530943751 6.356453047 4.067821120 2.391500184 6.290548831 3.353519150 3.754018380 -0.686225057 3.720819463 9.377501781 4.261372042 6.344909059 0.323836146
-4.890676365 27.400380466 24.012434007 0.216609334 0.246112935 -0.300984516 0.895498264 4.727818707 1.627336352 3.634440186 0.433022370 -1.035789451 -1.113157442 6.962476593 5.963293777 3.474193519 4.618678361 7.983300363 4.542240608 5.638448675 2.891724816 -0.339421367 2.570254728 7.065682529 4.396124233 8.459448661 0.398192886
-7.185716982 32.765444189 20.110281109 0.632988130 -0.457569174 0.624363222 -0.011271426 0.373291678 8.064718615 4.779238917 0.655969960 2.638974434 3.648837620 2.626693398 1.055161328 3.134803665 -1.250066695 -1.465763265 5.572603097 3.673276886 2.031533608 4.939258768 3.915033980 0.939026965 7.605512058 6.600735597 3.753178199
-5.819744554 22.017749030 26.039484778 -0.424391478 0.239004683 -0.128420185 0.863873191 1.539240704 5.762540582 4.221145312 4.457787642 2.551037955 1.575455898 4.051870215 6.372438286 7.833034532 1.966912581 5.218581330 7.755917109 4.318879772 1.782668282 -2.095831313 5.105978850 3.581324789 7.605882576 -0.346288603 6.600080641
2.150859592 22.220079167 18.401243961 -0.239352941 -0.233773153 -0.712048508 -0.617290211 1.584467690 5.837806588 -1.657152855 3.585862995 3.508172737 3.681102942 9.872974711 11.344911992 3.165045292 4.690247810 6.184823580 -0.375475441 3.905114078 7.743443095 3.128261486 -1.501057105 0.741209763 5.213343687 6.296874712 -1.126088507
-2.742130221 16.738208833 27.535072403 0.675691923 0.322164661 0.386143939 0.539020608 1.523278028 2.073985374 -0.674012021 6.744758528 3.532552942 5.303740051 4.266812969 8.125283362 9.331114013 4.892651956 2.538508714 14.347965894 9.948594669 3.460826837 4.193283167 3.916848049 8.953395532 3.346558278 -2.603899130 8.408268098
-7.581004700 19.965242115 29.199710801 -0.306753285 -0.845279404 -0.427080122 0.094909013 4.028293791 -4.158812073 2.981647966 2.326024496 1.703634590 3.427920813 0.276039633 2.112211039 3.223605029 8.474256772 2.980868377 3.595549970 3.043625210 6.867368137 7.071460194 3.309441527 1.484659704 -1.833240249 2.501115007 4.449859447
-4.450842313 19.784284538 18.559227032 -0.510675130 0.560391627 -0.641841995 0.114939065 0.294425167 4.059373038 1.450171594 5.744698011 5.322615932 3.243733120 3.913104766 0.642763608 6.826900264 2.019349362 7.811567007 -0.671293446 2.974552123 -0.381235193 0.786738233 1.701285555 1.493170147 2.416089868 7.371684010 4.518561250
-3.541127799 19.283260207 27.760278732 -0.318730800 0.745332845 0.279481576 -0.514567465 7.790493725 6.370578342 7.095274439 0.455489470 6.973768909 2.318773992 5.500273483 4.968041719 3.689877933 1.663781580 1.100474906 1.513718953 6.514906702 3.803300132 6.944211008 3.139200164 6.887585208 1.495970955 6.436980213 0.671805752
-9.652623990 28.420699462 26.226491764 0.481832298 0.690468542 -0.537194915 -0.050124358 1.391220645 3.230456738 9.465850000 0.208737483 3.733067978 -1.128574883 3.682057719 4.013184965 1.834383352 2.117798209 0.863388643 2.711264143 2.684161238 5.259112745 0.342579420 2.679596246 2.107373777 4.532469204 6.696090578 5.927643405
5.921944777 28.591422746 23.724226742 -0.614627788 0.781850865 -0.051931087 0.090802364 -0.927955708 2.506831321 6.013145356 7.526177207 3.019533132 4.868344200 2.398627749 5.701800869 3.379789900 1.979411374 -1.301120159 3.650768421 -3.962565681 5.739983752 -1.488650813 -0.696227984 8.546423828 3.181081611 2.359697542 2.588858739
1.196042694 20.245783058 28.061148840 0.348361421 0.367539313 0.639558037 0.578381096 5.662700821 1.098233549 1.847295830 1.585663469 1.673902521 1.302327257 7.089958791 0.499940507 11.020580983 6.877062069 3.592298341 3.786014530 4.454234359 2.626634846 2.955491089 6.182949660 5.015867338 2.889683423 1.478472538 2.851029140
-8.808470420 26.673408308 22.626333667 -0.467499168 0.567979578 -0.498223119 -0.458930769 2.570271335 -0.665583765 5.141306464 1.920686065 -0.015939453 0.833165803 4.795629224 -0.882798121 4.248489380 8.939160033 -0.510201656 2.312900850 -0.319863907 9.487616836 4.644731795 1.792211002 5.318590180 8.362348744 0.572024142 4.994766015
-7.907830624 27.435273161 16.008616073 -0.358251739 -0.801611541 -0.406794802 -0.252175768 4.734114651 7.870351116 1.966751194 2.815761722 7.868168318 4.344444672 -0.737591430 4.261753767 9.547846274 3.615916594 6.096285544 2.728673778 1.189720030 9.089932591 4.846693964 3.427433252 2.848851883 10.332735975 2.186713625 10.405979825
5.810734096 27.040857227 27.536632177 0.034105832 0.536425406 0.617918524 0.573812926 4.957346704 6.706732699 6.338828623 9.997843652 -1.391049155 2.512275806 2.883703568 6.762840512 -0.941823642 0.889041405 3.976341943 6.290771423 3.302239578 3.648792911 0.411714447 4.203080668 6.465330510 3.020987408 3.439194001 8.842207817
4.174002058 25.778881945 26.143625418 -0.689831618 -0.587311850 -0.136978150 0.400542278 3.175306244 3.331307202 7.953273865 4.170819982 8.553879671 6.944379412 0.580929751 6.220743962 1.553545159 4.004219193 3.747709102 2.800725254 2.897307597 4.385733472 4.312341601 13.214791422 -0.571929891 1.098087511 3.126193017 11.140758781
-6.115088195 17.373460821 23.821430825 -0.777412161 0.283660938 0.414260056 -0.378887066 1.674044262 7.304594541 11.562049884 1.771766469 2.445328492 5.783913435 5.612021765 6.341766685 5.673086986 1.760949299 5.204712370 2.197471080 10.665741742 7.842976790 -0.629662369 0.139445270 2.610814462 0.326666698 4.358418807 8.366382931
3.096910908 29.383722985 27.009437360 0.189513538 -0.668481881 0.554808656 -0.457606763 4.087789041 2.788400731 2.315183948 0.490865891 5.500964920 1.055601876 3.837326065 6.279699580 1.661167875 4.910035273 6.929895790 9.432795472 4.918573498 6.097198454 5.561690735 4.596543470 8.814933122 3.133422638 8.807103145 2.347350962
-4.238344108 26.750389976 14.122405537 -0.297795799 0.237355963 -0.411217668 0.828178627 1.983083323 6.126923600 6.404939624 7.098303316 0.642398023 4.824705129 4.313148710 8.620612173 6.773529856 2.319487517 7.842504937 0.991421239 -4.364337006 5.569860250 3.142470619 2.103906947 6.157544287 7.672486743 4.561817085 6.791640205
-0.921751197 29.856703694 15.929215095 -0.111414424 0.493435748 -0.859271688 -0.075895692 6.226393280 1.751461870 8.521785145 1.508343184 5.446358912 2.393932742 12.360896316 4.332118622 1.177152030 -0.163135386 7.763300948 2.930647464 5.189257634 1.568771165 3.741274075 -3.705401337 10.827964340 5.420406474 3.638186967 3.524068594
-6.016782075 31.963735294 21.714657641 -0.427714291 -0.855108302 -0.292419840 0.018463852 6.991244807 1.635183352 3.280710576 2.354537482 2.766127703 8.806530417 2.748903609 2.087531509 2.482052028 2.972544446 8.073672663 1.412645873 6.940159407 5.964235881 1.478694435 1.892603152 6.057723371 8.707695039 1.569977257 6.937980721
-4.482545651 31.984222892 19.578847446 -0.052065119 0.724777143 -0.517573467 0.451779839 6.565795870 -0.415812154 5.912070984 4.209420445 9.090471737 6.363719932 5.452187036 7.996170419 7.098124155 3.032501984 2.098299332 0.947427312 6.912209385 -2.601107139 6.230311035 0.026043150 5.118268706 2.297140801 7.126247928 3.090189163
-2.471776011 30.382339127 15.460343627 -0.768349000 0.373296433 -0.071464746 0.514958617 6.818636947 -2.613109144 3.792906555 7.312784738 6.790878809 5.622356909 -2.936257910 -1.328938931 6.663465713 8.364345425 7.638624479 0.023669728 7.011416138 -2.454624782 6.748026214 5.575626786 5.520640706 3.407499025 3.595591585 9.496555279
-3.125974997 22.354476745 32.562088959 -0.421743288 0.007027926 0.517674979 -0.744376130 8.078263221 -0.178258352 1.502686020 7.070837703 -2.584569512 -0.429092295 1.363555515 4.891356808 4.713721211 6.837710799 9.220785264 2.003804796 4.840535715 8.609235245 7.366429585 6.255268064 2.740091576 4.562754638 4.612972186 2.754594968
-5.249300767 32.406038837 21.208503357 -0.634969556 0.546565111 0.498830977 -0.221918676 0.740032294 0.694834081 8.506209660 2.840103363 3.678385689 4.052114537 6.799826715 5.670743666 5.033036664 5.201967489 8.225024089 5.417872647 -1.133294118 0.622493176 5.714699600 -1.382503513 3.859420959 1.668507475 3.661037395 9.223080872
-1.813047584 16.964769111 20.490349843 -0.220991251 -0.641269114 -0.429453815 -0.596243416 6.288233598 -1.360864009 4.212079369 2.532386081 4.305967479 6.237693861 2.373359472 6.933385850 6.225428162 3.281916672 0.701273428 4.125179668 5.534511263 1.725397971 4.827935053 -0.256118177 0.920409025 1.789221710 2.385911979 7.625048781
-7.580890637 17.438461339 23.159090935 0.908586563 0.346246869 -0.228699177 -0.047751964 10.896628719 5.684800348 4.605209804 5.845111726 6.347379810 0.878133390 8.394081210 4.171655744 5.822229190 2.895685698 7.502193493 3.542971459 2.359303560 5.532402253 4.401291110 2.899162851 5.245521669 4.085932520 1.521898064 0.496536081
-7.955382184 27.469214802 29.417646193 -0.503226565 -0.270574570 -0.026898960 0.820261466 0.071866116 -2.483446463 4.088066682 2.655180372 -1.548614309 -0.756669943 7.320892804 10.736154653 0.151464495 1.285155492 5.239588948 6.455427693 -1.417866243 3.100189245 -0.179731618 5.486718127 0.947413270 1.751265186 3.529259422 7.518403109
2.884056294 26.965253970 31.365067489 0.282223537 0.102784205 0.361864201 0.882518885 4.934668894 5.240268531 3.536956579 2.472501609 3.536623428 5.572188681 6.722990579 3.419894349 2.941366500 4.392885185 2.814586475 12.501248330 5.434019996 2.762239949 2.908484975 0.244704388 7.535985608 2.157162225 6.135363385 2.392428198
-7.261352929 31.780709135 26.467520384 -0.141622208 -0.029063654 -0.989400315 -0.013618794 7.732782303 4.243465884 3.933350755 9.980434504 2.600387208 -1.936834857 2.562291945 3.190279045 0.761685168 7.700410891 7.010404331 -0.916827576 2.034320381 5.136273533 7.311188600 -6.401145501 5.021449824 4.439091014 3.686137990 3.889056719
-0.336779448 25.424903462 17.662962243 0.061458190 0.691168127 0.083809787 0.715182096 4.674142364 0.970429115 3.145891954 4.786309211 -0.353841379 7.038471375 2.563344804 7.922683129 4.889206646 0.503896843 9.188556189 -0.409285052 1.328639675 3.569843289 3.648922786 5.720022409 0.880772456 10.238649724 3.230632772 7.789840856
-4.425401347 33.244867601 23.697241884 0.342787294 0.608544980 0.194717736 0.688661660 4.545261413 2.999655073 0.696699759 6.482301299 3.853900267 4.067388197 7.312873754 3.017999673 0.621271033 2.741961406 5.583925733 2.391215204 5.859476823 2.080823480 7.806494120 2.992424685 6.146530555 1.676584836 4.284850963 0.474893389
4.908795242 29.454562142 26.908842140 0.491664466 0.323601510 0.041562464 0.807354121 0.926761207 10.976485514 6.020080856 7.939723051 0.071177101 5.563082340 2.437639781 5.371184955 -1.961008843 3.340266291 7.522379257 2.960784223 7.579244502 -1.948717413 2.704686447 4.956080844 2.647353376 6.407392408 3.682090359 0.388119629
-1.378575497 24.078233863 16.372646238 0.100940424 0.274516707 0.863996818 -0.409830583 4.955284268 4.268405859 5.110634518 5.299980717 8.047966930 7.867308012 4.918030993 1.313680439 4.258809182 0.591141894 4.066097306 2.657810471 5.312907108 9.701830694 8.522778899 5.476848173 -0.401879664 0.975210034 6.973319523 -0.105112268
-4.610153535 19.758762609 18.123589078 -0.831428201 0.058185836 -0.529632638 0.157577992 6.672417542 2.404343264 2.334610328 5.744099768 -0.330380468 6.810302166 5.112953880 6.304410998 8.959098345 1.926074392 -0.643785849 0.193058101 9.462184741 6.231924918 2.894173930 3.088691068 2.273457742 1.768145513 3.294372590 -1.119966958
4.721764109 21.701948413 26.689481917 0.514185798 -0.006684034 0.795376158 -0.320850521 5.495591061 1.823770304 4.457905206 0.836808568 4.407724044 5.919816828 -1.873099354 2.173518758 6.918871185 5.145116767 2.773450567 7.212965261 3.959682585 1.861763102 -4.553380277 5.398646870 2.593810219 7.126697366 0.794318439 4.217757496
-8.346386134 25.437129103 20.979772510 -0.977098323 -0.022261176 0.060513375 0.202784215 3.155292574 6.381509480 -0.537236902 2.020725078 5.780341170 5.198898529 -0.007700237 4.655532287 3.560163767 1.918735543 6.447325626 7.826133563 -0.707656088 3.121593880 3.139261883 3.272138888 1.945754894 4.203639837 -0.833003711 2.826639858
-0.766988960 33.115293378 28.990886921 0.353209389 0.082030575 -0.815912605 -0.450334024 1.428140125 5.417833121 8.675278319 7.164914424 1.337652931 5.267069233 4.048567990 3.072933723 4.173234596 5.171570421 -3.219670501 11.469264787 7.113389717 3.780041163 5.072988143 5.297899788 10.444121054 2.040005127 6.572667815 7.312179383
-3.841547295 23.524961320 16.930449474 0.638244226 0.552272962 0.441440885 0.304579758 -0.011960075 8.024768743 6.137443374 9.702538617 0.262972952 7.433874670 3.182435735 6.863432996 9.101243903 3.015364510 6.634114176 4.825546780 10.348267530 3.758478563 3.774223347 3.391752455 2.742237467 4.686712771 -0.331772026 3.109022635
-8.812048222 29.236808267 20.915088356 -0.774255068 0.418478521 0.212721617 0.424445911 2.503210390 -0.586351429 8.011764410 7.539541072 3.569466839 -0.124788133 13.161834513 6.225549080 3.806667792 -2.097545506 3.944245505 0.486696068 7.324962947 7.425103453 -1.668566721 5.906522890 3.411745791 -0.987482981 8.387053162 2.934637506
-1.725243656 27.501522410 22.576456776 -0.010472628 0.100819048 -0.991115348 0.086117426 1.593123490 9.399439336 5.119720543 5.997819471 6.147928139 0.198469997 4.187422134 5.949681123 8.636794089 5.771663149 6.536141914 8.360201030 5.008145159 4.457464669 0.668543273 1.011962030 4.778188305 4.707679562 11.714310683 3.919646450
-9.007448654 25.647251009 26.130988291 0.174375012 -0.002208365 -0.957938138 0.227910074 4.727714150 3.793984369 -0.953800093 5.399427471 -1.287790424 -1.953560481 6.272688983 2.363283815 2.464675961 7.703866639 10.816468184 1.515333977 7.035108376 6.452471336 -1.235382662 2.605700361 6.129024128 5.636895463 1.060742509 1.788429209
-5.761859700 28.667724471 21.882302771 -0.368734725 -0.821247593 0.006605516 -0.435365893 -0.284235790 5.743516954 0.317614606 7.897077873 1.956919617 3.078903809 0.188522821 4.518153288 0.456942178 5.441607236 2.717516349 4.523494828 6.824734338 7.168905264 -0.034344987 2.186579728 4.456907612 -0.837543421 1.392356836 2.421546672
0.279578117 17.422428796 18.172467545 0.228735660 0.033506873 -0.316825812 0.919879716 -3.029932191 6.023323735 1.025373598 -4.382060849 0.445231666 2.857150780 5.136999315 3.749675229 0.598530198 4.261745013 4.388476731 7.101363912 8.121117328 4.351372458 1.461015361 8.043871060 5.550191013 2.542595116 7.678068845 8.383654343
-6.281670029 29.376328188 18.638941290 -0.270435325 -0.604947795 -0.687181726 0.297798885 5.564696492 4.430899975 1.567034060 1.701692939 4.441015230 4.809492756 0.892805133 -1.172907255 -0.012771487 2.379025249 5.247947384 -0.749042495 5.903419856 5.728693961 6.126454723 6.723171103 1.581111624 5.237401353 1.352321558 7.704802572
5.247176428 26.112304557 26.949535939 -0.365993261 0.461816507 0.348685996 0.728829557 4.125606926 2.806435902 9.542674502 0.466190633 5.069899498 2.832635767 7.179782587 -1.648973250 8.756542924 5.758707380 4.712506536 13.569554652 5.683773376 4.428087306 3.787926678 3.091620454 2.933150092 3.587554233 6.125444900 11.581509008
3.947477739 20.499487417 25.786781338 0.140994412 -0.274070955 -0.947080314 -0.089691503 1.847495077 3.704304912 9.458592379 5.141767143 -2.968636153 0.183203744 1.481434527 2.126983673 1.628897944 0.163327741 3.779525617 1.141257504 7.832738728 2.443150351 9.406031994 2.124387144 4.532385623 2.739503211 9.432440767 -0.032903266
2.575403811 23.858770346 17.281219969 0.652107368 0.219613838 -0.570282984 0.448668097 11.480198662 0.784702266 3.995505269 2.141444476 3.564247904 1.600305290 2.995755679 8.743589362 1.972311423 4.594154309 2.096832809 7.271515141 2.306630141 7.157003621 8.114379316 5.999777217 3.845482382 7.339053503 2.876764461 -0.114836209
-7.908224356 26.968027393 26.321817542 0.625301458 0.576206778 -0.185525980 0.492507813 7.136160782 1.750585741 4.577365226 3.117453004 4.724851258 4.618351327 8.150990596 4.295960443 6.796450350 -2.929520890 6.618798694 -6.239793030 0.277754329 9.372869103 6.845774870 1.713833700 6.325669429 3.217285629 1.149309669 1.002692616
-2.162265265 28.044052865 26.977179704 0.002760504 -0.412463365 0.210454387 -0.886326860 0.179578242 7.073798378 -4.090669715 2.626224448 -0.378016633 -0.413435994 5.460883386 -0.201485949 3.506473441 3.596997320 -1.837947299 9.366048631 3.259828792 2.935682493 2.089927942 3.170212494 0.813599080 3.471625805 1.180571588 2.533599232
-9.396096044 24.768021074 21.847471560 -0.306293168 -0.827980374 0.464964793 0.066638855 6.260569045 5.411557723 5.734358071 4.139850564 2.520444498 7.493816553 5.651990591 0.163965243 4.394686882 4.757121911 -0.152650578 4.168888819 2.169836722 2.166701819 6.327098781 8.108744578 5.840222551 3.680187459 6.686490149 -2.739467410
1.302759930 25.466367469 19.167374538 0.012415006 0.575645705 -0.183026587 0.796855795 7.439725432 2.532350417 7.174032305 5.626355489 -1.070379380 6.746764970 4.648340891 4.181003813 4.818934198 1.901571750 1.874033165 1.855042349 7.190691717 4.824443434 -0.382544854 4.349121857 1.905422011 6.401381029 2.812760049 -0.328107592
0.993065256 22.317940621 18.765004380 -0.070651821 -0.731109354 0.601192160 0.314730709 3.803137166 1.690184093 2.505600973 1.377328201 3.102303841 3.964771687 3.400247918 5.852163656 3.573561200 3.529671206 2.742064165 1.704155536 1.637441839 3.393590606 5.804907317 2.988602985 6.814458648 3.937324821 1.259356943 1.241821994
0.102985634 30.995314054 19.496828057 0.636439011 0.117105824 0.150420026 -0.747399109 -1.023426872 5.098599079 1.126960633 3.450948770 8.075469317 7.036772575 4.574434095 2.985884517 2.198180971 5.637815532 7.671651633 5.983076971 6.608975329 2.111629792 7.088053539 4.445100292 2.192575223 4.338895737 3.772537598 -1.375405300
2.355886169 25.113798064 28.425508192 -0.912452711 0.105165119 0.248300304 0.307761770 2.589598665 2.675687817 2.750279901 3.956565021 5.034261105 -1.835140428 2.563568736 2.910182641 4.402649667 9.980963463 2.677088423 9.133912408 5.305940319 10.759984281 2.804626525 5.705739328 1.690740777 0.800156466 3.577706030 4.037661598
-4.257546502 27.108342185 28.462401293 -0.161067504 0.488732748 -0.857408725 -0.006916521 7.097339787 1.108402837 3.371998615 1.432911877 7.721538167 1.658022546 5.627362160 -1.043728251 6.756288030 4.337463233 2.234280672 6.738954016 2.814717615 6.089844701 6.019326018 7.883726905 1.008507334 3.345190166 5.840308548 7.662387109
6.608053782 29.002563747 23.080089292 -0.721825857 0.231519380 -0.277593956 -0.590176079 -0.715351281 1.618991643 3.210334030 1.806467650 4.428105671 5.199621519 4.967877207 0.718015061 6.891334336 0.001755747 8.189367798 7.443683665 4.735017775 1.633976631 7.768016264 6.046879186 9.621754683 2.093319429 4.643730130 10.014299709
-6.483050744 17.888381563 26.696825924 0.641901681 -0.524079536 0.517032224 -0.214430760 9.823152644 6.592110926 8.371870002 6.781111462 2.362743068 6.093594579 0.783029253 5.000036835 6.399129327 7.798768346 6.438479688 1.390046483 9.588756524 4.038614050 4.666781378 2.333490034 -2.800752519 6.615788161 6.835981990 5.042402287
-2.894784654 25.280773042 20.175238822 0.512296076 -0.712337460 0.479340493 0.018993817 4.884869714 2.354692784 3.923211947 6.278199284 11.700494775 9.207310211 4.112776198 3.378348803 5.053172118 7.213673161 5.440912723 3.853637867 -1.329459691 11.375219510 7.761711615 7.000308446 7.904072916 2.240565557 3.825083124 -2.447319679
-7.882508860 25.203897511 20.023826587 -0.603001341 -0.198337071 0.416026564 0.651132619 5.878504644 5.939051115 -0.224755781 5.943112078 2.758826297 3.760600484 7.934859844 5.437087915 2.388906278 6.463966024 2.631053104 3.304227675 -0.235722175 6.199729574 5.087032101 4.360149926 5.920737606 0.922157142 4.873188876 6.649950191
-11.174626754 24.716531257 23.025632982 0.624104764 0.605393972 -0.159523224 -0.467486602 7.908421989 4.177726821 -0.591425299 3.706116692 5.563557294 1.942451871 3.325256340 4.180792313 -1.347001503 6.004495179 2.019542115 1.450788111 6.221982233 8.625148762 6.595279896 2.534986038 2.475949134 3.111006348 7.636205382 2.410876964
-2.498663333 19.483855192 26.145253025 -0.126780523 -0.125812156 -0.952870419 -0.245226353 7.106719848 7.127435141 3.369512302 2.052207960 -0.401705636 6.056663817 6.646397765 1.254328564 12.481627604 7.265549923 1.692926723 0.323110130 6.503281703 -0.296995757 2.584917490 4.743967664 7.516379100 1.295603779 7.139351156 5.269233770
-2.127748270 26.805712454 24.569756658 -0.310495046 -0.023939830 0.820724352 -0.478989821 -0.430859950 5.905461370 3.678241910 6.777525258 0.324956551 0.298333449 2.854061491 3.033919544 4.077495104 4.602013781 7.061556871 2.466566715 5.271660979 3.114099481 4.848741851 6.708532080 -0.942509280 2.113712902 -0.532264901 3.893821311
-7.041341938 23.990079608 25.123304543 -0.064652088 -0.085527148 -0.613170846 0.782640868 4.064613670 4.884118787 5.044829212 0.877980477 8.077825003 -2.274360111 5.694182276 8.108439924 -3.783788602 9.012259544 3.696486735 4.453629854 -0.977777941 2.308372434 2.105180634 1.979479174 5.414786097 3.283728728 1.927858849 -1.685335194
-4.934574618 29.807788085 26.076907326 -0.848754131 -0.200265625 0.210527548 -0.441801149 6.583937062 8.277883823 6.942907308 5.881273799 5.245478829 2.845879027 3.070504607 3.831929337 10.557173832 8.514972405 1.776933369 6.919922709 2.189387659 0.788964052 5.509113071 6.043878644 2.328102884 2.139292901 7.621044219 3.898152231
-7.302312217 28.880641961 27.092706337 -0.510384305 -0.148663943 -0.047526721 -0.845664297 7.222344686 2.891413851 1.705636792 -0.197132500 3.892835439 -0.902085856 6.431553500 6.162392749 3.852036037 3.916175153 3.982492248 1.346817674 2.780464373 6.282912920 1.968481195 7.762267044 6.273720428 0.577226119 5.459273191 3.336588567
-1.152325922 27.593337972 31.900372256 0.274487004 -0.542194992 0.274519769 0.745198210 2.690290372 2.485714584 4.584972818 8.174085964 3.202991991 1.789162870 5.201130402 7.688752890 0.572575958 6.663843800 8.537145231 8.837046044 3.037372427 5.654706334 3.068736788 1.794780252 2.365252995 3.277820733 4.977223892 0.331256540
1.716255155 23.876837196 26.148494942 0.055851058 -0.813308625 -0.576491921 0.055378731 4.833320412 -0.722833149 2.466033039 3.474634851 6.221942052 -0.874748183 5.883881463 2.465085461 2.067605235 4.475145628 6.180230096 7.460847837 0.671240776 2.388422627 -0.360086659 6.483073470 0.217686058 6.793919518 -1.376942483 1.872609824
-0.904072428 29.934474738 15.486067860 -0.511493115 0.248880994 0.604050867 0.558171653 2.149488522 0.330973151 3.797530475 3.498516212 4.687144171 1.284085469 6.823735893 0.804027641 6.785128174 5.188189424 2.085680562 -1.489921160 6.345018197 8.068197585 -1.643825294 6.855880257 4.590928377 4.312770343 8.395907059 7.613140586
2.701553163 20.860984871 16.338513735 0.037303046 0.043741808 -0.464024127 -0.883955172 7.750406898 3.662022809 3.707695141 3.070553698 2.933181410 6.615287358 8.367239272 2.938424691 9.385593372 6.400418477 5.787385063 5.487533715 0.489558265 1.734355582 5.605986480 2.315117758 7.837028441 3.704037366 -0.134821653 3.842509326
-3.239176090 26.404085150 30.639808842 -0.089709995 0.689549792 -0.238323603 -0.677993409 0.212078992 2.911283705 1.868972409 0.794315296 4.785262047 4.461122052 4.262087963 0.036818692 7.472703635 5.112485394 0.783660209 6.348215362 2.494224795 2.074943344 2.596051607 7.221984503 3.680924538 4.968392424 1.968418230 3.333830587
3.898506543 31.936500950 23.835369757 -0.402830911 0.680196559 0.612324678 0.010880544 6.875484222 8.037130889 6.906114918 5.336231810 5.810529033 7.017529970 3.665334143 5.147197608 3.987296731 7.858425596 7.705152473 5.219074618 5.873212858 4.954025072 6.716217513 2.281910444 4.628981818 8.084495181 9.575461714 2.819549320
6.751828753 26.176340135 26.311562565 0.488757744 0.783241280 0.381907761 0.042372482 1.477214671 7.168917384 -0.464061839 4.191039055 4.570073415 1.678715552 1.758720598 4.259943883 4.639280744 9.513627346 7.295760274 6.447584703 5.607175635 5.492790141 7.717382498 -1.640397141 3.852796644 3.455536535 6.174090661 6.228583747
-3.676389631 27.668900222 25.454774291 0.812752521 0.190737897 0.536048574 0.125316878 3.555068619 3.920990039 5.594248162 5.126708099 4.111153602 0.637016382 7.181856596 -1.261521537 8.154705752 0.481882513 6.632706497 -0.172681360 5.269844118 1.826271063 4.113575773 5.244789589 -0.399304562 8.633662745 8.939213275 -1.141485123
-4.852924827 25.864945496 31.083006089 -0.346117052 -0.427863727 0.326605166 -0.768416998 6.470297753 5.166542811 3.513773909 9.568758208 0.195532818 0.490014150 4.464671247 3.958557038 1.559051356 1.997958435 9.512484856 4.154073639 6.150988526 -1.269745970 2.978979356 -0.669050972 1.533672526 -1.168266058 11.847577412 3.274579439
-3.150390421 20.566318056 25.543575400 -0.067447893 -0.187513541 0.407083207 0.891388084 7.194628026 7.497102959 1.563705607 -0.638395347 2.010488347 4.815328503 1.532498717 3.952787536 2.445382053 5.121109465 4.781082246 5.100786960 3.321988964 3.013695725 5.924564169 -1.026780214 6.144557638 2.528403955 6.093501157 5.831160528
1.862269321 23.359867679 21.419758831 0.108386578 -0.773326136 0.184674531 -0.596753177 1.245789320 4.170389397 4.464345535 0.492054040 1.259529913 6.432786145 10.039177672 6.090645093 2.046585792 4.034964570 -0.893417649 4.518357098 3.362212882 1.800473384 0.422781827 4.927324276 4.350921757 3.581464986 -1.434258905 4.781954180
1.551522297 21.120107014 28.348723475 -0.392127317 0.163483596 -0.893015952 0.148431098 7.865394821 7.707616448 -0.435060246 0.675182341 4.331715891 3.509608882 7.736001890 5.240483418 6.300375878 3.851612412 3.328996550 10.359678994 -3.385657667 6.594812695 2.826825939 2.333162449 6.737200530 -3.319981921 1.418093734 3.783162427
1.722765885 29.768780014 29.650045025 0.318689138 0.388315697 0.357265776 -0.787406704 2.745471511 3.105895466 9.790298295 3.195974044 5.177242439 3.750199253 5.467352361 9.118561972 5.787746622 7.423708672 -0.304173734 8.540471956 1.023989101 1.068298508 3.353770961 2.601404284 5.729526035 5.934424109 3.142389591 3.866652720
-3.951974562 28.186436569 27.051537183 -0.250359328 -0.567044207 -0.355511849 0.699565865 0.997969406 8.603330505 11.717670584 2.509453990 0.812194184 -0.868331271 -3.041736470 4.078415027 -0.379561749 2.987373162 3.588141978 -1.184006330 4.761036632 6.133317848 0.976521557 6.874807097 2.220385569 3.436930663 6.442586616 5.182705982
5.963880619 27.154356130 26.178069290 0.744330117 0.354692868 -0.559643784 0.083453467 7.128527000 6.231216781 1.700867752 2.328361083 3.151482411 0.964743889 3.561604216 4.009284948 0.342744483 2.031685589 0.530281209 7.444949030 4.518205599 2.696552141 7.169371507 1.222006740 4.664920411 6.633171709 2.518307031 1.428182141
-7.386747030 18.925330545 23.170385875 -0.741952376 -0.312807638 -0.046616888 -0.591172495 1.748010560 5.162585125 -1.352456295 2.208028436 4.971899390 3.343766422 4.051556563 2.487507731 6.876260196 3.077765055 2.352189943 6.679469718 2.662132128 4.515123855 8.029829630 -0.663481434 3.142158760 5.930263446 0.664810050 6.282787285
-2.839708621 23.118589166 21.954864008 0.482091344 0.297941456 -0.355534742 -0.743245499 9.378604045 4.136031738 4.910983322 -0.986279981 -0.045866664 3.195518995 9.694348175 3.928356705 5.204264659 -1.975422906 5.493762319 4.216779294 -1.320872944 3.935587812 4.334816480 2.109409200 2.250707768 7.635521621 9.357860605 4.985638301
-2.626471988 30.432866091 25.626058402 -0.349128083 0.230249287 -0.137993053 0.897804413 0.340949881 5.563870463 4.571430464 3.199747040 -2.141304476 4.289850853 3.069689822 0.643546116 8.233040438 9.239667661 0.824065750 6.263180935 4.327742960 7.202184924 2.604966856 5.528818131 3.636350596 4.497284428 5.821952861 3.615957343
4.604277960 28.343574837 22.795857649 0.840438718 0.099867468 -0.511110717 0.149850210 6.878658925 1.016359830 4.534266011 1.137076682 8.237271471 1.763992696 -1.980680720 3.767355808 -0.071935050 4.814518171 6.726708931 6.068150955 -0.910291631 5.377709215 1.819802186 7.449691005 2.114919215 6.507169774 4.664325267 5.176949213
-7.539860922 17.954163755 25.295526477 0.192043439 -0.159764907 0.668720760 -0.700290681 2.383294691 3.066914779 4.644778235 3.699641057 3.879188530 4.238997733 8.025750303 6.980758744 0.927594020 -2.265440896 0.104415444 7.097599598 6.026425444 4.249036186 6.403123333 1.299595914 6.630740196 5.262474460 3.275234025 5.061354235
-6.985031981 26.339509062 23.321453785 0.566416726 -0.046934464 -0.772393174 -0.283510199 5.698821934 3.174887771 5.212800090 1.393746417 4.820533518 8.070829305 9.923885219 4.633968294 2.893360491 5.876337322 3.467249091 3.462534467 1.929887274 5.414173473 7.415236775 2.628814963 1.976383839 1.280644279 2.143302425 5.312213084
-2.160068722 20.471853611 17.297707332 -0.329081757 0.345193906 0.767847117 -0.427734928 8.965850049 8.249775164 3.109797033 3.597677996 3.676927566 9.911337544 -0.431947294 1.709369293 5.345014227 2.044610754 4.724213959 6.016835252 3.030509609 2.740285991 1.452872026 2.948250893 2.440701311 5.160130551 3.059801379 9.072430968
4.422571825 26.001121391 28.935463471 0.802068151 -0.065699092 -0.494803428 0.327932733 1.317729047 1.326825722 2.527096805 5.732659421 -1.034265290 2.343707566 -6.357355609 6.884522968 2.021461767 1.368428591 4.274709025 1.938739544 1.984865242 8.038108497 -0.853318132 3.471357778 0.819853213 3.425333949 5.903395848 2.467572971
-2.026759565 28.853679579 28.531958097 0.492697252 -0.091894749 -0.706157688 0.500146071 3.683637516 5.902797164 -1.256286815 7.448476479 4.722035113 1.948033275 3.928211338 1.362846582 7.263435053 10.272191922 2.086148213 1.452227002 8.762915463 4.140513551 7.571428210 5.802262564 5.921991144 2.402723180 -0.166972724 2.109326230
3.059554058 32.522099696 21.480045379 -0.561212532 -0.393634861 -0.717014325 0.126422103 6.711302729 1.416114568 3.629230171 5.070293969 1.554726475 5.598896059 4.372098373 1.923889702 1.671161130 -1.673457451 1.375218457 2.763939428 1.461230671 3.217183047 1.723471758 3.134747354 3.377567821 -0.552699847 5.490045415 1.835422512
5.058624374 21.877671425 18.527670913 -0.603128119 -0.730824148 0.139743959 0.287409400 2.433301348 -2.046847331 5.902814050 9.939000678 6.257096208 0.838100919 5.918617822 1.611060192 0.903671911 4.668435627 4.101973848 1.351584911 9.275418573 8.080500094 3.898058082 3.480386836 3.868871745 1.079409065 9.856058656 5.319581175
-1.205676809 22.791359132 30.275882393 0.772432328 -0.305744889 0.197803400 -0.520328911 13.030984615 6.497281070 2.964666396 5.688716344 4.300987645 9.342507271 0.725874597 4.906131252 8.643999182 8.589311083 6.294246716 8.282533413 3.855691779 5.273489421 0.071188592 3.897267907 -5.639771407 8.470780541 -0.318669373 2.700575995
-1.341233716 24.756622924 25.585958899 0.268448305 -0.652653639 -0.012892260 0.708387270 -2.674421088 3.128220271 6.113147066 2.507035759 1.953018708 0.614258242 7.082990749 9.965594277 8.015158899 11.396503082 4.029848502 7.192581697 5.499736153 7.608165735 4.697334286 5.127160001 4.948603017 8.022174113 1.066818730 1.240800140
-4.032680554 19.699220940 16.912399507 -0.496675120 -0.093636223 0.006456006 -0.862846686 3.049306444 -3.328905423 -1.801106841 6.540847490 0.972265982 3.629180826 4.894836795 7.271508680 11.207141904 7.178723914 1.839296912 -1.617547255 4.092354171 -1.132806855 5.707066486 -0.742157911 -1.033020745 9.080957301 3.197118138 0.133395021
-3.345442645 26.615166578 25.473503476 -0.591489920 0.428408950 0.001610636 0.683083342 6.513387253 5.948467274 2.258617006 8.064709630 0.514761383 -0.320490699 4.310183126 -0.475259405 4.291961193 7.305174996 7.309363727 4.183527283 5.087673816 5.560625424 13.611389539 5.500296715 2.195532936 6.352494148 5.783860491 7.732286798
-9.677788150 27.602523442 19.658014563 0.089497638 -0.555514731 0.573392979 0.595494793 7.983681466 7.944476986 0.713661396 2.620807082 2.470934455 3.379506746 6.113195317 7.059165158 7.553104077 6.720074629 -0.887319809 2.049737626 1.481559822 3.909324783 4.694246050 4.668046152 6.286624506 4.176986574 9.386526987 5.523995262
3.602713321 19.223156125 25.873154920 0.237936395 0.159427610 -0.830843808 0.477145340 9.031808053 3.389998577 1.445461408 7.202974655 4.878130619 3.746190823 -3.777916263 7.908777242 7.152023551 2.304810047 2.011838203 3.084658031 2.212646285 4.920452709 2.256176298 -1.129301135 6.814361481 7.065726882 1.866931483 7.295526371
-3.203006210 29.887386956 27.251702601 0.058779625 -0.507668600 -0.267264007 -0.816937879 8.511364305 4.824451594 13.911447914 3.127938599 1.462358395 -1.767522363 7.233766053 -0.129045963 8.329395926 3.286567198 6.212287469 6.404867731 5.103988971 3.438612061 2.058436625 3.831054938 6.093204901 10.943604443 1.866353226 -2.218591891
6.170171548 23.146734096 20.404877223 -0.148007587 0.790222271 -0.053257948 -0.592288871 3.005589033 3.741142673 1.024333537 5.397292370 4.016731200 1.942603803 2.084737494 8.362420894 4.678400023 0.183010728 4.110170805 3.583668637 2.062556285 5.672397229 4.315436157 2.725083955 1.744850109 3.387074453 5.134342296 3.074003240
1.405068610 30.061826715 18.052287014 -0.018023377 -0.115108098 0.759357732 -0.640157104 8.034515632 3.779249169 7.502779302 1.851606770 0.495364694 6.387737591 6.921569385 0.990639699 2.262574841 6.380725246 3.560054875 2.350497478 6.471741697 -1.285475595 6.977185403 3.758707570 6.589545510 7.458209597 5.385903150 2.908674445
4.531402586 28.404400001 25.116143100 -0.871301913 0.209155444 0.015246492 -0.443682906 1.403447158 3.922997464 0.090376920 -4.130070528 2.380084104 6.961578876 2.456748133 4.970345845 6.177070198 -1.594784226 4.931699378 -1.399389257 0.319900098 3.562390070 8.516045105 6.888875797 5.840591708 8.374103041 6.075325743 4.390070337
-2.638463754 30.533029673 27.373000117 -0.039996963 0.397140709 -0.728297391 0.557012037 3.662100781 6.430598318 4.692203010 4.703020765 2.720465358 -1.493057651 1.076179616 4.993472356 7.804023243 2.185555981 1.339944494 -3.464002436 1.886727612 6.040563448 4.164758515 2.823458989 0.232441056 3.617909584 10.113764576 4.921947167
-2.567317275 27.859293127 17.721977174 0.032792100 -0.388208010 0.424055316 -0.817555079 4.024532314 1.879879874 1.457180316 -1.876884547 7.334129724 8.702128922 0.581629054 2.100973349 5.186260845 2.197176480 2.357973676 13.435024670 5.103389635 4.738907129 3.006358068 2.615141490 1.830325835 -2.974562756 7.530803314 2.533926556
-1.650097702 19.588572924 24.986476833 0.928937446 -0.317474384 -0.177268677 0.069721249 5.002868757 6.137814918 1.193982554 3.362904476 3.856034300 4.090712214 1.748396010 4.515743633 4.459519496 1.319997497 3.888834609 0.817210534 3.230970752 5.082891252 4.141106973 7.522033229 1.877334575 7.895469398 4.412497639 9.316311790
-7.715455772 23.994046680 18.847501290 -0.473312971 0.359042471 -0.727595233 0.343028441 6.972343978 -1.462823114 4.245058224 -0.003324681 2.344155844 11.281551575 2.943544857 1.768356086 0.626935002 0.729141369 1.246846506 4.080689499 4.959293235 2.842185129 1.738418532 3.367915880 3.695995111 0.333830918 -1.539036513 5.283400862
-6.536460690 19.885648160 24.051794130 -0.820776773 -0.083065402 -0.443289551 0.350599489 2.460823550 4.103382774 4.766091545 5.521658257 1.294840352 6.121599645 4.694621888 4.794318726 3.090459023 2.030347430 10.060910469 2.755140948 -4.870341368 0.420543095 -0.297234804 2.835377991 4.268808169 1.289664210 6.580638393 3.432360770
-10.795833246 24.578659222 22.864762683 -0.600221384 0.568960824 0.554861923 0.090255849 3.724406031 6.429323440 4.682487704 5.814153664 3.916606209 6.065576191 2.739664029 8.681062179 4.531745615 5.549701775 9.724480944 7.799104106 -0.647681111 0.983971488 0.952250222 10.127190429 3.564062308 5.320456284 5.497269596 8.256312694
-5.469813332 20.399139613 19.367310955 -0.511319506 -0.577749538 -0.630565381 -0.084528894 2.187757124 5.468084866 3.764957470 5.134057038 4.859098201 -0.711695745 6.757785765 1.168678220 0.999011271 5.463985662 -1.341049082 0.680260567 7.367274889 2.173556574 1.311992234 2.136422305 5.848248791 1.533661974 6.600483558 2.549253375
-2.830570675 30.125332482 20.229248632 -0.741077586 -0.408445138 0.303905226 0.437742154 1.421485665 4.253248732 3.694439856 1.580143948 0.950853670 7.591267460 4.442582889 2.250800193 7.113478948 1.650774593 4.124174631 3.193210113 5.307616321 7.681981500 4.547257941 5.273629261 -2.099556151 4.553724990 3.675709000 2.833036237
4.710153682 21.894128353 28.956100598 -0.357654693 -0.623284737 -0.471613508 -0.511057684 3.704822867 7.807379150 3.635427602 4.232884831 2.546024031 0.695071023 0.343640304 1.950016874 5.508228259 -1.709177477 2.746428487 4.632651158 -0.904637094 2.492036831 6.514578211 8.549557996 1.314070081 5.057126019 -1.440339091 3.875172052
-6.737745391 19.614607890 19.441668825 -0.061073000 -0.986525483 -0.140899503 0.056434823 6.078155394 4.171066104 0.007457762 1.054960741 5.997071496 -1.862535793 4.856348957 10.559724474 4.971819068 4.692861707 -3.128634967 3.737791104 9.381562200 6.361812808 3.760436694 6.170056986 3.125850762 7.349763281 7.810755846 0.285820046
-7.417618893 21.950086633 30.029729572 0.190723111 0.500683603 0.553290823 -0.637816502 4.140041993 2.233925786 0.348332340 2.857215016 -0.061083927 3.359272122 0.792911099 -0.568652452 5.942961160 6.369104831 7.308992190 0.694647962 2.735084423 0.986670450 8.707571102 0.112824391 0.957117491 4.520047697 9.718388826 3.119917325
-0.647841709 22.305946549 26.117966091 0.352193707 -0.363580754 0.575445868 -0.642363356 5.018772439 10.678116993 4.255524561 8.445831460 3.258727858 1.595669907 -1.820606925 1.997428069 4.463668180 2.543427768 -0.664018808 9.334846748 0.828238257 4.918390846 4.005938737 12.970205424 0.968489941 5.199446701 2.075255990 3.028568842
-5.968120728 31.134947789 25.437480598 0.396723770 -0.352894712 0.294257335 -0.794662314 4.434414497 5.049211117 6.315934681 5.188132390 3.529459299 3.559937980 3.552700552 4.377666875 9.605854120 4.324717246 2.960208556 6.853197265 6.005056198 1.905050107 5.981677431 4.166894737 6.684809452 -0.003818100 4.004580662 5.146469545
-5.154806842 17.434895327 26.891165649 -0.106456378 0.504844962 -0.856252914 0.025090847 5.340339469 7.979319095 1.350110817 4.284869422 5.443358276 0.292572555 4.828184259 5.558276915 5.664634785 2.537069172 6.686725899 -0.197370706 3.015664135 8.503502350 3.841162437 -3.802893982 6.977658876 4.700115188 3.437064771 4.985402860
-3.372120835 20.941112274 31.579650601 -0.777955996 -0.583056070 0.219825025 0.080666263 2.344445745 3.892053986 5.979044131 -0.173363862 -0.731098199 8.599270727 5.998646946 9.403400010 8.131950144 6.748056562 7.829784786 0.558192060 3.033452039 2.559852850 3.775574820 1.954193857 3.059483199 4.918947249 6.778407978 1.910915280
3.454157374 24.504780714 27.681341409 -0.575807598 -0.484902670 -0.651113957 0.096776170 3.930536162 8.729880180 2.188374596 3.594369027 -3.713425404 1.870091354 1.078922806 3.062394717 4.568733949 1.893335514 -0.943473761 1.786743451 2.976608154 1.178202138 4.917279955 10.547185078 7.624700320 6.524209234 6.294844879 6.588191352
5.300191776 19.499385488 21.172385691 0.929189836 0.366583149 -0.009680147 0.046144753 6.334346086 7.525970545 3.182169941 4.793579566 4.934911638 2.079937447 3.798049868 2.108696866 6.090474741 2.432315131 3.915191743 3.386663617 1.678024239 5.079018141 5.304974177 1.177804429 4.741929968 1.983671699 7.222090177 4.709002200
