-13.312712341 8.536547197 25.007941765 -0.720520217 -0.453591738 0.013205594 -0.524338406 0.766028989 5.971835463 9.303299667 5.528137692 5.116083776 3.265048620 10.685064344 3.339528254 1.998415842 0.901097459 5.437570959 7.595835963 5.328879921 4.162323555 8.539367078 3.214972643 5.003714859 8.259728388 3.678131360 9.263546597
0.357108213 11.004608726 33.297460700 -0.418523688 -0.184432604 0.163967021 0.874035098 8.809746342 4.615226507 3.037933210 4.379628126 3.535473778 -0.200177154 3.815374429 6.185615452 2.318301648 8.876758494 8.044556315 0.869270255 6.595344272 5.854801847 6.089336798 1.490314835 5.828919721 3.562308629 6.988432036 2.458513537
-0.772478683 7.790642630 28.724905462 0.550772665 0.308196788 -0.744504069 -0.217664656 0.286777707 13.901434892 3.737223419 7.430595222 4.374686904 2.360450119 1.934054433 3.770875830 8.488988579 6.144926050 5.190022503 2.836240291 1.200574865 2.456002437 -4.311748663 0.605651797 2.703847758 3.724382476 8.793399045 6.338955602
-11.231493920 11.490996114 30.387395753 -0.905406647 -0.248452856 -0.197543719 -0.281933435 6.807520035 -1.152149107 5.463377722 7.114959170 6.022280879 3.259553279 10.128198393 2.828483048 8.376424120 0.029458632 2.873047911 6.463855981 4.915645790 2.636799463 5.282530656 8.396612606 6.443475742 5.486502530 1.401797982 2.928728672
-6.601972667 12.490997766 32.588161331 -0.145917392 0.343377844 -0.498207224 -0.782680862 3.236908138 5.028545565 4.958315628 1.572671312 3.008666025 3.085253338 -0.255398690 6.196038326 6.085615470 8.157520074 7.754385860 4.081140603 6.371367463 2.772080445 3.448638899 10.831666427 8.295422337 2.751433992 2.805730817 4.510419445
-4.021113459 6.259924209 34.841581032 0.162722673 -0.289673821 -0.135004281 0.933479648 0.589758611 6.403176272 7.655394166 -0.321974781 5.180686285 4.375114073 5.933490931 4.140936536 6.039664195 3.475351906 1.458421210 10.996747472 1.478542549 3.395294731 3.360201626 5.813265820 1.261729989 2.309321053 5.858491179 1.381069146
-8.704621436 10.155374240 33.170899091 -0.123330783 -0.857726803 0.085443792 -0.491725134 9.138783895 6.509652997 1.974936953 6.179165175 8.419074786 4.581691740 4.654781873 4.119031557 -2.839585901 7.192142769 3.946743806 3.809795188 7.782415098 -2.669354317 2.715988759 11.486026629 2.719372435 -1.461605381 6.935243135 2.190315134
-4.095437351 15.551251919 32.292339923 -0.683267573 0.686831211 0.108163921 -0.222954880 -1.661886403 5.457876953 -0.718090406 1.416847975 3.382347382 8.542456662 2.913049062 10.293330739 5.197386181 -1.244006094 0.596140220 4.182271356 2.876076457 3.283144384 5.952084587 2.085781475 10.108385084 4.895001846 7.954060160 4.268372015
-2.176497883 15.618181035 24.501365451 -0.689639074 -0.458310383 -0.379797368 0.412436057 2.390231684 6.927776550 -4.171823067 5.699966971 3.703547185 5.182834011 2.164660804 1.464131112 4.272594326 6.992019485 1.939027193 3.376391102 5.524503006 -0.167597825 5.361775764 7.626906249 2.470106170 5.122831917 4.117661830 2.410999973
-9.959625825 16.890883798 35.206839679 0.053007038 -0.500894770 -0.572141436 0.647262590 7.616666395 4.100481611 5.716042375 5.828246450 2.538914375 0.792570365 -3.980890886 0.742313373 -4.096284559 -2.458392091 0.248586523 3.791078278 7.998015087 5.553643150 8.319713166 1.330948234 6.492389491 5.437740163 6.381727809 1.462546317
-8.331875402 11.853911371 26.120511241 0.101451021 -0.068348402 -0.911682004 -0.392265355 5.202375110 0.981946947 5.692414999 -0.806659201 0.187006752 4.384742031 6.491577647 4.846827144 7.292693320 6.628186764 -0.832150082 3.102689494 1.380017010 3.634659578 2.083732783 2.196127287 7.075187331 2.131230383 7.424151863 0.185099823
-5.020301203 11.869588834 28.437882709 -0.614789907 -0.464760684 0.043065946 -0.635748536 4.874807638 1.539940437 -1.659166406 7.285805017 2.927063691 6.866478092 1.991506873 2.527646068 6.498430102 5.869677862 14.217846134 8.818383362 1.446283166 2.445689611 5.496454341 -0.585384989 2.867142242 5.851572992 -1.041493007 2.358260992
-4.267556052 12.073239083 29.145082569 0.322802220 0.523089093 0.357209583 -0.703262285 6.179338563 6.223028510 3.345115580 2.315165806 -0.033729806 -0.273436673 -2.611763538 6.529145565 1.640502101 6.147500898 0.623882664 1.617250928 6.168526082 5.253957647 3.402984517 1.637853959 6.700775269 3.199951358 0.998721456 4.488412009
-1.268755401 16.991126048 28.695429286 -0.056095073 0.578049208 0.703643499 0.409387693 3.361814992 2.029906421 3.010999429 5.434917960 5.882747461 9.295624726 4.503894974 -1.129066425 -0.372643954 -0.149865493 1.233820848 1.026213697 5.806631368 -0.985670634 4.034664312 2.248280951 4.567214793 3.717277816 1.618790171 6.729960177
1.272804996 7.557477076 30.057856472 0.078260825 0.237247764 0.933723869 -0.256414660 6.181893191 -0.028198299 7.300766339 5.637622256 2.799821242 7.019024363 4.832626613 8.223700841 9.132827345 0.191019860 1.913277000 4.463880536 3.864421478 9.085862106 7.858144440 5.171532273 3.347217711 8.141439633 5.180490447 3.567417023
-5.643739787 11.069070206 22.402307274 0.701885057 0.313992951 0.622607399 0.145347240 7.079951529 2.495745684 2.324895883 3.271170478 2.475113181 1.749735403 2.891198747 8.161677563 4.033025999 8.017353980 4.372816326 2.326070319 3.088857914 9.204693808 9.765566100 0.452608087 4.940167456 -0.280629574 4.913139111 0.519198993
-5.466227063 11.940288772 29.489933100 -0.157786175 -0.980426239 0.050513748 -0.106377973 2.896462718 1.883941610 9.989795539 -0.506984639 1.797024242 5.715399104 5.043916496 6.788409894 5.387618157 6.667399955 1.131012477 -1.628795897 5.695792421 6.437172725 2.378073556 -0.735191237 5.311971862 7.880975642 3.318252722 6.649700090
2.228141060 6.415256409 28.847412931 0.162679631 0.491187051 -0.316527236 0.795035300 4.358201592 5.678422180 3.226196729 -0.033172697 6.028751577 4.261882376 7.780894233 3.754769401 1.680211136 3.534540283 1.211089494 7.044205072 0.575258377 11.510284760 -1.472646983 3.496804874 1.566186786 2.618918154 3.653621974 0.033854960
-10.394657469 19.497819493 31.549180242 0.121314808 0.761354778 -0.218596657 0.598194886 0.861818876 4.423893579 2.818756175 2.257165961 -0.241541226 0.305675663 0.626661599 0.194796126 2.525927815 2.723616249 1.635918462 7.043728130 10.551250685 4.494744800 3.006869691 5.377688677 0.629449568 3.538380642 0.084695965 3.281222085
-8.965020189 18.128658987 30.173527266 -0.242702650 -0.615663263 0.489184405 0.568113359 10.119014503 1.299339275 5.252646930 3.173615632 2.902749929 5.318598351 2.618821572 2.121457600 4.906499928 2.733442218 3.665413529 -2.311237660 2.765740053 1.635188699 6.596812084 5.067367341 2.017214649 3.245213207 4.917640399 3.569027620
-6.519247296 15.333068256 29.656791776 -0.012648826 -0.340689568 -0.779862435 0.524962102 4.354965898 3.897132715 5.678229710 4.310127535 5.810612639 6.460656597 4.004349573 4.487252695 6.930588219 2.839008938 2.779884630 3.201425752 0.481843520 0.128031622 3.327611705 5.188350824 2.156722803 3.561408428 6.726690475 5.277419341
-2.377062848 8.277569478 21.754536543 -0.754930461 -0.590063474 -0.073916613 -0.276480433 5.360698079 3.714297234 3.978090355 6.414913718 2.354400976 2.328175780 3.978736504 4.637075747 4.047444539 7.133881691 7.843586845 1.433532133 3.127649651 3.977214139 5.940231939 -5.102190092 6.665192034 3.348864475 6.971109155 8.978744658
-6.846094625 10.670495915 22.372470789 -0.891717168 -0.158139392 -0.412351206 -0.098989435 2.243294814 5.490859767 3.733041433 8.300387841 6.188600599 -0.483479082 -1.094627331 1.410542069 6.740290746 0.925964108 3.048410380 3.986468840 1.438837584 5.053283138 5.535004887 0.538373113 -0.991270634 0.504728915 7.799468672 6.417927491
0.958726875 10.724733518 31.732612750 0.165091680 0.482975309 -0.741486511 -0.435519622 1.565007063 3.451603338 7.678486498 5.501496478 2.429019387 -0.341646630 1.358223256 8.870494030 2.036533590 3.878318366 1.034586030 2.727125973 -0.345954491 7.281500321 8.490367833 6.272529101 11.932201091 3.200865876 2.486241873 7.840118920
-5.480734243 4.156794859 28.397133400 -0.419842761 0.612620278 0.655994075 0.134537075 8.930396289 2.274921657 6.311062479 3.595908373 0.241100178 6.609781455 5.181343037 7.734945123 6.642185097 4.935645727 -0.903695477 -0.764997231 1.990214235 3.120088756 1.101620408 0.844537950 5.721126541 -0.951274884 7.717611187 3.451631510
-6.998546279 18.038017698 30.699405719 0.147599133 0.188428583 0.067546773 -0.968579681 -2.327516645 3.379760806 8.021705054 5.560327209 0.739251667 3.869230139 6.732268734 -3.065533363 6.266562965 8.993338916 5.419981572 2.693690307 6.304625585 8.325269352 5.528046684 1.936463361 7.813587008 3.555861804 4.461482963 4.947037950
3.180058426 11.143804032 31.532804625 0.428367558 0.866269834 0.118174888 -0.228281637 2.010392485 3.127884520 3.333922440 5.081399409 3.690216646 6.239808728 5.914869425 3.743334547 5.495431957 10.743953293 2.330347292 8.456382067 8.466733041 6.705585197 4.026905544 0.516712349 2.981736704 0.214249484 2.433352763 2.783297905
0.236848354 11.313184145 34.372746733 -0.313039673 0.394390836 -0.222498616 0.834839145 3.577721410 -2.106025045 4.482374663 1.910058208 2.171111220 8.093856939 -0.639512655 5.188063430 6.488867231 -1.410715357 9.635346425 1.239077080 5.636439031 3.445268114 6.313460699 9.142759335 1.469041957 4.885428380 0.956073231 5.310105456
-0.015384060 19.067101526 26.008217355 0.388054500 -0.478049135 0.255226353 -0.745481213 5.529889553 2.097202162 3.061364156 5.346728772 3.504486480 4.493204210 10.492932409 1.181314605 0.594738911 1.681896132 7.135505879 -2.828583940 3.754473522 4.766504471 -0.366700292 -1.153279587 -2.328848791 -1.534352860 0.362547784 4.117750113
-7.597606053 8.568602825 29.679900147 0.782435062 0.128116510 -0.295781179 0.532818007 5.338427317 7.869148469 -0.707054071 1.972240147 5.842687817 4.788225890 4.641564562 2.814914009 3.464108757 6.063715326 4.210052774 4.477391293 5.491636664 -0.644509039 4.409901055 -0.523297867 5.731784400 4.662750786 2.739749392 4.462786262
-10.310652604 5.259898121 31.095124217 -0.280955070 0.927025405 -0.170027470 0.181049182 3.642049267 4.886054884 4.519846481 4.831824875 6.694119030 7.009176931 7.409456723 2.288817067 8.789946611 1.151891076 5.049590273 1.061846995 1.956356111 5.671457612 2.889587343 3.963714564 6.171144552 5.421257405 1.245082030 2.675873863
1.757679634 11.974466551 36.900177783 -0.590273887 -0.172191106 -0.783238014 0.092006388 1.804849230 5.811835169 11.440415591 5.811344706 0.147996592 11.868026586 4.133225636 -0.721845079 6.944894738 2.782843888 3.582739549 8.354586481 3.662602153 3.922646695 2.492126999 1.196390457 -4.005044349 1.923565324 4.011927618 4.612402356
-7.800496580 6.579040064 35.282174875 0.637096030 -0.182260667 0.742564339 -0.097405854 4.247490780 8.789212457 4.097286095 8.888772075 -4.051201089 -2.331071435 2.981563213 0.126232531 -0.105948625 5.463351969 4.680270571 3.836725396 -0.759641663 4.995074580 -1.234554121 3.268375020 8.641713904 4.078891052 5.701175077 5.316190210
-1.417070485 7.796430850 32.111699316 0.365032412 0.837034540 0.215005716 0.346261549 2.700949798 2.075023728 8.185955428 8.483692239 3.938674386 -1.410513008 1.968733204 2.291325189 7.909862537 6.391400097 3.588041183 3.939486935 6.294915795 3.277518601 5.276711729 3.557463473 1.132523238 7.635180868 6.959207204 7.291334392
-10.133364648 17.285906932 30.642846597 0.647309410 0.726736031 0.223636415 0.053216758 3.244668748 0.938119472 4.411213938 3.836455052 2.470551621 7.635488495 4.808142560 8.947335038 4.803470919 3.103248190 0.770197901 6.541429665 2.140097376 8.564303755 5.731690629 8.894491757 9.151989078 6.650912750 7.858969298 4.874588186
-2.629929648 13.439215506 38.516750453 0.528502474 -0.042065142 0.786570800 -0.316578639 8.667254608 6.819389433 3.157978222 -1.627046744 9.280817494 9.823526841 5.977353030 -2.109573679 0.759797311 10.750510664 9.428670262 3.732130980 6.188715398 5.554494076 2.886420040 4.089341881 4.904852822 5.950104690 5.065083921 1.759062024
0.322705198 8.984093056 22.659259442 -0.627146864 -0.022562432 0.529199761 0.571073866 5.848317301 5.220324883 -0.186138341 1.120559396 0.751452596 2.742359839 3.088141757 5.726541743 0.275835501 4.085041704 -2.088941794 7.813592123 2.650091972 0.444314373 4.801245717 2.616525059 6.395906179 1.985014091 0.374447461 1.313121266
-4.715989351 8.677544574 23.327064229 -0.327952989 0.144864915 -0.825880723 -0.435180451 5.144763058 1.936329383 1.874786028 0.350636677 2.572635910 5.424082656 0.250357275 5.208854151 8.871873923 3.612208428 3.777456550 6.385544749 -3.104123278 2.901205998 1.145835708 9.214968755 3.094330297 2.546041635 4.494654963 5.207815693
-14.803533356 11.049865867 29.454788280 -0.758135818 -0.352803678 -0.183375849 0.516849054 -1.029964594 4.459820842 -1.950751952 7.267948069 3.101621429 5.284661079 6.399756878 7.189846210 7.511724286 7.648291730 -0.198610956 0.321801641 7.845069038 7.557001459 6.000623817 5.614003074 1.570211132 4.834968070 3.797523611 4.743426260
-5.365583814 8.135479283 36.545163608 0.606173061 -0.442275116 0.602607720 -0.271681574 0.308573726 1.669744032 7.916153633 6.159782078 5.263681143 2.949305339 1.513798550 8.246930870 1.389247852 8.500732567 5.764932200 9.424304981 2.742982578 4.075962361 -0.656694065 7.700129537 3.609751122 -1.672455658 2.787607993 3.407756042
0.767963355 13.639963691 31.371890430 0.836469740 -0.392096236 -0.359030704 0.132950630 4.074789774 4.394287924 1.020416860 -0.254659775 3.458157840 9.346728330 6.211731895 -1.842847657 -3.395489339 -0.435224368 5.537213004 3.205039811 5.004872333 6.007983297 -2.182520555 4.980616878 4.197313657 -1.663291153 2.031768817 9.274781262
-0.688380311 7.034734698 33.307666969 -0.367644837 -0.768619657 -0.092673450 0.515240457 4.340023357 6.913827354 -0.180859498 5.010754650 6.443065325 5.227951564 3.039528959 1.176464788 4.657080232 2.325841604 3.791159489 6.873333025 0.657371773 4.199997798 3.098159825 8.197534761 6.027655058 1.480420970 5.625355335 -2.471985002
0.657902108 4.344912763 26.422615403 -0.010688059 -0.741907441 -0.028668487 -0.669803876 2.975259068 7.205610433 0.504724668 3.822748709 4.808457071 3.381208250 4.342244828 7.604560208 5.994829750 2.532789662 2.546409547 4.316087047 4.347920172 -1.927894534 2.899020442 12.318767304 5.633465125 1.101843153 5.603969617 3.416939803
-6.152046526 11.547095393 33.005673786 -0.862530417 0.401928328 -0.161668712 -0.261453872 8.439023554 4.652279365 5.371695561 5.726273192 -2.227675954 6.362429882 1.625572414 6.646507617 7.001993153 9.594012956 9.673297961 5.560006279 1.141877629 2.995630143 4.552048606 4.099465630 2.383443164 8.539868175 4.326452458 3.316961648
-4.135237303 15.555840466 27.643614161 0.506992425 0.150058988 0.548796304 0.647505674 3.846915230 4.130816296 0.367368894 0.267984719 5.060254916 3.318851694 5.533379923 4.406850913 9.491334219 9.751819179 4.527364169 5.634266226 6.127761831 2.872257981 0.311667885 3.813217167 4.765594697 7.602813480 5.772956095 1.260397782
-6.586131787 12.778214859 23.459967406 -0.508653037 -0.587032418 0.265153863 0.571277916 3.060357187 1.921370024 0.869391369 9.509209343 2.505854717 -0.559447782 1.093142442 12.179705292 3.972009525 7.519899226 0.046459938 5.457348889 4.449513180 -0.291676204 3.088066406 -2.557346569 3.984425406 11.334398225 3.297593517 1.432984534
-1.886847618 12.012301118 25.727045997 0.085112078 0.135396973 0.676609161 0.718765357 3.484304703 1.813181807 8.857506195 3.129309633 5.819481785 2.246141254 -0.933776541 0.485011765 3.904645449 7.053330484 3.206220162 3.731276763 1.118166335 6.289244831 6.754140308 3.997618511 5.158118980 4.696760993 -2.639253968 4.204370711
-6.960423541 20.055483567 31.107511165 0.088229872 -0.300727703 0.791546458 0.524626099 2.519163405 4.076386622 4.919193728 1.024992146 -2.451497656 -0.235645908 3.607975026 8.940528433 5.587354825 2.216314236 8.917660854 0.954471860 2.367979046 7.214121038 3.757736333 2.820943884 1.600308402 0.730544560 5.283389847 6.992670592
-2.578556637 17.437087080 23.085156241 0.479154399 -0.043098597 0.876596999 0.011457471 5.798830830 2.213009784 4.307937727 4.791210415 0.284653256 1.477192191 4.525787800 5.490395171 2.703449787 6.270903840 3.643301996 1.794080988 4.997763371 0.101209715 4.404669387 4.451069410 -0.716874490 -1.903441123 3.413691390 0.814102514
-12.406329123 14.633465673 23.838776852 0.403904510 -0.311957335 -0.844144985 -0.164204179 8.099235279 0.514846458 5.000704857 -3.979093864 8.428991873 3.890061372 8.071346680 7.723908662 2.475839836 8.894364202 2.611524340 2.332076925 3.210214640 3.812209700 0.783482516 0.167379587 1.156591239 7.614611119 0.682262630 4.561024517
-4.814575921 15.338115732 26.070613698 -0.568766174 0.328009382 -0.240141333 -0.715015402 3.517770844 4.115664109 0.815359754 8.851003324 2.303716600 1.393318423 3.646779052 -0.750175952 8.019412337 0.431998839 8.165578218 6.017823310 8.840497052 3.626953306 6.471606813 4.227393032 0.603244731 3.549171381 2.727849764 3.979819188
-3.135968151 9.738752303 21.612495503 0.290780351 0.844925605 0.103792058 -0.436777653 4.210906992 3.701204306 -0.194036696 2.799603043 7.262127910 3.543281922 3.597166422 3.865996400 3.987438992 4.963260789 4.029273386 9.125456776 6.078669397 2.486090771 6.070901885 8.407495476 0.932062471 3.071751211 6.028195833 -3.873724497
-5.505241095 14.110883808 20.830740823 0.791883350 -0.217238785 -0.088695719 -0.563791751 4.551473301 6.649509298 7.685874831 2.567177361 -0.077804454 4.705464711 2.114464587 0.442435220 8.812767047 3.356082796 6.166738137 3.548194283 0.327823758 4.226440916 3.718023562 4.981932262 11.152894189 6.519958042 5.129456737 4.281428563
-9.781480663 7.386333784 36.089149285 0.403353253 0.519147395 -0.679961930 0.324721279 4.175574223 -0.303193788 4.161478499 5.975808241 10.754305619 3.622843502 6.637995826 3.116450829 6.587275520 5.398563506 2.945862234 3.808911072 0.953634429 2.597546090 -0.258627374 11.275344320 7.302647537 4.400024073 6.183183456 8.699190265
-3.513695292 7.688221404 30.029101236 0.200310644 0.646463487 0.301323331 0.671688064 -1.314924449 4.377825795 7.863921145 3.231269590 7.168530015 4.017457561 9.013401617 5.876168277 3.824506572 3.693478045 7.036870816 4.327725021 3.407191892 6.744029956 7.685622182 8.381064516 10.151529933 0.060382721 2.030817429 0.831323150
-7.220129210 17.366209382 30.715124713 0.018985520 -0.402457110 -0.883732817 -0.238084296 2.731316296 0.738311069 5.456015337 5.794353329 3.351126439 2.114840996 2.165764403 7.223703787 0.164896071 1.012844200 -2.399383049 3.827068651 3.534646996 2.684214034 0.849140821 2.236057399 4.822917708 2.246071198 0.535028944 -2.569661400
-13.056934966 14.904534109 26.473797874 0.529946495 -0.732604651 0.390971857 0.172012048 8.111192677 7.352163723 4.039415122 -1.928245695 2.850049019 5.925330659 -1.033248939 2.685211879 7.061021971 7.587597158 7.348345077 6.938817541 6.592354995 3.970018836 -0.667302831 1.865258403 4.250113902 8.378663268 1.354070690 1.218225475
-4.461392028 17.819743930 23.059655042 0.305492671 0.217281243 -0.908108614 -0.186552497 2.919676194 3.885225307 6.700286956 8.033840507 5.249769772 5.605793736 0.752232287 7.816812913 2.210969691 6.726427305 2.167937109 6.762207569 5.456756202 1.283352889 3.417398176 3.025181650 5.683645494 7.200321542 0.409363358 4.747940812
-7.557981764 11.459503010 22.296249919 0.499287794 -0.282491449 -0.626910185 0.527156428 9.074092098 5.510079130 -1.011835562 5.180795827 1.333359883 3.741423922 7.280321555 6.748603182 4.754056554 9.277136410 7.405269951 2.459379125 0.850168380 3.506816681 -4.357758596 3.501272590 3.973549631 2.203770441 7.973598657 4.081043469
-5.542688533 10.937330744 24.952673315 0.669466100 0.069363305 -0.543794579 0.501289665 2.781401762 1.311223185 2.451396213 0.662190572 -0.416663293 7.358373808 0.469050790 10.807829480 6.026883278 5.495067626 5.893282775 3.398521511 -0.662489655 1.470798449 8.494003928 5.020462502 4.638339854 4.042535728 8.902002425 0.180397938
-6.402143469 8.494065710 34.245379044 -0.454863296 0.741355245 0.229781717 -0.436683118 4.873787577 0.105540555 7.978333652 1.982096803 3.428476743 1.954611296 -0.309180355 -0.802058097 4.886232216 12.597413613 1.586946444 3.106850937 6.024721987 3.071767435 10.065814268 4.800373576 6.232902739 1.574142927 9.910574972 7.909587868
2.029832584 8.305109739 30.450059044 0.877491888 -0.177092137 -0.081986928 0.438091891 7.341642506 -0.884660714 3.370712487 4.245556332 7.535259955 2.880659520 6.633989571 2.494783489 2.594684867 3.549291755 0.080927044 6.110356007 1.211910860 4.273706754 7.072491042 1.741580528 -0.939672464 5.825522026 2.480866357 4.787165433
-10.666841328 17.027001186 27.795891661 0.873739490 -0.376486237 -0.226924777 -0.208188768 -1.741337009 2.173748093 7.724725905 -4.125418331 4.615892649 8.351046401 3.599741621 3.886724148 8.978900148 3.842910771 8.155478217 1.260050861 3.622884113 3.757756849 3.078619220 0.695503544 -0.820523296 6.515110811 3.876418559 4.372901461
-12.834485856 13.925605066 33.959164445 0.752033309 0.348053886 -0.505230276 0.240928959 5.190492619 4.560037835 -0.266581988 5.606916383 1.535555204 0.557487979 6.011242774 3.152662241 2.718583369 3.871201268 6.593693474 4.120831549 0.702017416 4.079499864 3.354326441 -0.529832542 1.857395363 2.499906405 2.816898375 5.511313716
2.415677053 6.226485839 33.324254292 -0.089484627 -0.465894349 -0.190706881 0.859398535 5.124181822 1.057830342 3.529114454 6.659998878 7.642402643 1.965026157 3.609171999 1.806002259 2.190256923 6.770167323 -0.268542369 -0.532422982 1.262808663 4.550914431 4.935304244 5.896203604 1.967821666 6.448429224 4.962515469 7.528111220
-8.828129354 11.197612187 36.672310972 -0.526923585 -0.029964503 0.834847752 0.156470108 2.598093021 2.690185619 2.825206228 2.708939760 4.099035108 9.201628261 0.184203322 0.676612938 0.485070383 5.575844214 0.896442361 0.166549001 2.848228597 3.082277655 1.223977925 2.489269566 3.986338992 6.024615501 3.224027446 3.659346396
1.336395867 7.220212648 35.081843349 -0.824738975 0.022211729 -0.416093379 0.382333052 0.584700445 7.751269460 0.013329454 4.898074724 0.626994623 3.587799280 5.475391795 3.723295174 7.881494953 0.346460161 5.668474029 3.887641214 3.196021405 3.323886949 0.637188925 6.872349407 -1.376268661 6.722918382 3.755034128 6.923864738
-1.592040469 11.428107176 30.412045586 0.464777785 0.166040513 0.648369912 -0.579679753 12.129138366 3.198357053 5.600118182 4.659248989 3.951834117 4.395439330 4.767754634 9.055955063 3.439897908 1.332841545 5.666490161 1.976830751 4.161172628 3.863997521 2.213691223 9.730553984 2.722991982 7.636759635 2.431680197 3.535494589
-5.676624864 6.646337454 30.778998044 -0.744241550 -0.600319281 0.234471430 0.175340880 5.328365399 5.358774380 3.706712557 3.924582658 -2.938302364 2.941601711 5.513159974 4.050341378 3.453706222 -0.730763788 3.308108252 1.450899325 8.617792629 8.446161658 0.828773229 7.141801640 2.424207261 3.200985705 6.072808644 8.737195369
-12.691740192 13.866419837 29.870839571 0.733393254 -0.661097595 0.129543165 -0.091120099 -0.174796439 -1.417980503 9.476389401 5.428406804 12.416540241 3.437015465 8.367878916 5.415049101 1.096599595 6.488964566 2.692324067 8.314004036 -0.599489074 6.577203227 5.908734546 2.799446146 3.150881070 3.635409719 6.706208939 8.070113386
-11.004619630 9.415559618 33.069001624 0.007502977 -0.952675937 0.246585861 0.177616661 4.122507995 3.350993295 4.072203159 2.292060554 9.070197938 0.579880469 8.235585886 2.397611186 4.179057131 4.508525960 2.061490631 4.524384920 5.087203607 3.154587563 4.245304950 4.399852459 3.063225589 3.898056510 3.163412154 5.567590237
2.749660145 15.177676065 26.162040243 0.501696106 0.569781866 -0.247335409 0.602058832 5.890891027 6.473357098 8.597459612 6.608518769 4.772777947 8.598088481 5.340651586 2.036480330 4.568510327 -2.108512284 4.248082767 3.679162389 -2.107639722 4.847502822 4.862422933 3.059081839 5.633831664 10.411870367 0.184840612 -0.115229052
-13.157903635 16.606062709 31.714225533 0.824140601 -0.262934349 -0.064514997 -0.497489309 9.067281025 1.291003738 -0.344508647 3.854696095 6.395617040 -4.552142366 0.918063459 6.027019248 1.654544997 5.773055745 6.471749430 3.969844156 -1.334073620 2.029482642 0.401627096 0.950898650 1.822917769 0.547552977 -1.388460840 6.532065319
-12.514382434 17.442236946 29.812775708 0.385303508 -0.117551994 -0.714069400 -0.572562335 3.049513106 2.820801338 4.593223166 7.703256620 7.960333592 1.165087111 10.296228762 3.347782944 2.964934182 3.769152045 9.950309969 8.609534564 1.885463052 11.444981511 4.206677913 8.316018936 -0.230046790 0.151091122 -1.372810939 5.199758855
-7.943410946 17.701466253 22.603539621 0.961318174 -0.210026093 -0.143811693 -0.105235950 4.865407892 1.584583674 1.018426777 5.452657499 2.789785694 3.463191815 2.782167664 -4.005321339 6.503878886 7.657872440 2.482290292 4.140021894 6.800742907 4.559222313 9.049521240 7.147653700 6.177954697 -1.712901224 2.539099493 5.756181414
-11.345734703 12.311817909 37.093174348 0.430965564 0.034525760 -0.580730879 -0.689803089 7.862430210 0.947673272 5.945516093 -0.963384503 4.334955471 7.444827852 5.112136252 4.514170952 0.304872404 4.382467272 7.800104876 2.095703305 7.810661788 1.378082072 3.359684219 -0.329119430 3.270279868 4.743813706 8.618802411 2.011089659
-5.881417895 18.625501749 29.047662725 -0.345721635 0.041120846 -0.478989946 -0.805825203 6.020816001 0.612080673 6.408951302 2.852780513 5.617051130 3.616352071 3.983413538 1.749406352 5.183562213 4.571989219 8.077491542 5.676942740 -1.758975647 -0.298721960 -3.462529582 3.682360638 7.987676597 8.196945098 3.856922090 2.320894923
0.973376211 16.052933765 35.233279500 -0.747205704 -0.620367838 -0.058376403 -0.231126756 5.399066454 1.982341494 7.430305222 4.898906159 -0.056769440 0.073410747 2.080834043 5.767466950 5.136749124 6.355999183 1.126337715 4.990879130 -0.368082413 3.199120273 3.519467814 5.544365561 2.535886814 4.541129148 2.028537682 4.234462208
-5.098705788 2.106763540 26.414367054 -0.310724246 -0.152495308 0.203104169 0.915939037 9.704422573 3.200565501 11.435258272 6.354931115 4.914297603 3.763277544 2.695350355 6.815699962 4.805888164 2.783226806 0.094983042 0.637632355 0.768567260 4.099095230 5.766792858 5.295483847 2.272335519 7.655987027 7.579344256 6.279291334
-6.073494859 2.957560614 25.622188796 -0.448099543 0.830208521 0.206028419 0.259832450 3.055495096 3.989044909 6.793771154 3.625288825 0.682987787 6.835801721 6.550510956 0.567763711 3.963015362 5.339215690 0.630072157 7.461950067 6.672039652 2.729862485 4.617850058 3.785982815 3.176756104 2.281602813 -0.091058312 -0.541461245
-7.360733383 6.938534476 33.387681884 0.096370330 0.657179254 -0.652093050 0.365517223 5.861512334 2.494320063 4.423218201 3.579547597 1.616435473 3.412646231 6.223976810 3.579542446 3.202033063 8.058939219 5.381630112 10.233449059 6.041016033 3.728522930 7.386551048 3.230125496 6.977196686 1.816663468 0.506450318 5.238302809
-10.567507105 6.818981346 35.902755672 -0.065363296 0.899167068 -0.419406186 -0.106417453 5.745522913 -0.330658940 9.668817300 5.610644367 3.129562296 3.843050179 3.719285725 3.009258508 4.525320642 8.776092889 0.699385142 4.279915722 0.898041892 5.295485232 7.538390726 0.753533401 4.259762386 6.293109827 5.288086299 -0.273287587
-9.431958101 7.346780558 22.311903141 0.269960263 -0.411820769 -0.870286493 0.011248552 2.293864750 5.559797249 6.180656392 6.338259215 2.721609963 -0.588386326 3.866613392 11.261086170 3.998700400 2.121066367 7.532192658 4.965744253 3.669141447 -0.165947393 8.213242423 -0.236861466 5.773057338 6.338847046 5.914284803 3.404418538
-1.509922235 3.427242972 34.539206907 -0.498981650 0.343937474 0.679413946 -0.413667762 6.901773694 6.734681334 3.926879147 5.080656284 7.520171879 5.927828305 2.289191294 5.580821924 7.846219119 -1.293701503 -3.680140953 5.093549185 2.163928153 5.515321326 0.748932802 3.105429224 6.088890011 1.374297441 5.628847613 1.052282896
-4.002034780 20.397505657 29.535947330 0.122647493 0.690681761 -0.380797095 -0.602420011 8.449478049 -0.315764392 4.185417782 3.473461347 3.578644838 4.852260646 4.671820773 2.739961066 2.230978798 3.093663878 4.392280908 12.319666333 4.349438939 -0.269887184 7.533865952 5.039764656 -0.602859575 3.094638150 7.192226772 0.450090412
-3.776674889 10.023903830 38.175894345 -0.560894599 -0.011947792 0.721657368 0.405543022 0.822455255 9.177297149 1.084103379 10.431054969 1.673857548 4.549358502 11.018887428 4.001284161 -1.263550962 5.527691972 5.296845003 4.907136260 3.282865909 6.488528651 6.313476592 2.944308114 3.912524428 5.170322045 1.436456416 4.231007311
-4.847792411 18.115401364 23.557885015 0.617930246 -0.371519456 0.352557435 -0.596522221 5.081472777 2.226488853 4.904951781 2.413852135 5.476456376 3.229155268 3.372401924 6.665241447 7.763843756 4.897426364 0.294157147 1.729734711 1.624278251 0.183430484 0.498779219 3.309930709 0.016093411 5.027310209 5.724594238 7.830427234
-4.726943484 16.233057747 29.001581010 -0.172623488 -0.278524356 0.061458886 0.942787420 3.846547447 5.806235792 7.472831675 0.951716194 0.794631096 7.738237728 1.951302424 3.477191701 1.580272664 -2.381886880 2.804424241 1.880804306 3.126854195 5.057421138 -0.605949364 9.000553834 4.519234354 0.456519433 5.547261984 4.222920204
-8.739187390 11.712817932 38.317161461 -0.494465913 0.775859731 0.071376203 0.385292845 4.230689093 4.588995041 1.970166344 -0.168428725 -1.327191980 7.781859683 7.986724842 1.879563255 4.767038274 7.861565633 10.866740750 1.373879482 -0.203193514 6.016597535 6.741974195 8.016287373 6.962707940 0.668678352 4.000940722 7.861990419
-3.035570354 10.834211603 39.303496255 -0.850151202 -0.509603391 0.046950447 0.123866757 4.881033802 3.154866800 1.521205528 6.441396482 3.229285347 11.070361607 9.508229962 4.152020597 2.880252301 0.345374386 5.125463958 5.029973805 7.171743519 5.531123025 6.076959260 7.892605700 -1.686816855 5.689047761 9.158887961 4.598022639
0.055661837 15.527448245 33.496695036 0.821060632 -0.490181746 -0.106513622 0.272463105 5.510975617 -1.331062243 7.696345823 6.372676709 6.923588479 1.032806375 1.880626523 2.086473139 3.225124462 10.662865694 3.824665228 3.646310492 2.297236858 -1.834137205 6.825228522 6.428457428 0.211284953 -1.476617037 3.230821418 -0.901979097
-6.158768070 2.864740695 30.089082774 -0.127413074 0.100359760 -0.831247290 0.531715873 3.566983810 6.549412225 0.025412290 6.930589159 9.559639914 1.859491427 4.358143434 4.122926341 5.273367452 3.221840951 4.827919343 -0.801366791 4.223627071 8.233898610 -1.018524345 0.852325954 5.623566600 5.496090079 2.878860865 3.879342800
-7.097471163 16.891132395 26.678842086 0.894775527 0.064957921 0.441458648 0.016476847 -2.546447345 5.697928632 2.457984228 3.541921656 2.667178834 -1.277456221 5.658402285 3.580946618 4.465915232 5.217360938 3.553424812 5.783205372 0.558039517 5.220768621 3.222941169 6.196766929 3.612693549 0.726306098 6.428246072 4.667309970
-3.140380002 16.708720580 29.354353450 -0.086191085 -0.918454226 0.378896297 0.073827692 5.043587988 2.313488316 3.157453508 5.099282893 7.757854348 9.614215369 3.178947053 10.333208755 6.809794233 4.686032061 -1.002667084 0.167749307 4.598751385 -0.998115008 5.106652637 0.195358452 7.279962650 5.377679779 3.564452195 4.792673897
-5.047939490 11.960366973 22.958565770 -0.317554490 -0.837514840 0.306983274 0.321697542 -0.329608922 0.507827244 2.877474373 0.227587989 3.962895567 6.099249617 3.063477633 3.085416019 2.032083794 6.614986075 8.989408744 2.748239542 7.474789672 9.532874312 2.240332350 3.467419256 1.969516656 7.629340000 2.180106508 4.697528216
-7.729299153 8.938946374 34.052075631 -0.284084561 -0.860370437 0.139460758 0.399511413 7.178756771 7.827691279 2.654582540 6.944775037 3.761473097 5.726706073 1.536700413 2.569213357 9.441089065 8.425384135 2.482367981 2.237672086 5.075786883 11.934288051 -0.341078642 4.441422381 8.084725967 3.378207986 7.139701824 8.380768675
-0.537100165 9.962785083 35.759052880 0.192343198 0.783511254 0.398302931 0.436427524 4.563662102 5.118911809 3.708511291 3.281201907 -1.159176548 1.968538585 0.677406117 0.744611437 3.641861014 4.502388691 -3.253052685 0.847968313 -1.200511230 2.476162665 3.218188555 4.402879390 6.081759825 1.275953928 11.319580148 0.163171050
-6.159529299 2.404970902 28.011737484 -0.139350167 0.481068950 -0.214617203 -0.838506799 -0.245901320 3.673319352 0.227671093 3.377350784 0.217337935 6.498585821 -0.159811334 2.945778515 3.036149553 2.154720554 5.083041147 6.755748741 6.836884665 6.033956420 8.209125325 2.001571611 3.983444378 6.533818127 0.105947394 1.451137231
-4.351220908 14.934395485 21.310580434 -0.795100065 0.268383198 -0.485982250 0.244146674 2.229723280 4.424413628 1.136050864 4.833326448 7.510679671 9.435935509 2.808781482 0.433663801 0.924121711 1.726752113 6.250686228 6.992858836 5.948750698 11.671971868 -2.067882801 7.021117477 7.022128961 -4.476819927 -3.982016582 8.476693666
-7.460558777 13.506813623 29.781061813 0.885977294 -0.424918368 0.176179251 0.058732331 3.511802202 7.514622037 7.018418004 3.581457335 3.549080530 3.861559137 0.465837256 4.357185890 4.506317471 7.768958938 13.135486111 1.382039787 4.961983000 6.165769832 10.073176510 2.994294322 -2.089100405 12.216606103 3.163211663 1.919759436
-4.000985987 13.262178441 32.933583747 -0.931690774 -0.301462520 0.186889495 -0.078389844 5.609411172 5.927975647 5.139089137 5.498817446 -0.884590273 -0.667439429 2.236232689 5.341839229 7.405456176 6.166465905 6.610273249 9.436640030 3.392979013 4.885786947 9.324326472 -0.998579962 3.003480565 3.929972948 8.177961464 1.311939046
-9.662748233 7.072443071 32.848642171 -0.752429224 0.576529796 -0.296106165 0.117408672 -1.194929681 5.614499651 3.588316479 0.686156754 1.141431690 3.700543905 -1.468328923 -0.136889413 -0.948572292 5.172972607 3.010484373 3.605901108 2.303637343 2.517945699 5.200608218 4.439654253 4.279993383 6.606686685 7.851296348 3.299531984
1.585134044 15.794287383 32.053633229 -0.232010884 -0.502314052 0.800197201 0.231378437 5.615165282 8.551751580 10.018679858 4.310729225 2.937883810 8.525581138 7.719476251 0.846099890 4.303275808 9.410394016 8.177210672 6.674464462 9.508661564 6.379547437 1.691601234 5.497842540 1.769272704 1.566702627 7.071720280 5.834945811
-1.162346418 14.790951645 23.770056575 -0.501623834 0.808402073 -0.272850270 0.142871786 4.302940566 4.328894401 0.359660668 3.291152689 2.545505859 4.849831891 5.518554933 7.265701655 -1.589089753 2.695741454 1.814164828 3.809489460 3.277940801 5.088421022 6.075774052 1.066002982 3.288531200 0.766227957 8.570022665 13.023794609
3.156916782 14.984537247 31.085820356 0.628157869 -0.256078647 -0.282764837 0.678148557 -0.478127080 5.830605089 8.344905559 1.047430296 1.250852138 -1.023960390 2.400894552 4.452826360 5.096343014 5.273288073 1.017971804 3.154235061 4.608640936 1.892411484 2.163120909 4.509635269 1.820833486 6.440262586 -4.419164319 4.678231559
0.513335303 9.621046844 27.895278020 -0.006859291 -0.094656107 0.782394105 -0.615510062 3.544847220 8.702080322 2.597868813 7.901393477 2.538285915 5.787613283 5.511843149 5.230416280 2.311670801 6.074351441 2.507811939 3.536673400 1.774793834 12.561162362 8.531876584 1.448138664 -5.797047534 3.584357948 3.515975807 2.040479788
-1.485829264 9.234569332 37.284641358 -0.011097020 -0.284237517 0.229329216 0.930856595 6.543375243 5.658139764 8.657879749 6.394000419 7.805773203 3.020388787 1.369549553 -0.242674434 4.221397825 1.583946018 4.550170550 6.869597767 6.012133609 2.510672915 8.123796167 0.262747772 5.726035122 2.590275025 4.909487135 1.861184502
-1.261286512 15.838963375 26.611869106 0.426236445 -0.420220216 0.087316689 -0.796312287 8.517809334 4.126059037 5.371396340 5.872067366 2.973359672 5.634874910 -1.169897188 -0.114413469 5.775429654 4.153090158 -1.658116135 7.379176371 4.750115223 0.624938786 6.162961869 2.997340275 1.036913927 5.136217250 1.600569668 4.623258851
-7.228917404 15.841982542 23.564577592 0.306031466 0.504854991 -0.577916850 -0.563452122 9.113805654 0.396298861 5.325685782 8.541767559 5.208324556 3.028289469 2.228032066 -2.062596981 -3.119894381 6.309192071 6.611765777 2.199300114 3.185911348 1.379301708 3.324388817 4.130937411 1.223621882 1.624184941 5.204487905 3.932087193
-0.297411512 7.096337377 32.910474072 -0.678359049 0.594317239 0.310255608 0.300595206 6.099924262 7.002116367 9.415587175 -3.118671276 5.724281580 5.116678115 7.114668058 4.102041808 8.107844266 6.452650674 -1.951635581 -1.853231609 8.722875545 7.506100792 6.055581969 6.619388215 6.514444850 4.778948296 1.544218467 2.048007244
-3.607818194 11.687122073 36.153534333 0.101502502 -0.783067868 -0.589060855 0.171782612 5.085462814 3.577819323 2.341993098 10.509413780 5.375065498 3.071944391 0.932294996 1.623630270 2.944068735 1.101023749 -0.353186442 4.858818340 5.442116313 4.417969437 5.439720924 -0.387365994 2.607090809 -0.595859267 0.073323551 -3.060305668
-5.907021019 15.959270993 31.766552913 -0.783075394 0.288527664 -0.231373601 -0.500010971 5.679654848 2.686414149 2.599536413 2.058252557 3.965391949 2.903491700 7.336956935 6.279249783 2.941294686 -1.533372429 5.095822684 5.178957240 8.022630348 5.716021824 6.119183749 4.033904190 4.785228020 0.797611374 2.966293003 4.889839438
1.011788300 15.992072540 32.068867610 -0.171095514 -0.951742854 0.253358100 0.026861450 11.167585157 3.170336768 8.275024476 8.084971045 9.105873750 6.401818549 2.212153657 1.418508746 0.541022493 7.288870466 1.706875247 0.900359344 3.392168469 11.058072553 5.468524097 4.272920320 4.738103869 8.370982512 3.805618380 6.866392355
3.223572912 12.548039473 24.451878844 -0.324762595 -0.651465063 0.157637485 0.667287758 4.205727885 -1.999135441 3.884384565 2.084168787 1.513038847 4.126990220 7.324527770 7.363276897 6.339978459 -2.686279808 3.016994973 -0.456833435 9.147392844 5.809038865 7.915902983 3.200353739 5.111126724 6.879552069 8.985572094 4.558619220
-4.945683924 6.956867985 33.843091789 -0.577772498 0.787559854 0.211113922 -0.036869079 2.393529321 4.533246140 6.887195446 5.174248402 6.395077836 3.920874285 7.413686965 0.262693748 4.248838836 -1.729454451 0.772414622 3.851637389 7.786911183 10.108145452 2.813202190 5.442309248 4.775657832 0.509731470 5.078906619 4.545054773
3.766568796 12.837324245 31.109384985 -0.465184240 -0.194073828 -0.827338589 -0.247890764 2.782453883 1.163162040 5.617153786 6.503359172 5.762751953 -1.174390674 6.628794838 1.012340199 5.193939818 5.251771524 3.101526577 2.226492346 6.421261967 5.714135727 1.052698409 5.319345829 3.555219245 2.131842274 2.916447492 5.665476209
-8.964771930 13.820099532 37.481200398 -0.751967905 0.111660463 0.034375330 0.648763861 7.510722457 9.094475736 2.566807814 11.474836999 4.554705854 0.132425566 3.723302000 5.706082370 5.611397362 5.492978119 -3.206437728 3.574870449 5.865290388 -0.191183616 3.758419097 -1.615654808 1.222458076 5.390698708 0.137702533 6.284716404
-5.250436302 18.315738818 32.556761114 -0.081065517 -0.089099024 0.961238996 -0.248010763 6.857294253 1.995596467 2.836569917 3.025690778 4.584561586 4.619254550 0.619647926 4.507470205 12.240662369 7.419642235 -4.899636282 0.068975033 5.796762602 7.684515237 2.898625150 2.791509082 2.178641200 4.055406520 6.343879728 5.020833487
-12.619007066 13.991854947 34.378626457 -0.685645266 0.122255695 0.692438998 -0.188341042 3.622735121 4.161990652 7.888145112 0.011630650 11.047001636 2.286897380 5.895266495 15.364331098 3.990349071 5.609604073 1.361668431 4.718038987 6.531133666 2.650157831 2.755490464 9.436214964 -2.932089589 3.882508788 8.192799835 4.221173272
-2.524286728 6.128948179 22.206824810 -0.071606236 -0.142677451 -0.436255887 0.885548696 4.426896697 1.127037006 7.446762665 2.900268475 4.844161818 5.089357209 7.675877060 7.424258255 6.890481458 8.183759713 2.319127368 13.922430443 2.566136037 4.797836839 8.761142044 5.240038556 6.425173465 4.604302059 3.037722903 -0.482914331
-2.403659812 8.887181855 27.136553279 -0.405708225 -0.346659410 0.698667948 0.476540856 2.703729240 5.104186388 10.233773184 3.560696582 1.069472136 3.186882784 4.989847271 1.244406793 7.598720212 3.681095157 3.189096311 4.808510910 3.622428437 8.456540707 1.883253123 6.347929771 3.292159919 4.000986607 1.187098015 8.908166702
1.875093976 15.342703834 32.125899503 0.250340847 -0.613924877 0.630618303 -0.403418221 1.410198570 10.112811929 3.054781829 3.394448912 7.003845538 0.479240965 4.097225516 5.382699059 1.488880325 3.126991397 -4.931479166 5.359737381 9.213686024 5.676925210 8.031674639 3.747398913 2.258176783 8.085203797 5.723733222 7.635663526
-2.559424911 17.074341246 34.404985062 0.467066657 -0.220522774 -0.642916948 -0.565576027 2.138007645 5.761331856 8.624392068 0.461948890 1.136777153 0.556445439 5.971424152 4.563451303 2.509887608 0.512938463 0.528129435 4.902380635 0.869968108 6.459564490 6.510360312 5.154802948 1.539823474 4.946646519 4.608443131 8.155445032
-4.315680504 8.416332135 22.660998117 -0.500368448 0.256042423 0.777798277 -0.281253504 8.094644471 2.647185522 3.207861039 2.539970791 1.581053381 6.269970363 2.548012821 3.501252819 -2.554362063 6.662563655 2.583622461 3.973801261 10.180236631 5.192365455 0.925946797 0.172095691 3.833251500 5.490943850 -2.294323749 8.187227569
-11.255249405 15.383800273 35.493713411 -0.141017856 -0.268964274 0.945263463 0.119369884 6.145456961 2.455911570 4.382831760 -1.920870122 3.304124990 8.763706253 0.858194167 1.001356682 1.723655182 2.430819914 2.252773324 2.921589680 3.288590453 2.293118676 3.429400164 7.676632316 5.617427939 12.416868133 2.250050269 -0.882811544
-0.911026979 18.493671544 28.992917752 0.512979158 0.359235074 -0.257468350 0.735875393 2.552850291 2.678866020 4.476370311 4.785531559 3.607483052 3.529996722 3.724193044 6.765327312 4.610336342 3.353064750 5.903736554 8.645592485 2.419059577 -1.455013232 2.659753370 6.205189525 3.589188853 5.920562594 6.870455899 5.101345965
-3.989893768 4.631565236 31.801129527 0.187731791 0.574223908 -0.617829328 0.503299711 2.536189081 1.434405486 4.724007942 0.901136379 -1.437348747 7.522291673 7.229266275 6.370210623 2.250958891 1.015444071 5.516658557 8.054477958 4.038580707 -1.619209504 3.030301940 3.862131219 -0.379984820 4.693135712 2.466306415 5.870684293
2.230575424 11.347717399 27.288938291 -0.853940926 -0.027854972 0.288924110 -0.431893338 1.394539390 -4.044759451 0.173068055 2.073998831 1.622884398 4.152404322 -2.261448648 4.878792697 1.020038109 6.554130288 7.561761195 -0.905368457 4.614763295 -1.093506660 5.431715512 -2.638112847 4.837670290 4.191881075 4.853368232 6.087852676
-0.160958943 18.379003410 24.916957810 0.238160566 0.681907679 -0.063850969 -0.688625091 4.581624226 -0.416859626 8.063884422 -2.123141584 4.556082119 9.779537526 10.145450064 5.766469446 5.408870044 2.115237544 0.741507452 5.238313513 0.079241000 8.178227296 -0.726929041 3.533448686 2.970721415 9.976253429 0.982739936 1.288533876
-8.599202089 14.310533061 24.376550953 -0.071501040 -0.443485846 -0.885662448 0.117515674 4.453164068 3.010221661 0.258053500 -0.238798457 5.400577756 6.312720281 6.750632041 1.456792323 0.539083840 7.975713244 8.009815157 0.152394810 2.753198295 5.003911503 3.940212232 3.218214036 2.730173588 1.163977107 6.816725029 3.129097605
-6.096421224 18.286003641 24.331345356 0.676878863 0.124847902 -0.417613488 0.593166908 1.708882302 0.043761652 3.980552089 1.637844233 0.057198523 1.630113919 3.007461089 7.710795220 3.642257152 4.167188384 7.190690241 8.796759337 1.219744087 1.134454033 5.664168589 2.246264501 1.090457769 3.033599112 1.277671415 6.543992982
1.607034095 8.432192221 23.902568405 0.016454671 0.247127616 -0.686100722 0.684048963 3.094507222 5.401719266 9.747632958 2.825518481 7.825340846 0.602386724 5.578995045 4.638207315 2.242624713 3.533800256 1.163016560 0.144819576 2.202276188 4.104730748 7.437523438 0.146866007 1.843203101 -1.681147784 6.737149392 4.361188422
-2.944401635 10.505957693 21.226355886 0.794890213 -0.413038522 0.069599577 -0.438981352 3.821581001 2.502829820 6.469292331 4.475690191 6.724087273 0.123778017 4.411639601 3.291161805 3.891023070 6.404111739 4.109936841 -3.916991314 -0.595934745 4.195317279 5.449524301 -0.192040935 4.214623438 7.598769204 4.757351561 5.215771521
0.776621727 8.696470476 32.101627742 -0.644731086 0.207902939 -0.424496735 0.600750128 0.357630679 2.144771432 -0.841608101 9.259576990 3.823842817 5.353512068 5.853728087 1.551699286 5.623973633 1.281780163 5.095169915 2.218293920 7.263129389 -0.494000022 0.472938778 4.616870070 -2.326068160 4.590849693 0.028814637 -1.046365704
-10.847573137 8.172854014 34.307782303 0.313766150 -0.163438361 0.598897562 0.718443050 0.886434954 9.858044055 -3.022868788 -4.403143597 5.881272617 2.879232334 6.189719411 6.345399403 0.926143688 4.874249498 6.334501620 3.897675885 2.431198263 4.074029451 4.165033266 1.228412496 0.926756076 1.662693516 -3.146446737 2.123598744
2.811341289 8.918468991 24.715752401 -0.433536137 0.006337427 0.889693521 0.143009416 1.917505796 1.429525847 6.714694352 2.279902730 4.609769381 2.607115701 4.898032030 5.841017248 5.358571859 4.755968957 6.037880964 0.496924556 1.855252804 8.257885260 -1.485528429 7.629852496 8.952159940 4.096567521 4.339829712 6.664653571
-12.553534978 12.700921472 28.416366550 -0.344183252 -0.819881210 0.325630177 -0.321399563 6.602134970 3.388422416 0.278900598 1.784608522 4.037452679 3.940244513 0.908933780 2.852300265 5.244752209 8.507399769 6.129346565 7.009086114 1.603976002 7.858371759 4.312864458 9.753921736 10.751280782 12.403600282 3.148570539 6.554872338
-1.929597162 3.715459800 26.030983226 0.728025933 -0.207961616 0.489625664 0.432431400 11.150588340 6.661169669 6.545348692 7.618082065 -0.321547019 0.516109038 5.612648860 6.752640657 6.469122941 6.092336482 7.767562302 2.326411601 5.785319933 -0.232963226 6.636122702 3.120410811 5.287794068 0.629946450 5.749201494 2.160242457
1.443731295 18.976124104 30.621879678 -0.435423682 0.212713756 -0.750115156 0.449984809 10.103553379 2.255009302 2.914575529 3.260263689 7.557487971 8.274752874 2.450651347 4.472908212 2.662434697 4.443318717 0.178516628 2.454401660 5.253307013 4.120664302 9.435585184 2.459837395 1.904310665 5.500386448 3.213514728 5.753123256
-11.852764735 15.772858963 29.852593350 0.287361391 -0.367629550 -0.015121977 0.884332104 4.533399708 0.491363077 3.746346678 0.761554543 9.986933009 6.403297292 6.729954396 3.711133487 4.257632415 5.395769478 5.251479965 2.407880211 7.115822514 2.632323469 -4.508234045 6.429278175 7.695882910 -3.376239428 6.246694652 4.933337448
-3.890119501 6.029615519 27.352175891 0.567592697 0.071857909 -0.602588886 0.556382608 -0.135224381 6.806245999 5.495280597 4.538774011 0.436504192 5.965281497 5.736589673 -1.532094486 4.096591682 6.795891787 0.910528228 1.826912986 4.917285957 5.451882628 0.824361733 3.267725856 0.424803538 1.009253628 0.252921176 11.178385629
-2.510739171 13.627389532 36.412726037 -0.857676290 -0.232044330 0.088792695 -0.450180705 3.920652310 3.973102464 2.341691674 5.372362912 10.716715511 0.736852685 -1.149609903 4.553438493 1.114097947 1.770945963 2.159635496 6.712683073 2.302110142 5.656906977 -0.599452434 -1.313303757 3.822521966 -1.154873389 1.254311262 4.567742865
-2.994347857 12.079113399 35.613405668 0.017107609 -0.911778879 -0.389250817 0.129809118 4.705516056 7.163179335 4.908511957 7.067356417 3.811614581 1.194580540 4.935629224 3.546853160 4.550091312 8.557912610 3.101004462 5.644747894 4.966676080 -0.905434583 6.580962986 6.414834894 3.975213590 5.230830284 7.505577544 7.902023147
-9.648069767 8.006892974 36.606189915 -0.840786064 -0.181702721 0.330494396 0.388376582 0.748371459 11.118322794 6.210272399 3.531932929 1.642252349 9.600082310 10.357428450 6.153044822 3.723132702 5.339790103 5.066762799 5.719321885 1.515744853 0.493176183 2.696491415 1.175009050 5.952465614 0.226034680 6.799306018 3.344514398
-5.892933848 20.824456885 32.114445792 0.429799262 0.440487764 -0.656015986 -0.436905196 2.783600045 3.845380553 6.555424438 2.580644596 6.255173227 5.921153177 0.590253803 5.122240118 8.750769755 1.730692790 6.658455041 0.828457495 1.332863252 8.481040437 7.037517400 7.126866339 0.418589689 4.764235798 3.192559569 1.504216027
-7.321663782 13.677050175 21.143492245 -0.475941068 -0.571990506 -0.651372192 0.148395515 1.884511471 6.523656608 2.209488590 2.838285698 6.547139943 0.379773360 8.484231617 6.217513060 4.403805222 9.745526706 -1.831720023 4.827810545 8.861339737 2.509722513 1.117130295 1.244884856 3.788876461 5.675202022 6.342610818 4.325697896
1.180141570 14.486052672 30.090171588 0.629540260 -0.716126569 0.106220352 0.282062112 2.445598412 8.107608319 7.132303558 0.877683759 6.803511087 2.640378619 3.843884901 10.621188409 1.159125558 1.554312107 3.995663467 6.794612850 -0.313482548 6.349201231 9.204841782 4.377718600 6.828946883 2.863073736 3.412484458 3.272252152
2.477991765 16.195959117 28.233899367 -0.519452440 -0.029977561 -0.853518014 0.027883849 3.268173053 5.058377463 -1.931880660 3.053538504 4.310070155 4.972688732 1.816229744 4.427990607 2.747636422 -0.805100638 8.040074599 2.377768571 5.022118587 3.199428048 5.824838920 -0.014029599 3.512331473 4.935127198 5.917393404 0.866147136
-1.038381621 8.579682941 36.226160612 0.383377712 0.234072486 -0.543503561 0.709108934 6.501559468 7.726557682 2.603197997 4.576558393 1.557008429 3.386745003 4.072419174 0.453178373 3.830652538 7.793011758 4.625790160 1.899591253 6.521371049 10.337224314 5.445435667 4.225769344 6.382947328 2.662871036 6.184810020 2.464663039
-3.522061446 5.624084678 32.241635474 -0.020330647 0.429566172 -0.749181888 0.503771840 2.198591110 4.572148891 6.841812481 1.696853468 7.111684078 2.452614136 -1.323932406 3.459429029 2.783366951 5.400956402 5.043675643 3.669586339 1.120213728 5.558088127 3.136053538 4.906838101 6.724042156 3.267993061 1.353935671 2.140430045
-5.810406948 13.729229296 38.625370682 0.252797686 -0.417548921 0.405645522 0.772785830 2.603938684 2.388779374 2.639143826 2.793824530 1.949538067 9.357657816 3.163945260 1.828166459 7.068418222 -0.257968479 3.252662894 2.349156602 4.315676151 6.366660242 2.165290638 0.601066052 0.520294935 4.912465125 2.181500164 4.462703418
2.882384776 10.421722238 33.141618002 -0.207110901 -0.018451326 -0.068396570 0.975749216 2.242261663 -2.328368072 10.478008798 3.943988834 4.730871856 4.261184152 3.094824465 3.389757150 1.168464085 6.148407348 -0.653225482 5.642415182 4.810446519 8.708771050 3.310465626 3.320328754 6.303699117 0.582034294 11.058825248 7.415775136
-10.005830191 4.673989337 26.746908165 -0.606506862 0.587922888 -0.152454370 -0.513082614 4.391623712 3.264872206 -1.373740920 1.228352050 7.077914966 3.519420360 0.717565098 3.281349906 7.116393155 3.573236806 1.856239815 1.277495058 -0.165810376 2.499529249 5.900819976 0.319420385 4.153401510 5.498065905 0.438862813 4.904896865
-0.364460894 4.678633408 27.652173312 0.062001520 -0.548600637 -0.397651259 0.732848299 -0.905114092 3.320305050 7.012160890 5.400486488 7.661829115 -0.134444701 3.360117123 3.696680404 1.593110290 -0.390644086 0.478253426 3.516946574 9.608364379 2.564045008 2.879462430 4.485527692 5.087477734 6.119765651 1.966082062 -0.155470711
-2.985678526 18.782611473 25.339260075 0.778952298 0.460696543 0.004247931 -0.425410353 6.449477639 3.008395109 10.658164186 0.180645722 6.725443609 7.683212669 5.932635052 0.843316604 2.519577110 6.634458601 4.078278392 3.386228453 4.130634299 8.271281996 3.770694610 11.372855786 10.520222351 4.571632079 1.655520258 4.405860802
1.536004131 9.276219797 36.894770422 -0.776594731 0.379009868 0.080361373 -0.496783849 7.862992279 2.631310939 4.298115299 7.171489447 4.172540316 5.689562316 2.430837757 5.256803036 4.532986248 5.090001624 3.265978034 1.317050181 4.326529789 3.968274287 1.069553913 3.643046541 4.864055397 4.479335847 -1.394146268 -0.163306722
-13.452405878 13.568105717 26.053560806 0.679937233 0.080913989 -0.418215149 0.596853730 6.549320164 4.200743963 6.429115966 3.959230187 3.200511680 2.466245637 0.992600418 3.419114661 5.633102565 4.989816810 -3.637978768 3.567048868 2.361564332 3.909083265 8.463849800 0.402311401 4.652275642 7.975667218 10.465286568 5.726168535
-3.450062766 14.302375897 32.645170051 0.348597473 -0.244371539 0.460400633 -0.778969582 8.064631030 3.427416340 -1.894473836 -2.398970066 1.898548513 3.390377642 4.249279856 6.001159112 3.630064208 1.462293906 1.289946699 2.623236967 -1.780276751 5.865185418 5.166173518 9.176499459 0.231028422 2.746698805 12.284008456 6.152545883
-3.482700653 17.476946760 31.013352386 0.539024320 0.087778901 -0.836131757 -0.051296510 1.058312410 0.037629802 2.181446463 1.097689444 8.366400983 3.909628184 -2.831236735 -2.310692451 1.794713826 5.444573801 7.302438714 1.842624966 4.281662093 0.035679677 4.271537002 1.761377942 2.222163051 4.666411921 4.623378311 1.250789109
-7.522028799 9.030045067 23.266909458 0.210831137 -0.834033158 -0.504471413 0.073807290 4.343640877 -0.284827682 0.228729540 2.337590722 1.128582956 -3.019659969 4.259014619 4.811493744 3.340836651 5.837368858 7.018252472 8.257314652 5.276638872 4.622752835 2.958393244 5.256050994 4.532483902 3.857225553 7.942885436 7.459146573
-12.456901571 5.726335282 31.809649317 0.399996311 -0.559877112 0.257635463 0.678354287 4.822874982 4.109792991 7.675811966 -0.003179698 2.521981550 4.550360091 6.482544045 0.833117483 2.727871664 -1.589428546 2.984271341 5.314659962 3.515791542 5.279590726 1.065874448 5.158815019 3.695164389 4.760849181 6.073802265 5.468792676
-7.772878710 11.339053340 24.055580523 -0.049725886 0.699394965 -0.443080179 0.558617914 6.145415370 3.860108220 7.191171534 3.203304485 3.586101497 5.131419094 5.562126088 3.433761829 6.256808729 4.232729533 0.638089805 0.578036407 5.837828194 1.928052664 -0.785000758 8.051498366 4.120207403 2.142272171 6.374699165 5.747785956
-6.433506728 11.550203679 33.738353652 0.019703460 0.978470127 0.185685287 -0.087914494 3.848775041 4.906351769 4.611528681 7.792299599 2.207316803 7.581324533 4.415301895 6.411255621 1.373456819 8.461137760 3.260266055 6.561853652 0.012269272 -2.588922562 6.161139454 5.346934277 5.974869143 -0.299789757 4.715421975 -0.425409728
-5.437239101 2.188713738 29.854675487 0.522637065 -0.351049310 -0.752848618 -0.191921437 5.120444293 5.717707475 -0.229483608 3.005549687 9.302245889 2.850258390 5.564761639 6.349446022 3.758087375 6.597047298 5.643017020 0.099647381 4.939405631 8.947923306 -1.390206567 2.844154811 8.354115220 4.603014859 5.960668513 5.830352573
-4.157692581 12.275461947 37.081057164 0.118026828 0.622634523 -0.738071696 -0.231616256 3.355418151 5.433929612 3.084835398 2.546521792 -0.864884636 -0.248068962 6.749404350 2.191062857 3.624153613 5.640392577 6.671948027 3.276587469 3.763436515 -0.333561385 5.641731319 0.799771898 5.767811464 5.599264007 4.589592019 2.642360899
-0.764687040 19.420397187 26.407420614 0.667117046 0.702239007 -0.230586925 -0.092977923 4.299095972 1.972754148 5.359076157 3.890286422 6.944519470 8.015181291 4.709056626 3.145184450 -0.587458993 6.954955014 0.883272726 1.827815911 6.487392169 4.515970288 6.661198799 7.254643649 7.112754763 3.166025399 2.716022936 5.437240787
-5.518316025 13.920267341 36.705726140 -0.161265977 -0.863774152 0.475183324 -0.045698017 2.490957897 -0.863133769 5.384233928 0.338643555 3.243646979 -1.803613456 6.888523098 5.976383687 7.613968754 7.792662729 3.561342864 2.626803166 1.319840164 1.152143965 3.365535299 3.970591559 0.992889853 4.080961695 5.268289302 8.487714709
-2.708432337 14.725187182 26.916758197 0.657410031 0.386685075 0.175717544 0.622422725 5.169353749 8.551463667 4.985038664 0.400275104 1.897296586 4.938167800 8.386031983 8.599409714 8.916039678 5.632816405 4.628850416 2.495054853 2.511865888 -0.079749053 -3.979363085 1.613791896 0.493565346 4.748821884 2.083691039 -0.672045637
-3.236846884 9.150776083 21.353300471 0.712901164 0.593848747 -0.125711521 0.351158382 5.294504062 5.629368588 2.820813905 7.887967203 5.751111263 6.650698327 3.676883758 8.659973924 1.076088556 7.202596928 3.640019653 5.917639802 1.110272547 6.184187122 3.895638495 -0.291582353 1.908731449 4.836409097 4.327516033 6.188743284
3.145187759 7.900914797 31.974851631 0.731984419 0.522326419 -0.376529517 0.222709331 3.831469319 3.848133855 4.396283772 0.517801780 4.608765768 4.575028129 4.487347300 8.630042946 4.097756279 4.898724598 5.645231821 3.205627401 6.618905793 4.540211552 0.369679716 0.031305444 2.063557056 2.178260291 7.576750305 6.005949699
-11.922916462 8.123212700 26.675704206 -0.957467906 0.001819533 -0.104625142 0.268896781 7.704248621 3.978156627 4.824925819 4.571286315 3.340246662 5.564442094 4.920244082 8.926192409 7.553819728 2.703666237 -1.397121297 0.801996750 4.656241899 4.648032940 9.989659171 5.961439925 -1.048091700 1.719181205 2.630195769 5.828956561
-12.420983327 8.979557657 26.382542024 0.738275172 -0.644124615 -0.156053180 -0.125302256 4.860610992 6.713495669 5.402458081 0.231317448 1.206950312 2.333475477 -0.125563127 4.100777077 2.325087980 2.142709842 2.658698932 8.599905548 3.950895467 2.276232144 2.709632563 7.764861580 0.766338739 4.439333583 5.564252166 6.754454549
-2.270201517 9.426515944 29.177754447 -0.131199760 -0.502546446 -0.545229795 0.657995565 3.732097995 3.896616403 4.684205102 0.475312202 4.768765599 1.715756299 3.153239857 -1.978315351 3.400713381 5.306470102 7.052011045 2.609075173 1.781021183 3.118703303 3.220846190 4.352171127 5.244503637 8.356507852 5.796893311 7.418586362
-7.892432836 14.001848589 24.827459234 0.254330030 0.709973315 0.274638658 -0.596512980 4.628235025 3.659740908 3.682121864 0.230150585 3.378231822 4.943790112 6.284943036 5.240245621 5.454898133 6.744190036 4.682011596 6.047288323 -2.869780535 7.888542402 3.701655807 7.327320374 9.362662294 -2.102649955 2.180850329 5.579511646
-8.671810212 3.482488185 30.439761687 -0.486034347 -0.349982610 -0.784225710 -0.162088932 3.295935700 5.576044673 4.688708953 0.743680608 -0.731484935 5.900221336 8.008668968 3.384769754 7.154829571 4.329295436 2.277683155 4.015220500 8.778453738 4.571497983 -0.823291688 6.992222111 2.456976911 4.084651674 4.435954284 -0.178955719
-6.300708156 14.782640215 26.252166562 0.912595998 0.359947516 0.153993142 -0.117866201 5.100586277 3.440313622 5.431114457 -1.222529513 7.351174221 5.722640516 0.152493414 -0.235907997 0.427666214 2.926954260 5.295759849 3.053189924 4.429466319 6.200019106 0.487415764 5.760093981 4.754998746 -3.287036554 2.303449003 3.588667674
-4.949072471 9.653925589 35.236101310 0.584608780 0.121184569 0.730227461 0.332136612 2.397325365 5.629476493 1.170751990 5.838205428 0.624258078 8.306280302 2.516709532 0.157887284 1.225064384 8.613341595 -0.451430154 4.866821437 -3.062887526 3.558014728 0.054925611 7.082922765 4.173059760 6.227918302 6.765846173 4.715101359
1.053353864 18.318257335 30.835413632 0.653308420 0.494152954 0.121251540 -0.560623787 0.673365592 -0.049801328 4.661790490 0.528157603 5.183503432 7.270050052 5.536005058 8.169902351 7.507674009 11.744436656 8.335424287 6.884108509 1.490960243 6.617726194 3.552199345 8.072678515 2.411341087 7.433732950 4.108335324 -1.256929926
-6.879014255 5.527216478 22.936890714 0.663973404 -0.002027105 -0.656222904 0.358478325 5.557689743 1.148222422 -1.250700061 4.691606083 5.104256025 2.295025270 5.610164939 -0.156360428 3.835684615 5.903554046 3.457929608 3.874813597 2.671899933 6.275413797 4.646810963 -3.606943066 -0.797879451 4.799504956 2.549331579 7.245371815
-0.966972315 9.215217095 31.815787373 -0.564851939 0.405453299 0.632956520 0.340464321 0.541559392 7.394828224 1.885446869 3.285860925 3.777957374 -1.194181766 2.912725539 6.771142809 3.695225747 -0.593347981 3.116030701 6.377770021 5.398989767 6.142401083 2.728203998 5.280784792 4.150316693 6.018641504 5.722929513 2.442342814
-3.339457425 10.853862168 27.829885987 0.160725003 0.314939497 -0.293620112 -0.888126014 7.367776015 6.016014604 1.611272337 7.406131557 4.621828311 2.871438854 3.333893182 3.409334593 3.871968226 6.880396495 2.533126420 5.700228437 4.297843341 2.994959096 2.256197214 4.814695046 3.591342699 2.771982834 2.883111501 2.097906148
-7.211955711 10.812529601 36.872366843 0.668121624 -0.529549576 0.521594723 -0.033610826 6.192113714 7.665219322 6.652363195 5.161487582 7.248130248 1.405940818 5.864698328 5.372940800 0.407778664 3.006203400 1.801660170 5.021219212 7.798995821 -1.402647802 0.545592487 5.946525849 4.571007537 9.434063091 8.093649190 3.821275046
2.638031011 10.004225892 34.611063888 -0.364196015 -0.846278402 -0.250903586 0.297021074 9.614733396 3.573093645 -5.103514510 2.519645781 9.372286197 7.952712658 3.411124834 4.884753337 5.274448032 5.551308195 5.053825806 3.660386185 2.310124899 3.403659798 3.973957034 -1.456738883 5.084721231 2.984266269 -0.814113500 6.759403261
-6.178106720 5.003209756 25.721458577 -0.197439375 0.442915777 -0.508925183 -0.711223218 2.132744385 0.609168888 3.843181959 4.447986112 3.512944321 4.337210072 0.097753465 2.517035726 0.533128260 -3.127862416 2.434394761 4.065795280 5.989931328 1.301697224 2.145087120 5.782501850 11.662872011 7.019653596 2.097360300 2.196926613
-7.320077857 12.135950352 31.886230235 0.019508874 0.558326326 -0.704373757 -0.437891228 5.662884263 9.714291968 7.722691205 1.655140617 -1.700501402 9.354453006 3.383801909 6.808290308 -0.789584989 0.446525926 4.473851982 4.041354354 2.368945834 6.541922012 7.444504918 5.498944275 0.331091080 4.518848784 3.223281535 2.519287051
-7.801505638 8.802212253 38.496388138 0.403215264 0.063341617 -0.866190807 -0.288303272 1.007242787 4.237675536 4.361618449 6.173433121 2.097183790 3.363041372 7.307995496 3.470103189 2.929607245 5.053595126 0.767218658 3.645262940 4.145118306 -0.207821180 6.170281399 3.307739612 2.739985397 1.326147328 0.661058347 9.107938808
2.894120602 7.751261251 33.923031480 0.037824977 0.902967618 -0.352150729 0.243328207 4.939398578 1.467800957 5.978295437 5.132492171 3.901985646 4.529417157 4.467150328 2.221815196 7.786386198 3.954785620 3.433521704 7.550844504 2.365135492 5.100851561 3.170553473 2.590187110 3.366277166 7.682469638 5.645370779 2.140006980
-9.467010863 12.054784503 22.939254612 -0.638238293 -0.061499946 -0.625146970 -0.445040339 2.679573092 2.494906032 2.248542061 6.772999124 2.709717591 7.852320227 8.368681987 5.249400315 5.989899127 5.352384374 4.008962913 1.570168442 6.265193986 1.681029293 8.005624727 7.031197172 2.998880837 5.931035082 -0.008364609 6.589589171
-6.293379525 7.336019987 21.004819374 0.161841354 0.515396526 0.418164013 0.730282586 4.180864442 6.506382621 4.000988756 4.874811370 6.401127186 4.536778889 1.044701223 3.360058372 2.266215389 8.769141455 3.768297118 8.276066466 0.240701013 4.141748295 8.205004397 4.391812607 6.416415810 6.963454013 4.334867869 9.355718798
-3.402527723 4.731720079 25.606780515 -0.712911105 -0.106459534 0.655714664 0.224638385 2.046721757 5.285634157 9.495382690 4.964359185 4.357595745 3.120430908 7.183986375 1.149404368 2.579882810 3.104588451 3.014861020 4.211436179 5.071234632 -0.167637435 5.605105153 4.371678738 3.448276319 4.481838355 10.133466392 1.662782072
-7.780850079 17.715183050 36.677487990 -0.497227975 0.537520822 0.436006274 -0.523196173 0.670347619 3.892379414 -2.648183823 2.408305020 6.859891301 5.289998123 3.639086277 4.241943929 7.475932444 5.664685697 0.549043885 0.731385637 -1.227371787 1.264373901 2.224277782 -0.817468547 6.180024457 0.228261570 5.864980337 0.958120457
-5.786307033 7.612485028 31.772682464 0.587277427 0.309302386 0.419274939 -0.619391462 7.373981383 5.591782911 7.402002298 0.982428724 10.295819606 1.803693243 3.367312752 6.076899172 6.609722787 1.910853846 6.456791616 3.454609577 2.909493543 3.954008489 8.739588037 -1.505114830 5.940606675 6.623807273 6.686762663 1.160337587
-11.013705883 7.794571218 30.998083720 0.441378013 0.847064829 -0.198813427 -0.219407944 10.090819415 3.241802010 4.990324863 -1.130230847 3.206981562 5.936014954 2.128314096 8.692837699 3.340452847 -0.584548262 3.796065470 1.549209886 7.268749661 5.586222431 3.214747720 3.701476725 0.254993980 2.253557912 1.999076671 5.344762326
-1.597092491 9.615113532 23.803256524 -0.141650218 0.892908740 -0.275761955 -0.326503508 3.330252120 8.216400791 3.213169776 -1.289140234 5.138917097 2.533831658 1.185559048 3.556834595 6.336924990 5.318353946 0.371977589 4.038538631 5.961443964 4.547719729 7.039701399 4.861720128 2.361696654 0.623457819 1.768362774 4.163054279
-3.917705049 9.849914645 24.068341702 0.417321702 -0.346463191 0.719118945 -0.434365971 4.707315874 -0.361228546 6.093212354 2.213651276 0.260219667 3.477812128 2.865146485 8.086621415 7.101775554 2.498697905 -1.688810598 5.922694617 -1.074743083 3.940708475 8.281746188 3.870546678 -3.026875406 1.341197901 1.994032721 2.628512702
-4.748663195 7.241517305 34.868905051 -0.676534767 -0.732417749 0.029623056 0.070621697 1.021116869 0.926161202 2.930975045 2.283159384 2.089335020 6.330372543 6.768110802 8.884613065 4.535243288 3.911170399 0.944438871 4.851810218 -6.297938639 2.920704336 5.640278320 3.776755611 5.742961936 6.689449685 11.283045744 7.420840129
-5.533821884 15.152780461 21.157413320 0.893131101 -0.016728632 -0.442746893 -0.077538233 0.903405697 3.949235682 1.280369914 11.280568449 -0.535138289 6.045825945 4.089994251 1.776663828 2.378703853 0.882547127 2.274208975 6.251546214 7.780791939 5.142322828 -2.279328227 11.439808244 2.873838047 6.566572760 4.533715911 -1.668382547
-5.469692635 8.982037297 34.306236981 -0.640833681 0.582045179 0.054161235 -0.497616482 -2.256835844 3.418023190 2.969391206 2.669952098 4.285626626 12.271051414 3.958562126 5.262859095 9.149458187 2.676167727 -2.069089494 4.244212180 7.131593578 5.322735232 -1.530471979 5.650389855 0.684427970 4.564504522 3.109357426 6.457095706
1.526358683 6.430742982 30.803419674 -0.255991258 -0.501346051 -0.571093501 -0.597472029 -1.500719302 0.570220353 -0.451067045 1.758321757 5.566719469 1.892439577 9.944465183 -0.130871684 9.505968029 2.769503847 4.377772003 1.044932569 4.718629073 5.409192507 6.983947273 3.637564697 6.459878724 -0.556421878 8.934177842 4.823986751
-2.592553025 15.281920228 21.447469867 0.308388814 0.605253505 0.351092879 -0.644436440 3.995889545 1.113784849 4.219534180 -1.684840698 -1.561539491 13.473645256 1.614348240 7.168659812 -2.631603142 10.749608492 4.713997843 5.083290198 3.033004289 7.116563972 4.643341274 -0.984398066 10.426023485 2.451192362 5.614757834 7.805524057
