-6.951764160 3.090869947 -16.781446032 -0.105840692 -0.484936911 0.599743027 -0.627648183 0.826761319 5.151959723 0.900369918 1.749798174 10.362416251 6.127566590 1.807906375 -4.783678168 1.777682738 -0.081217487 2.975439897 0.352934583 3.882267861 2.390394520 5.430418695 -3.305479811 7.670151656 1.948309239 0.790476766 4.006451113
-1.536564951 1.096234218 -9.284483156 -0.358805949 -0.497777677 -0.736352110 0.285063581 0.332797654 3.672347321 4.892651494 5.179767214 6.043760137 -0.545168047 5.993433340 6.067546776 3.575090607 0.280859540 4.122053374 4.024748465 0.698278497 7.675538845 2.250605412 10.130664480 5.608309958 9.026065111 7.156800316 1.379086798
-1.796538561 -5.202136011 -5.980802067 -0.274174009 -0.810486598 -0.467085458 0.223094737 3.533432144 3.939837103 -3.955859160 1.125979370 3.894824889 5.069800203 5.025484002 3.244342423 -2.342511049 7.729981843 3.334570378 2.306962091 3.483817238 8.477677803 7.484621324 1.818317164 0.581518010 -0.954181712 3.232131152 7.452393114
-4.258802114 7.625384150 -3.870182238 -0.525762235 0.041557584 -0.845489079 -0.083637653 1.685184151 8.020666723 2.988708954 7.075303294 0.218482554 4.866843266 3.691735765 3.585508584 3.038724239 6.027532755 4.966586750 1.445680364 2.216211798 1.334021148 4.741849412 -0.474955940 9.431725652 5.608021647 0.541638084 2.987877597
-12.022114005 3.801932970 -7.845893574 -0.784522688 0.186614122 0.553103631 -0.209226420 3.572770489 -3.360355146 6.981934144 -1.911920279 0.524435828 4.220206004 3.036188988 0.234906048 5.302918052 4.318833168 3.985281641 7.476948939 2.996100320 3.002499774 1.159955936 1.145284669 6.233821942 3.290888438 4.258652957 0.580758583
-4.813356898 -4.293296933 -16.372825681 -0.302466905 0.610810364 -0.555807916 0.475922296 1.999344878 1.697197036 4.505272671 6.057981073 5.369727935 9.050224569 5.293433744 -2.230244574 7.625427482 3.010559509 3.688098083 4.736107290 6.223876973 3.825391667 4.239327435 -0.551790982 2.667826693 4.460282482 1.273345423 -0.119132123
-6.262894371 0.842955826 -10.162227680 -0.373520573 0.208313183 -0.428766625 -0.795768296 7.420680426 3.495592240 6.621815185 2.415333376 6.693106860 2.470080594 1.451400597 5.350156694 2.939788092 0.835540136 2.377371959 -0.009088023 4.385113577 6.051110180 8.381400511 7.215250604 1.271994590 -0.840998916 5.377048712 5.139230324
-5.082831465 3.992017807 -18.782694512 0.719860526 -0.451506855 0.332746256 -0.408928249 4.704856882 3.232063122 8.992103965 4.507744508 -1.494875418 1.724979170 7.296315691 14.017633947 -0.773701977 9.067431423 -1.634106748 4.844348475 3.087429762 0.477455785 9.092917542 3.061716695 4.581118144 3.430963164 -1.915816783 2.912209776
-1.778837443 -3.455658959 -7.177328436 -0.884285660 -0.155960722 -0.086700689 -0.431506796 5.109963933 -1.660474329 2.257773014 8.814733252 4.507088902 7.379770103 2.773698996 -1.650997426 -3.916276421 5.548878212 0.282394385 0.841055921 2.658763322 1.820815669 -0.364423232 3.566533191 6.502572596 3.243899201 1.817020937 6.264673984
-4.747795257 3.163022278 -2.176789578 -0.235809453 0.215334879 -0.938641307 0.130296927 6.417768043 9.547000249 6.343840641 3.771093666 2.804710958 5.990576473 -0.162495527 3.307747694 6.514769798 2.538349084 1.197969747 4.008139954 4.642908495 6.031449502 11.181497477 5.665745380 9.532423049 1.882677660 0.973160064 4.388406172
-4.265424468 2.274225764 -14.212309293 0.889813079 -0.311562613 0.020139766 0.332799960 4.546564246 0.719769721 0.870779199 0.957448660 0.060960562 -4.650996427 3.956241622 6.125007622 1.943082831 5.401131527 11.016566661 1.845497637 4.650488345 3.360517247 3.390325845 1.862421671 5.599970628 3.640641600 2.332154194 6.821930916
-7.977420719 -0.731349868 -1.478620220 -0.869407148 0.022254922 0.434764128 0.233700840 6.409603501 8.001378034 4.352594378 5.326731616 -0.322733086 -3.858345845 5.757343221 4.625681833 4.648317472 5.156280627 5.558772274 3.455213817 9.799583787 5.113089006 4.651801226 -0.297506331 2.412425979 1.918642567 5.339006916 5.606890019
-10.852091291 3.938616959 -8.980689287 0.742795013 0.334868783 0.215401299 -0.538257139 1.640187728 6.839950521 3.895081571 3.789144773 5.186695183 2.508743817 -4.678977387 2.131323754 6.274449525 5.079187827 3.027848253 0.479893352 9.073481745 3.047849008 1.506148534 -1.043567019 -0.667512096 3.288368053 2.340406062 7.803513596
-3.516244803 1.647077528 -11.800653117 0.397215932 0.449457984 -0.773311905 0.205415973 6.948531181 6.577591067 7.408865329 8.448310523 6.281376213 5.437247355 5.647481518 7.073221940 7.625503690 1.703268571 -0.244826588 4.846361753 1.761905123 5.867791272 -0.879514007 -0.864089925 4.478273956 6.054576926 7.595556273 4.715042056
-10.226052505 6.903501798 -8.359130729 0.286303063 -0.735587259 -0.147552230 0.595961643 11.173644443 1.322482130 3.872895540 2.387941817 -0.060264641 1.287780699 8.571589138 -2.364901346 5.720642454 6.597485056 11.249992441 2.397184543 1.640041173 6.832799623 5.455381942 10.183194521 1.184918311 9.639375140 0.754615355 1.962405736
-8.012545358 2.344751258 -1.326452797 0.105666062 -0.420231451 -0.490731721 -0.755924989 -5.675005364 4.247358813 3.017801039 -0.675562392 3.992654407 -0.723827121 5.401015006 6.369459150 4.049499903 2.444221407 2.059043767 1.317407523 7.978922741 2.095542712 3.749438984 8.981468569 5.579121958 5.110114580 1.261712843 2.728573060
-4.483700288 -3.473557725 -8.144112193 -0.356668245 -0.006537492 0.301238881 0.884307730 9.888384795 2.515147368 -0.427742651 0.542867640 0.851061846 2.900737416 6.323073794 0.915273935 0.360761659 6.275178513 0.032556907 8.483275073 3.385026519 6.133498594 6.056217932 7.570578267 4.598536447 5.132912699 9.039352956 8.011866274
-7.480665127 7.695712433 -3.795827436 0.147393091 -0.623433551 -0.336685197 0.690107936 5.230589859 7.224886588 2.266701126 2.909026609 5.234327591 10.264312403 7.207007708 10.045171549 7.831376221 3.171044912 4.242972811 3.511481672 5.484532394 0.747153224 2.611908559 2.776450395 1.682778775 -1.243407078 -0.925832572 2.278591239
-9.307011919 -1.956338655 -5.592816044 -0.125965963 -0.425589257 0.188167032 0.876127575 1.295829957 8.090109626 3.121169546 2.308041698 8.276954445 6.091084191 4.429869342 6.221206749 3.523676116 2.906070554 6.587787122 12.231585751 4.776262647 6.704754214 4.953338383 1.108265809 5.976946747 1.475655461 1.939106717 8.093250874
-9.198166257 -2.601639866 -8.950098743 0.338396927 -0.938672708 -0.064540495 -0.014683068 4.657565178 7.604282028 5.310188007 4.080190016 -0.688640452 2.166952761 4.136280915 0.457342698 4.345880746 2.512429160 0.761814735 6.399709242 7.037456002 9.593232714 5.273566549 -1.438630197 5.503511220 1.582784983 6.570981893 5.630291252
-10.471091540 2.123746601 -13.740852886 0.190684711 -0.616345024 -0.570796232 -0.507887600 3.247601367 0.306646342 2.316683462 8.351015805 3.244032807 4.580081499 2.892461865 4.572613932 3.675058405 7.024207023 4.097399746 1.848530519 6.638073671 4.656122122 5.139439760 2.768411291 5.019830131 3.399995385 4.332110753 5.885665269
-4.571147754 1.344571243 -15.602579856 -0.022580679 0.548497357 -0.572568431 -0.608938547 2.205129647 2.419525440 2.326482352 5.902095018 3.441968572 -1.246613507 3.393963768 3.116339201 8.903387918 9.486567240 5.225860382 3.806403141 5.694898345 1.124608016 4.629716920 2.794351094 1.768536569 3.115831265 6.412527201 3.132559138
-2.479133614 6.300797978 -12.900444731 0.335472389 0.188641060 0.589781245 0.709951343 3.694465553 5.399123809 -0.696664876 7.457019204 0.531847112 0.635319511 6.597047883 2.385039628 2.216589383 1.793038144 10.060665253 3.991634823 3.603207384 1.740778811 3.875162287 0.238577562 0.922170551 5.612629532 2.142502001 5.320261311
-11.586738979 -4.757713532 -11.584291271 -0.274672066 -0.860591014 -0.065255518 0.423886872 9.232326473 8.821098102 1.149104959 4.681016060 7.233178921 5.458923923 4.405674094 5.637288040 -0.041411110 6.422664453 7.421953545 2.379664052 3.362400465 1.584061103 3.264679007 4.100395747 4.467753442 3.922475587 5.894455661 2.620275447
-4.827244154 -0.207271685 -1.616025937 -0.666869085 0.699630827 0.251556162 -0.050217791 4.004042600 9.593669481 4.992989320 -0.824052233 2.583265154 0.472013021 4.043255668 5.304755967 6.847597379 1.618089615 4.771622234 0.698137903 4.309160293 0.970727293 4.055027036 4.548210975 0.786727691 9.072378643 5.762747951 7.873401069
-5.201353562 3.163721000 -19.830386706 0.487144146 -0.850007357 -0.200171162 -0.010467988 2.265135885 5.907942973 6.994247345 8.663233919 3.271438649 8.222748775 3.511735282 0.519885471 5.463142093 1.316560402 -1.238621907 1.244047688 3.483247486 8.752692014 4.725534420 3.651095222 -3.494178394 0.349841897 5.482738982 8.285085120
-5.437412989 3.775662611 -18.729033794 0.340773620 -0.894831511 -0.164815933 -0.236612796 6.585788240 8.762147747 6.623692416 12.525294521 9.370983357 1.789942366 2.546785008 4.241323807 0.814959064 6.108191816 3.545456976 0.595875935 -0.475204235 2.394123437 6.033030982 2.729052859 -0.483251072 3.992184529 1.100024280 2.261939543
-0.707466325 4.402479524 -10.723528709 -0.815747056 0.352231837 -0.202390142 -0.411737422 7.782341393 2.533693690 6.547935741 8.171116853 9.646294107 6.398159273 6.533445762 1.554213437 5.602995567 4.258731462 5.372726861 7.301612717 8.085244383 4.395819037 -0.481821069 0.374606689 -2.308269814 6.028327976 4.649524188 1.887180010
-3.379974747 -1.348818760 -15.688653757 0.935643666 0.136372683 -0.323997366 0.031609009 3.781424178 6.126992821 2.500714824 3.796876390 2.872091508 5.402180862 8.577508196 6.182754918 4.831863527 7.112150947 4.869721540 2.786524217 6.705142224 8.872425298 -3.081096666 -2.001836959 3.551167646 -2.113009827 2.599037703 8.795442233
-10.694419136 3.612555922 -1.920220961 0.604470978 0.745358464 -0.270891466 0.075322051 -1.466528432 -3.817687359 0.029776699 4.124817527 5.129726992 3.585724313 8.297781169 4.271982890 7.346478370 2.650943878 4.364022441 2.176917918 7.355135030 8.445065265 6.608413370 6.873702162 7.131046885 6.450285388 7.766744205 3.652116684
-2.299219089 3.756113099 -13.856100361 -0.309700073 0.927261324 0.088369934 -0.190953020 5.898355541 4.326532560 2.025248904 1.759502658 2.603909246 6.451779284 7.369156439 5.811223566 -1.422643415 3.496804482 7.496836487 4.927250327 4.567402378 7.042893773 5.921273742 -0.831267039 5.728223488 -0.511414458 5.417960910 2.477051958
-6.139582467 1.880681174 -10.234935878 0.338187626 0.727744169 0.442385581 0.400390499 6.436889571 5.349989674 3.640508809 5.242158908 6.231283506 9.216637560 4.394479103 6.728658174 4.452768195 3.122899051 6.888401197 0.731476169 1.784145794 2.208858781 9.039305639 6.743309426 2.538418684 1.586075080 -2.244663379 9.439077806
-2.877988724 -3.366935111 -9.498706853 -0.425133753 0.136671130 -0.088144426 0.890400390 -0.764276232 1.950197656 6.244361160 3.139464777 5.029351653 5.429030105 3.796640656 4.949014453 1.050348003 8.536981505 9.288567182 8.202576964 6.039804500 4.513865353 5.878425382 4.700016503 1.828305271 8.898062723 2.186379416 4.349909382
-4.743703184 -0.621391856 -3.230382833 0.761568620 0.366026692 -0.534085652 -0.028110747 -0.683531443 4.384427682 3.658136437 -3.783435904 12.075494717 3.701926793 9.794153772 10.467217152 5.126108384 5.648928424 4.236398326 2.318262965 2.749332345 3.247270854 5.157012434 5.324691191 4.998768727 1.715907610 4.360758216 4.635072265
-12.852658828 1.504654458 -17.467809002 -0.631930277 -0.059029876 0.076082023 0.769019587 5.443700189 4.649732834 -3.599082447 7.153110783 6.345238100 8.361027938 -1.332080374 4.720286138 8.254265268 3.639750132 2.850038198 5.421388486 4.868771982 2.860319541 3.990502024 7.271225349 7.333342835 5.245094478 6.666231569 7.617472469
-9.333997580 6.916872976 -10.844574683 0.106062422 -0.124806446 0.161081323 -0.973255835 1.724481409 2.699525305 -0.429145092 7.718644318 2.564401883 7.195678818 -0.965312834 10.810435172 -0.060628502 2.675648879 3.536207100 7.554305479 8.101744008 3.817925150 11.675840755 1.899316676 12.548076079 2.081892859 7.417491034 7.983047815
-7.302549656 3.576598574 -19.770439333 -0.075031387 0.736845148 -0.661906530 -0.115365790 9.216916865 2.130694744 1.205583749 3.932227332 6.339338774 9.324983576 9.666449632 3.084832160 6.637761833 2.092496775 5.191556114 4.826719654 3.652930030 1.998639560 0.814132154 -1.145354941 0.683197705 -0.521148051 0.278324339 5.039779097
-0.193696662 -2.675932748 -13.396315757 -0.008117895 -0.596545223 0.029897032 0.801981337 5.529734543 5.298868641 -3.966903625 3.518060142 7.656253884 -1.536300848 2.385205343 10.152817668 4.944450116 1.405021934 7.316579698 2.324762150 4.929134141 6.077039556 7.441487723 2.385268858 4.037588960 4.015985813 1.246578981 4.902850229
-13.221164486 -4.352773959 -6.358043589 0.591674353 0.222211070 0.501485110 0.590809940 5.472907634 4.816986610 2.371624886 2.042751171 2.242875107 1.094096736 1.790645287 0.666447292 8.546598984 8.180260974 1.502041982 3.828829318 6.101946996 8.976347264 6.296462675 0.989025246 5.038487855 6.794122724 4.758529996 0.453271603
-9.936714210 9.521600560 -5.879887235 -0.394438042 -0.843189660 0.324371313 0.168027020 1.516819523 -0.541211037 1.306019399 1.052418845 4.611480113 4.306926212 2.105606287 0.118945285 -0.366539503 4.551429347 6.141556943 4.569093923 6.970606704 4.066794123 10.468644292 11.420216051 9.153962349 1.127628882 4.349950460 3.687495770
-3.444937191 -4.932259580 -10.336329407 0.512477944 -0.685873924 -0.318831680 0.406558332 9.341373506 3.689289900 -0.076077099 7.499954914 3.091953566 5.323876734 5.492379939 4.784799073 3.208596176 2.005002745 2.973509010 3.862433960 5.195216229 8.627371141 3.794559462 1.556169153 0.208441602 10.406342510 6.688904104 4.720798627
-1.527554837 -6.213886461 -12.858333261 0.525598554 0.797079918 -0.282221694 -0.093598500 2.151324709 7.172286297 3.277621207 4.878302032 6.333731833 0.340871576 8.165441006 -3.254014743 4.835573782 -1.365598531 4.803808888 -1.617186193 -0.243363413 2.174306327 2.934099354 4.897924260 1.587579134 -1.845726189 2.079238543 2.260734040
-16.301792797 2.083647351 -8.566957908 0.035584649 0.257849916 -0.860317250 -0.438293718 1.353539804 5.854221214 4.052449736 7.636125692 -1.744301118 5.079908206 1.595690890 -0.025754696 11.225993211 2.241851840 7.161075347 5.329148370 -0.129712026 4.729684928 -0.083759681 1.155428375 3.472966442 4.530286984 3.819407766 8.222115347
-11.661238306 -5.467370833 -7.960700275 0.039016874 0.162052644 0.776569479 -0.607582478 5.709401182 3.116969375 4.114347818 3.319191113 5.415176423 4.087784294 2.442461483 3.831830870 7.181864132 6.690606428 -0.047827672 4.728476109 3.480832431 5.085239390 6.018968596 4.411053161 4.180178235 0.651944046 -2.058339469 5.228859414
-7.706311472 5.725151132 -18.362483148 -0.322703146 -0.646395040 0.689615617 -0.049663187 8.219280427 -0.684924977 3.861809271 6.242247133 6.581603621 5.859306627 4.516200798 2.138713585 0.587320344 9.056401477 8.192557246 8.769839762 -2.335990792 7.261283387 11.378563569 6.522510541 8.283070767 1.499058972 6.558215835 -1.651102897
-8.406515517 -0.011750822 -4.833743883 -0.259194958 -0.456451914 -0.244076827 -0.815411630 -0.403538455 6.710807149 13.529124948 2.369809442 6.510156136 2.968639652 3.715280431 5.533630457 5.728199258 8.857973066 4.337567216 4.747394449 5.242580667 12.856268370 2.519865371 8.819162644 3.358922181 9.218897971 0.225499507 7.743102194
0.982370606 0.911095116 -15.519837222 0.655955460 -0.166220403 0.374823487 0.633719628 9.369250756 0.928044011 3.404122275 7.544316247 9.164566094 5.855341489 3.121666274 0.828636209 9.881872473 1.950450673 3.234294263 6.488593533 7.330773350 4.772325101 1.234252408 4.220494899 0.112631026 5.706846041 9.048527459 -3.013236323
-13.802627474 -2.569149287 -9.349926588 0.795044541 0.411959008 0.067424401 0.440054433 3.291910419 6.391180877 7.206970624 -0.310954548 3.013039986 6.442246617 8.348644976 0.397390963 0.648673833 3.855858324 6.283681981 4.504251520 10.220896809 8.028528559 -0.793346539 1.486692436 12.190397988 7.298987575 3.027685147 0.657214957
-7.735119781 2.490718752 -8.837645807 -0.363989084 -0.395945738 0.203901013 -0.818024020 8.452538528 7.359733168 10.311110980 2.162657586 4.420377064 1.830929503 6.725857848 2.430274113 9.496555480 -1.406093013 3.812933965 3.385725699 0.167580068 7.300230417 8.786659312 4.135585025 6.833312899 2.556913232 5.817441566 0.981641753
-8.522446743 -7.007657612 -7.661652956 -0.006483566 0.390178363 -0.880550338 -0.268979386 5.575802702 4.544309563 7.076971327 4.398165437 6.970671684 4.245022756 7.474485571 5.970712512 2.800180049 2.425746070 4.662605404 0.325895734 2.078001521 6.284402586 1.671901925 -1.635672822 7.448859884 6.062232285 6.689716852 -0.322607671
-1.992242818 4.320010387 -5.723115215 -0.752923369 0.303390587 -0.085317408 -0.577738255 3.200665994 0.652532503 6.833683967 6.784312900 2.109972864 3.652260141 -0.252190715 0.847967930 -0.776195660 4.719001223 11.608313203 4.224376135 1.415998120 9.060288087 4.883140982 0.843893084 -4.375087268 3.883984720 6.411971827 9.585607418
-14.162539292 2.369187865 -6.548195635 -0.381673351 0.229685224 0.748464692 0.491294978 2.144148949 4.841264033 3.627734750 4.076253263 4.715277742 8.904406600 2.243707501 2.048102099 2.347645937 4.398572730 6.141694804 5.832362217 11.007175044 0.087660700 2.245388550 4.201433221 4.467244247 4.532175654 -1.767515186 7.108849037
-13.088799798 7.114519521 -5.687471331 0.828433219 -0.511888157 0.134702602 -0.183095946 6.575498899 0.395456859 5.677250065 1.960604626 13.354661898 3.729489986 2.387231754 0.883031354 5.757337953 3.759364674 1.703386626 6.680703467 6.000836926 2.674158771 6.001182432 5.237735140 9.540708106 5.693034631 5.729083784 4.406132868
-9.068041841 1.460206614 -6.607477085 -0.162784504 -0.713734815 -0.564556656 0.381260542 0.991105304 4.223963597 4.923544421 4.313551602 6.063194325 6.365979283 3.776367144 -0.531348210 6.783777965 5.034423754 4.307710277 4.050326710 4.083106781 5.207332746 3.196530226 2.581539807 8.277574537 2.233186313 4.846587341 6.219805741
-3.932792244 4.413247943 -18.744948239 0.627443872 -0.145913533 -0.273033227 -0.714476232 5.271231899 2.173010112 8.123404011 5.614748526 5.182931801 4.633093936 4.110097112 -1.952469654 3.478362824 2.655764026 1.277780765 9.584407577 7.647282528 3.787976632 1.360899811 2.765299858 3.727838720 5.582224650 3.143755283 0.086958870
-0.429606008 2.984284634 -13.858367663 -0.294476874 0.627699262 -0.205756099 -0.690609466 5.649359383 2.842934992 -3.302407243 6.459864189 5.255506233 -0.637195830 2.583272471 6.728484583 -0.523544794 2.704665878 2.278654653 9.318161258 4.886883927 5.480734960 6.394601464 1.568226575 7.550492505 5.691086648 2.132788646 5.860547424
-4.210298953 1.059960764 -11.980414884 0.665459020 -0.178437031 -0.641949573 0.336489620 4.056313289 4.492331594 5.331777251 7.774829390 8.225970193 9.728914906 5.503722055 2.412329072 6.106210223 5.274584984 2.923123558 3.793997534 5.046834085 6.822658218 3.949493251 -0.145602035 0.079326922 7.281980704 7.305514679 9.310522789
-2.595157251 -5.369325687 -11.878241386 -0.406278059 -0.670745005 -0.408516506 0.467069097 5.756753068 7.213463417 6.677033317 6.394196712 3.300423813 -0.103646849 4.293512979 5.119527815 7.799952920 3.264137073 2.934952837 7.005674893 0.006835444 -0.137184348 4.623399089 6.061095462 0.331789818 7.929910145 8.706246090 3.700787588
-8.775902609 3.274333297 -3.631043724 0.245715605 -0.201501533 0.785804776 -0.530595729 5.726640621 1.803023574 -1.893274759 1.972893095 0.700924300 3.009341043 1.953478047 4.107117489 9.719406841 5.015566297 8.043378218 5.390974144 5.916536729 3.218512441 10.682612158 -0.840751194 2.845064772 2.709167715 3.682383261 2.877429259
-12.512575079 -3.586538160 -16.848036060 0.634781489 0.481571171 -0.534468860 -0.281930321 -1.305364350 1.971171266 6.186922960 1.564615411 1.126599278 2.169811628 7.384897693 1.667165860 4.252918612 3.985413255 9.320196259 8.932747345 6.817340532 5.279813843 9.114835086 7.303264602 4.916533568 4.736612775 2.349715273 -0.100561903
-12.713053320 5.214999826 -7.527086690 0.163250566 0.904812604 0.365858055 0.144261178 -1.369153647 -2.393522075 6.773242767 5.799271043 5.242077669 4.062305069 1.588596207 6.062380011 4.613257571 6.532702124 2.572087430 -0.133787030 6.874250210 6.610910055 2.559013706 3.489777982 5.717445053 7.291312536 9.094340271 5.146815654
-3.681721478 -1.653101317 -2.187381744 -0.564142594 0.337431968 0.216998586 0.721660872 7.102716939 2.804616696 1.872579019 3.489722691 4.116923141 3.133612628 4.306770436 5.527220008 5.068751958 -1.526631465 4.953059039 7.411751002 3.189210143 -3.663817218 2.834574549 0.758900674 7.105249801 7.506916199 5.891496941 3.259248883
-11.099439604 -5.119531615 -5.958700681 0.881457887 0.065748626 -0.224838503 0.410069213 8.873980095 1.968431542 5.879394068 5.681792935 7.374194574 4.911584876 5.722026097 3.184443047 6.767402241 5.903743849 0.759003570 -0.688689277 4.597157392 3.801692355 0.742129066 5.112792374 1.591586964 3.525015604 -1.287086728 3.032841258
-6.611859124 10.774242267 -11.984723577 0.248339398 -0.027900355 -0.920891128 0.299179953 3.280930765 4.344491474 4.675966003 0.247771273 1.664011497 5.705442713 6.138308904 -0.396913648 5.799172880 7.868665688 0.779428694 6.312759788 1.953221047 6.112691447 2.319438339 2.139025521 3.179358875 5.973921076 6.175389203 2.525345396
-9.141712585 -8.415395234 -12.013251502 0.066761370 0.322471326 0.664677307 0.670640917 2.595169766 2.199296598 5.901088371 6.467862288 -2.485301611 5.642071737 6.455193313 4.890560774 4.591280635 1.161897676 5.540707544 0.577471313 4.843274441 7.782174017 3.961931586 4.999099705 3.664690436 2.345366539 0.898349400 5.263669981
-1.038614362 0.566773177 -5.960781619 -0.709795588 -0.305420892 0.209898862 -0.599041542 4.284204163 4.173104650 3.594799433 2.952836418 0.577670211 0.334822146 -0.809045358 4.014787020 7.138780693 5.457554300 5.532305243 2.962477203 2.149808387 -0.436434259 9.292364913 5.649466076 5.461720857 1.525263774 11.945130630 2.144189823
-13.113732701 -6.122596312 -13.810321339 -0.317119355 -0.447961423 0.244201685 -0.799456950 5.679086604 6.141481900 4.870368384 1.497240283 10.046566525 7.934956554 -2.136098398 1.012971091 4.486892818 5.390758284 10.336651419 2.988949575 3.619431530 3.640237073 4.343705885 2.405729421 10.232925910 -1.044527760 2.706531022 3.242452242
-4.228418035 -4.150267479 -9.616613911 0.601568199 -0.569831573 -0.289818397 0.478970748 3.479584293 4.673743867 5.466873020 2.556774452 -1.713112702 4.847574423 -0.723949887 5.468137509 5.914611694 4.626595579 4.861862202 4.691808570 1.124542528 7.375431691 6.724231077 4.443022849 4.083171094 7.913575881 1.869904935 -1.901185960
-3.848179780 1.040425516 -12.928183637 0.542939101 -0.701802383 -0.202933374 -0.414135961 5.051156620 -1.921294004 0.368956912 5.825507339 6.162329199 6.827163505 6.025236578 -0.420847509 1.870900130 7.338720082 -4.650213155 6.985518756 -2.766136389 -0.566399023 6.779699729 3.402674014 4.692576586 7.865041282 2.177877881 3.710698242
-2.029064603 -4.087226715 -13.374008037 -0.161841991 -0.044850252 -0.901914497 0.397926958 9.096480579 3.722531602 5.806544982 -0.024277080 2.046576730 3.207876990 6.634900286 2.269153227 7.426931600 3.215831015 7.787067370 3.890182829 4.745542457 7.471995351 3.686174918 -0.321564237 4.065335522 6.694295369 8.188079538 2.568244843
-5.612786719 -1.471847048 -1.604247705 -0.819302814 -0.487753255 0.132542129 -0.270688467 4.373962334 2.652139657 9.951779976 0.883086693 2.457816190 1.811472377 0.736393787 3.784925493 2.201153023 -1.179314987 1.544709323 3.444363112 8.210528858 3.309685409 0.268069291 1.498912623 8.624051879 2.596994133 7.706250603 0.217663099
-10.680087034 -3.294027757 -11.319811534 0.042696533 0.065986046 -0.379917808 -0.921675272 3.002572935 2.646184526 5.296034267 -1.500787088 1.895507408 0.665092342 2.265249221 6.025639381 -2.484546365 1.975746549 3.992757418 6.460044373 -0.797594093 -0.181970999 3.789538538 0.518951176 6.571803935 9.969220402 5.415230346 4.529039740
-4.415151375 0.235986790 -16.483658754 0.354909844 -0.148547057 -0.664749384 0.640375695 4.078201090 8.064184718 6.573722934 0.641189911 7.747184425 -2.061790884 7.128148884 6.926694897 3.998427760 8.145865374 3.280394057 4.856150491 0.426919705 0.206062909 4.173842952 2.641310965 5.760433752 5.726815742 3.033987792 7.988330899
-15.069206131 -1.715454456 -10.914076900 0.012805545 -0.705664316 -0.465735834 -0.533820216 8.908158286 3.269116089 0.955868658 4.860931322 -5.229334460 2.142575676 2.368585455 2.268753496 10.517791654 4.268997161 6.474930472 8.140166845 2.036934169 9.979937325 2.901821359 3.828996772 3.080603642 10.235232552 5.425003893 0.856853956
-6.914261996 5.237502390 -9.177486344 -0.638429393 -0.113814152 0.450483505 -0.613611326 5.389934286 3.726179114 10.247209527 6.011984578 4.839347187 2.897433409 1.624611400 2.166763860 2.964247850 0.658866538 4.830753880 3.608282963 5.035230962 3.137465003 0.434381662 1.262550330 2.212879084 7.914935342 6.472082185 6.819444505
-8.565373068 -3.907885985 -16.921589217 0.135038253 0.915424021 0.375151350 -0.054999971 2.359101314 3.081181523 1.237517069 3.693366368 9.670889764 0.948225230 1.194280326 5.288624967 2.335809076 6.577884193 5.823306273 4.577504971 5.505547872 1.752908809 6.026694829 3.276293093 8.306147508 4.216358079 5.445061320 1.475265015
-1.514451817 8.532344805 -7.764151400 -0.439988516 -0.613696495 0.655172153 0.023155298 6.695973047 4.519231793 3.177520066 0.164234963 1.315734424 1.695166110 4.109488562 5.090337720 4.754527177 5.142808681 7.110641063 7.408927360 2.023809385 1.487959672 4.763378978 2.110820326 0.194482329 5.877876352 1.303680732 6.823769801
-3.437868566 5.548657390 -11.451267875 0.071090906 -0.848123940 -0.366060980 -0.376339242 5.216727713 3.147730744 1.385657357 9.755616852 5.110191944 4.843418585 -1.027875000 -0.042912844 6.163353283 3.928913065 -3.288645185 6.209374201 -3.081457292 3.177580622 5.904378475 9.435891549 5.055650582 4.053843024 1.830763762 6.281924221
-10.549489513 -6.575124232 -11.786747618 -0.324105655 -0.847885250 0.305885937 -0.287193178 2.501360755 6.631593333 2.565690089 5.492772543 1.880571874 9.756012772 1.289522034 4.507294401 6.422271682 1.136720488 0.565170430 3.671979343 1.859690359 6.621881897 11.389717405 2.183256929 6.125954591 -0.406325291 2.938119703 0.188210177
-9.037771784 9.779564971 -14.081884513 -0.258670001 -0.071120840 -0.475710652 0.837693877 2.728530218 -0.388286984 0.037587876 4.270910328 7.692261734 2.434266956 1.773738097 1.599370479 2.922321330 3.695880891 2.677938464 -1.212725976 8.810240109 1.897853914 0.469232720 7.054442671 -0.934940885 1.358088760 5.563692964 6.432051569
-3.597884536 2.861429217 -4.645662207 -0.280631193 0.532031380 0.508421932 0.616194680 4.497417836 7.407666640 2.622063152 6.659340595 5.037992411 4.141008744 4.264162583 2.488080919 2.792871049 6.582796383 2.082490579 9.383013344 3.750961932 6.269364088 5.335794238 0.601402060 2.153395623 3.942107832 3.957060669 3.068764214
0.177963077 -4.926904325 -9.965940470 -0.099514740 0.522401349 0.096570915 0.841348742 1.287203120 5.834680296 8.851646823 7.583332869 3.099256992 2.806842081 6.233721330 3.238351621 1.048830310 1.630158523 3.997961255 11.694717569 4.218228067 5.093674187 3.954955046 -1.093678969 -0.484857432 11.225389290 4.821437890 -0.361489914
-3.878806005 2.915920633 -3.037006392 0.271159259 -0.587983912 0.480828710 0.591228659 9.691563908 4.580157782 1.896097169 6.672225974 4.783848420 2.560601991 0.963397400 4.089637567 1.868189147 0.626306686 4.043782104 3.997625602 -2.244271073 4.845670915 1.950072540 3.759586891 -0.594942080 5.821299917 4.057613329 2.745680539
-11.589368450 5.768902498 -10.537084404 0.410745523 0.038511919 0.076363023 0.907729936 3.687059447 7.342742364 3.406634696 6.834150849 4.559400672 4.454214009 5.816899197 3.968361781 7.257439213 6.754783084 4.928915855 2.738769543 9.862880684 1.356902286 6.019427396 0.881592656 6.917938309 -0.091425787 1.600135815 6.641638989
-10.089046632 2.077280163 -19.329303404 0.147771963 0.708249598 0.198423678 -0.661191347 6.508792931 10.030393076 7.242768403 2.576475910 3.654421415 1.516414850 3.550074244 4.752968231 -0.386803549 2.848158336 3.037344661 1.200654125 0.844384334 6.347809970 4.788184572 2.930721655 2.150274092 0.839296285 4.423633539 0.045196461
-5.994601260 10.895709455 -10.870561098 -0.334047353 -0.434018638 -0.773415510 0.319168664 7.697891719 0.124874678 5.121994219 4.594009118 4.739634870 9.823894856 5.836141741 5.235452010 6.260088163 -1.004650768 5.446384092 4.713769259 5.609310598 5.426651526 4.933391164 -7.079845341 0.141269947 1.885734109 4.176712723 3.411740043
-13.524866544 -0.283106076 -8.917691148 0.114390957 0.616862867 -0.700783815 0.339554057 -0.447732708 4.501257181 1.646872427 5.737611543 0.985826782 3.286712698 5.148194953 8.286090330 3.804963332 3.481326900 2.437719734 3.777149501 8.198789414 4.881986127 6.133650963 4.910278063 6.604271269 9.672643741 8.434155125 2.990231843
-6.195971246 8.144829603 -14.255079728 -0.428882974 -0.467210368 0.743096751 0.213497270 1.892236974 3.444328323 4.252930769 2.970207746 1.914724862 12.887016360 7.529697644 5.800157738 8.070474981 3.075572733 1.171095220 7.419672718 2.970487816 3.594452187 8.980970108 4.716137549 2.205143952 5.894050366 2.082464597 -1.942993358
-7.246942830 -2.414801381 -12.389477648 -0.539970983 -0.521365740 -0.342804738 -0.564884072 4.094937864 3.332945263 4.933981207 3.454570051 4.334091193 1.592529130 2.671208783 5.177330810 3.168596575 0.190974045 8.234427574 4.975138144 1.641263022 -0.100246235 4.672565590 2.926075557 2.527093649 3.510960967 1.996577989 3.377594481
-13.839716376 -3.137981371 -5.933899506 0.486470262 0.634432250 0.594887817 0.083371995 0.036628403 4.413019337 3.975723351 3.133028088 1.715742711 3.829071400 2.234090438 2.918579583 9.229753746 -0.576800761 5.690853892 5.118783824 5.399621489 5.526480479 3.331916896 9.950425553 0.981405750 4.736017420 2.135786211 -0.685170925
-8.889998806 8.470287580 -13.482137319 0.259232095 -0.256393445 0.928997062 0.063447471 2.114133562 6.498735212 9.887926549 8.458804473 3.675032927 2.896237545 5.369125634 6.315179433 5.495125530 3.493798295 1.950058475 8.110239770 7.069944974 4.648313107 -4.324771846 1.057028276 4.880075513 5.726520305 3.157779538 1.305429421
-11.938148652 4.450731936 -8.055101902 -0.882077711 -0.104451270 -0.443222398 0.120759060 -0.829061408 3.206578229 5.294393698 5.239411874 1.091509186 -0.293844467 4.380085905 -0.072313831 2.591892348 8.217454997 8.408792581 2.237264932 2.446765525 4.876028057 4.426566636 1.596326930 1.755921722 4.132871542 3.792106120 1.156644456
0.355727985 -3.802245037 -7.447699169 -0.412312548 0.535964852 0.121526609 -0.726616352 5.087034339 1.779026940 2.892446800 6.555290378 4.994532703 6.228706070 -2.701143857 6.814532211 0.661756807 4.146031818 1.005550480 1.217868678 1.758542899 7.996680596 3.297794424 5.923494859 1.574040370 4.155131495 9.351502357 7.360555905
-11.710736965 2.634375714 -8.660884465 -0.258784540 0.368329365 -0.508553905 -0.733987035 0.765531303 2.634053826 3.098214255 6.708512509 3.519759730 1.128185339 1.081008573 1.692201405 7.383715493 7.964696295 4.847447389 2.108272925 3.590322665 4.276360171 5.341517506 6.656357538 2.861836717 8.503272542 0.340515015 3.737777892
-11.072006675 -1.864776702 -8.464068022 -0.521078565 0.255126508 0.083998395 0.810143113 3.189540692 0.761505584 3.753814035 2.483996015 -0.612035123 6.499387510 2.855481534 1.910645324 5.488031438 1.735366397 4.232713526 2.036659079 9.876794295 8.723904409 -1.142629767 3.997355226 0.580010117 6.632983847 -0.215276484 2.649470585
-7.028453597 10.257142617 -7.300435995 0.821326784 0.296068240 0.481839959 0.074807516 3.829439172 0.911145709 5.297315023 3.234494489 3.516334510 -0.051146065 0.827979544 -1.029313506 -0.063660179 3.548828661 -0.422395758 5.641881721 5.233244011 5.101080879 -0.122893754 -0.722696236 1.159586054 4.438346203 5.746139262 3.051239666
-3.917929167 0.481611189 -12.799003507 -0.419452227 -0.655899687 0.005239969 -0.627557147 4.254798437 1.387203892 7.350011720 9.152797530 -2.703732826 5.885624203 8.032009273 4.560635635 10.329600035 0.549040731 -0.429780785 4.261105913 5.850776890 3.749101805 2.273400702 2.087915555 -2.107799492 4.360623790 0.473881999 -2.952514701
-10.793391802 4.562776686 -4.803597900 -0.363950991 0.133842212 -0.799721654 0.458335263 5.967343339 4.352802950 3.727651451 6.226574219 2.399426677 0.978241491 3.818435143 10.181140695 9.617099362 1.555705944 8.658302282 10.028055452 4.739976977 6.253402413 4.538864215 7.190752279 2.100716937 2.251377454 -0.957002120 0.238180234
-10.124578368 -6.295372074 -6.033465882 -0.210653818 0.197871526 -0.806073051 0.516447543 4.313734640 2.849919649 4.823852701 4.521388774 1.707020341 10.203895651 7.071453205 3.234820898 1.079956887 3.602539588 2.552735148 2.958388735 2.175915400 6.003090473 0.699498544 6.392862898 5.610588968 7.364823212 1.622961513 1.512245725
-5.699807471 4.098533294 -13.295934742 0.348197274 -0.469602645 0.810628939 0.033357721 7.170870373 2.397670827 9.197892118 1.933645214 3.389263524 6.597953221 4.713415336 5.172076808 4.332691995 9.135581295 2.421388166 2.691134263 0.384233971 1.368489452 4.760401346 4.100120076 8.119257998 5.122018528 9.340866782 3.165687893
-3.028487162 9.491493552 -10.011640181 0.190822309 -0.482697772 0.441148444 0.732105019 3.677002090 3.434510399 -3.399038019 0.130620894 2.749124957 4.631637570 4.557231436 5.107407323 1.574587273 -1.385023991 -0.571872053 2.702394830 1.598802026 4.901830358 3.908657285 2.632326803 -0.007365576 0.970808453 2.144195493 1.962410075
-15.306112805 3.982637766 -11.481421869 0.596724039 0.490787748 0.565487128 0.288569082 4.514355216 4.215389725 4.140986141 2.136459326 6.874598252 6.011262900 3.875217648 1.093124955 7.144137327 8.166180132 3.997833174 3.111214503 4.877490124 7.023194124 1.129489145 3.955163101 5.329562634 1.184726605 5.015475690 9.814873049
-3.776935386 -7.633841006 -9.375371055 -0.548537123 0.142876430 0.809495988 0.153001946 3.925766770 5.228062923 6.086378311 2.989811357 2.055476620 6.967789760 3.274829261 3.954312302 3.085233045 4.343614275 2.502045672 2.460340191 -0.628709077 1.687451408 3.401215480 8.561879984 1.369980481 9.137265196 5.153586533 2.860469614
-1.157361167 1.580757666 -6.149401012 -0.230175368 0.655691178 -0.456235066 0.555821863 6.039848996 4.716994384 4.827583514 4.934709468 4.047460751 6.009542387 3.167046226 4.180772515 12.322708134 1.955206748 4.200416562 -2.674963055 3.547314571 9.247103382 2.967864956 1.302125957 5.374929136 2.053450489 0.443897673 6.619878860
-9.984741539 -0.004575291 -14.323992904 -0.839512158 0.497136037 -0.005795462 0.219183734 5.430176415 6.760149982 7.513731807 2.832919928 2.046582552 6.033352186 4.896385924 4.874828871 9.902311430 4.414126410 5.330880847 -2.900528901 6.786545498 -0.040088032 6.488990455 3.640428979 6.494331638 3.954858951 -0.515623603 4.714852636
-8.019249269 -2.567039365 -12.910448979 -0.285993190 -0.602840129 0.363533785 0.650103732 1.770370263 5.203620560 7.013630501 8.525154236 3.805292458 0.627701163 1.195314629 2.822258206 3.662532728 6.621000826 11.484602790 4.375431474 3.923980594 0.008142193 8.058713487 1.253334995 1.656411639 5.051433984 0.590889821 0.132244177
-6.472500768 2.922422122 -12.086688882 0.210848943 -0.690756085 0.174712048 -0.669234230 0.159579551 5.923927717 -1.621754435 1.263637014 6.628730503 4.009259958 4.806152455 4.094129599 5.974881566 3.304723985 6.004173863 5.554022567 5.712584899 4.082634559 2.387195234 7.069161689 1.338222028 3.286809869 2.571287899 3.868210435
-8.106259872 -3.971435347 -17.907084758 -0.741114546 0.182896616 0.485143146 -0.426537437 6.070507956 1.911493647 1.552317279 6.394427245 3.070999325 -0.296288409 4.175815860 4.510038464 7.206831672 3.336778957 2.405234135 -0.024743215 1.470856509 5.676844498 -0.147243543 3.854575830 5.419683826 0.781830576 6.675350213 2.208240406
-3.036921345 3.140353315 -7.142608836 -0.656159971 -0.036141800 -0.173239581 0.733577474 2.072897506 3.079614514 -0.768092810 1.509513304 3.964139299 4.641659758 5.165418197 7.657234130 1.281219019 0.984336006 1.093340112 3.872060401 5.451008880 7.670479791 -9.603752266 3.787940816 3.378616220 5.760674581 6.281505761 4.681264591
-7.395156124 5.695333567 -19.155989888 -0.882735045 -0.373159515 0.115238742 0.261248633 2.081022672 5.668307879 4.359903475 5.844182270 6.167431999 1.599233424 6.811621415 6.005041325 3.981718604 9.536973403 10.803794437 -1.982478994 8.917872264 2.958969846 3.103749596 3.599828987 3.919127814 8.310188118 5.306529178 4.340951416
-7.463079236 3.998081090 -16.341500723 0.283450497 -0.381795882 -0.536257426 -0.697363387 4.035307909 6.544312588 5.083640332 4.844978278 5.191856260 5.338880240 6.152510383 7.681548632 2.418021850 4.749909698 3.065814748 4.682884481 -1.338917439 -0.623004072 10.195420079 1.396578354 9.488729723 5.165157220 10.191487045 0.704686338
-14.447734520 2.184136963 -12.173422193 -0.096646767 -0.868423060 0.486256407 0.007449670 3.820935815 2.967136052 2.325165691 6.001980249 6.412967291 2.192540913 2.255906289 8.530811818 2.238560550 3.970325783 6.377542687 7.213580288 6.955510645 2.040834922 2.924894480 0.261197958 5.038131931 3.193003961 9.472401082 2.587847101
-9.498451078 -3.176061941 -12.804007184 -0.322686362 -0.770325253 0.275877545 -0.475777361 3.802938216 4.064964343 1.822670665 4.169879506 -4.560674042 -0.417131400 -0.625612683 1.639049124 -0.025194091 -2.311030535 -0.423918453 0.639472203 -0.421028435 8.395376740 2.136026381 2.463133365 8.406245202 0.139402026 9.274731049 4.546075087
-5.009532521 -0.115121490 -5.325692213 -0.279230731 -0.944365986 0.060665200 0.162858271 5.684236864 8.468831535 3.490025707 2.658016349 4.568773303 0.968031332 4.692723633 -0.299553503 -0.309610097 9.048940800 8.978270504 1.426232043 8.146875396 4.013734758 2.713060611 3.237031847 3.409408218 3.260830289 8.875842321 4.164907178
-11.749849348 -0.067759108 -14.805100994 -0.711902858 -0.476316702 -0.432386568 0.281706542 0.636923767 4.335848576 5.174657619 3.166163409 5.794456349 9.349390616 7.012309980 0.739218574 1.651250233 8.827670439 2.420018977 6.859314794 2.893140919 4.197366762 1.285918474 7.728791180 9.083250232 7.537949445 4.487670480 6.379094723
-6.535968634 1.088312492 -3.277761581 0.242717439 0.643425185 -0.568863348 0.451095077 5.520003683 7.509144689 4.925320420 6.964599252 2.505344304 -2.904121942 0.608903776 6.314059133 -1.503031800 3.176117336 3.740601883 2.035755854 7.743013467 5.634582269 1.266744346 -0.784989929 11.455441652 2.832723316 0.474586932 2.443657539
-7.249431462 -2.793841883 -2.505328886 0.334651518 -0.889778184 -0.161734689 0.264849079 6.423709236 2.542684758 0.940152650 2.726019764 1.978402900 1.615661382 4.352771929 6.013973757 1.742642852 2.351407423 3.787213953 5.811843989 -0.911956208 4.754668160 5.795742383 -0.805028208 4.066585880 3.057487044 8.841955477 7.412130107
-6.891726673 -1.137129944 -18.151099786 -0.334157073 -0.064198251 -0.903636041 0.260114475 2.003961663 8.458140285 0.591095270 0.644157653 6.417982971 1.649131545 2.708373650 3.473299520 -0.522703499 2.869873452 3.914902977 0.859916309 4.576049875 9.016080680 2.489281538 10.047848447 0.715734574 1.541985286 -0.142081439 3.529866014
-8.467252235 5.821321891 -13.029384634 -0.550407073 0.101491676 0.812391125 0.163621986 -1.561093939 5.412352907 4.063054719 3.209384635 4.451216833 1.406485820 1.362725500 2.448244569 3.026237579 3.417990848 3.927345880 4.072814335 4.695971674 5.659636230 2.991145989 6.896489676 5.797148877 6.171874034 5.397365863 5.497061152
-4.769777247 6.150107113 -4.600099568 0.027149969 -0.184551647 -0.885609108 0.425323495 1.913743936 1.563573689 4.189874700 6.313512067 -2.588554385 0.895066717 4.286314230 2.080825492 4.286564327 6.072794091 4.267894797 -1.688270178 1.959900864 1.868804600 3.127173969 10.218585416 3.371292863 1.149843623 4.405070652 1.857383799
-4.399378349 0.595087301 -17.435392529 -0.585725995 -0.779394675 0.051751880 0.216311679 7.071309875 2.672924293 3.714383441 5.589565045 6.906095606 3.836376904 7.765579213 3.478844012 0.632541160 3.332026500 -1.893371990 0.309347683 7.941687962 0.552761318 9.605683925 4.610662954 5.613420161 2.204805927 1.201458494 6.063531430
-7.995821043 9.334494235 -10.553755575 0.353537659 0.015542513 -0.008078698 0.935256269 2.989778886 5.065430360 1.092759070 7.203557148 4.958349433 1.051620907 5.175556705 1.792887893 3.990443915 3.051173961 4.296956854 4.749878122 1.716426758 4.766482722 4.638105907 1.237622564 4.564183674 2.917490278 1.169073419 2.875978367
-8.757859827 3.585831725 -6.167370911 -0.519074742 -0.381307776 -0.592081708 -0.484360447 0.038969465 7.521137916 2.601903565 7.361329533 0.844683282 3.889299723 4.335177595 3.515865347 6.969971818 6.009442451 5.766326042 0.138563893 -4.014020110 -1.262622517 9.138001324 0.347444612 5.516820088 6.806189202 2.826524141 5.721660882
-8.299874401 8.055009311 -8.570398911 -0.451459456 0.481830830 0.062939110 0.748372955 4.580849666 5.304885359 0.702255936 5.884811465 5.167515631 6.305763728 1.215356825 4.621058014 2.557995335 -2.381485864 3.531158578 2.071952186 4.015041798 4.616664545 3.326674841 1.283030545 7.276348022 7.789864890 7.296073251 7.968285438
-10.891414016 -5.570011918 -7.359880212 -0.617723605 0.312843428 -0.711201437 -0.121404504 5.657281749 3.756906379 8.674436186 2.581434372 7.765719442 1.555002030 3.118836222 4.114046895 5.572859262 5.075173657 7.635766351 2.533820163 5.279467098 1.686515018 1.427375128 0.817750802 3.751457882 5.328863663 4.381117725 3.557580114
-10.547207582 5.697002539 -8.024419863 -0.125935281 -0.134519777 0.978711979 0.090374754 2.894590958 5.984519804 6.835993345 4.689213259 -2.317890275 -1.711813150 7.974244014 -0.357565598 2.251799466 1.549819211 1.371662278 3.776851187 1.416342763 7.001152486 1.299217499 0.496086436 -0.413176318 7.563022513 1.511631707 -1.175444536
-1.169578992 3.245984904 -15.164974708 0.023558265 0.668250188 -0.692060724 0.271916621 2.911856986 2.734695902 3.418294041 4.453030463 4.812976952 0.745709626 7.104466732 1.990133294 2.548112076 0.985603763 1.580985089 4.194897836 8.387746061 1.046301261 5.071604139 5.600314209 8.504342328 3.962854903 2.550059119 3.314143390
-3.624529607 -1.052057480 -14.945155098 -0.513730674 0.547042048 0.644996683 0.144239634 5.804777956 2.696031316 6.005061257 1.028149680 7.338508838 4.281857117 4.647144112 4.400569568 8.827153605 4.365098134 4.544440160 1.750763567 5.955955264 0.478209618 -1.291191119 4.627650259 5.583309409 2.750499679 1.353483909 -0.501286825
-16.054242721 -0.338702432 -14.270145842 -0.861483228 -0.141029254 -0.169506876 0.457410993 7.794790263 1.663530398 4.557134855 3.251701052 3.037979480 4.150859462 3.288343427 7.884074137 5.123794114 6.194051227 3.453086537 3.316251112 4.299420059 1.720596331 6.955156053 7.445432090 2.090615346 4.530516275 2.160027556 5.464771754
-0.853815678 6.659492905 -9.784020559 0.592943382 -0.240862255 -0.727325097 -0.247793710 8.209429915 2.344502236 4.902913745 3.787394197 -1.010059348 7.931760315 -1.041590081 -2.190341870 5.987828508 4.553231261 6.120921496 4.113890516 6.509288364 0.348150648 1.895017593 4.751119976 8.522776761 5.575338015 2.154832196 4.186066159
-2.858015498 0.584463448 -7.916119372 0.592966448 -0.156964574 0.359240069 -0.703348766 7.144579843 2.493850241 2.226990072 4.933257774 5.170320916 -1.154001125 2.292763304 7.626548812 0.196032856 3.879343200 7.308200949 2.869285259 -0.881513345 1.050219252 5.352728346 5.676055581 2.921839205 2.269576730 6.095939966 4.554836153
-3.219595652 1.929502267 -9.242496881 -0.361078151 0.904092858 0.224208408 -0.044376376 8.078926126 10.277360244 5.773066422 5.339040592 3.302877716 2.579605066 6.945115645 2.926558648 6.200101544 0.202539995 -0.333843955 3.761543943 5.445207684 2.984514904 5.206665593 0.718762706 7.956043410 6.314673322 -0.224103488 5.343361916
-13.780381908 5.833978411 -5.340538902 -0.454466856 -0.245999333 -0.813262076 -0.267486448 4.974063611 -1.037816468 7.509788464 7.111818102 4.744107486 -4.329761800 7.480957296 5.779054761 0.688306927 4.777828937 5.274849863 5.222405558 3.235584167 7.778945936 -1.721792664 3.648174917 5.482294164 6.905452624 5.776400850 8.604221543
-13.850031577 5.318896478 -15.277446800 -0.093677992 -0.634391177 -0.765728165 -0.049321857 5.805580309 7.992595049 3.083818802 4.671501084 4.177784576 1.759114274 1.759469865 5.693243546 8.783003909 4.274108484 1.400291393 1.529384648 -0.911302480 4.213985353 -0.186194021 4.658875887 5.895810856 4.564680052 6.392577587 3.532928915
-9.459082220 1.135520557 -15.014614909 -0.694925572 0.718619388 0.003408555 0.025553982 4.145668071 8.022087334 7.867026441 -0.307704237 7.284480595 6.599397602 7.707436254 -2.840430619 1.883627578 0.519525312 4.744482048 -1.953239629 3.270881219 9.311890309 9.153227665 -1.137882813 8.781614235 9.646123945 0.614691869 6.544417985
-9.635297246 10.217582583 -7.418680826 -0.441855422 -0.079534333 -0.431888740 -0.782246887 3.659187217 6.525875370 6.869132585 5.747731914 2.665564924 -0.952308823 2.528896115 8.557703633 0.706979001 3.260675392 1.242460240 -1.525122614 1.785195581 5.750581862 3.390849025 2.385354413 0.498802713 5.832615609 1.704887594 3.772458528
-3.744368973 9.834102014 -10.597511114 -0.594053681 0.229199629 0.699578586 -0.324280058 -3.548230593 9.953138451 6.799236928 8.713562346 2.910864519 2.249268739 6.265670579 7.408783749 1.870157986 9.092656734 8.438452484 5.011861970 0.474765578 4.169698225 4.899297836 5.104093977 3.380694851 3.807576218 1.699745558 4.095853653
-11.172729087 -2.636885055 -7.806626260 0.362963851 -0.684215609 0.097053667 -0.625049462 6.993542976 8.326624214 3.838524283 3.269179482 3.476815134 1.104922047 4.335759718 1.979694880 4.459470859 4.807875328 6.437505780 -2.894829179 2.457262003 8.111095047 2.546521913 6.508446113 5.497729395 3.340496694 3.917651117 1.162268227
-7.029015465 1.325422367 -4.232088290 0.861756051 0.210618492 -0.244634891 -0.391369556 4.024768294 2.119422261 6.691414007 2.201797173 8.542001487 3.610742032 1.682456249 2.840756877 7.827223454 4.884452417 6.800183392 0.656881724 3.158678160 6.948658758 0.476429893 3.016396322 2.768576041 1.415373917 -2.207661807 8.033880504
-8.269413604 -7.360246563 -14.461502180 -0.419016825 -0.504493222 -0.001580022 -0.754923170 4.877257982 3.735457515 1.294416483 2.593607602 3.586603006 2.038154559 0.449030500 1.204098905 7.094920466 5.254619251 3.787344889 3.092225819 5.997531119 1.857619787 3.196445792 13.863388397 0.521493172 4.857482757 7.423752789 5.672936818
-8.011180226 -5.203360966 -15.503839716 0.369678194 0.870745838 -0.265438936 0.186230745 5.457646613 8.481099638 5.131627947 3.915903370 4.290195055 3.499550773 4.481181474 6.116284999 5.357351367 2.948902895 3.777952766 2.473429308 3.886056093 3.665313240 -0.598322723 8.111907725 3.350624640 3.221328371 1.778980048 3.356387797
-3.532603514 1.061356746 -9.083077711 -0.676110293 0.374564754 -0.524098952 0.357626068 9.671603380 2.190479516 6.645577739 -1.306497380 8.782363981 1.637696000 7.647000156 12.105669494 -1.308585051 0.785056878 3.131777358 6.744705933 -1.803966076 5.722058592 3.682556391 1.039802218 3.835349966 6.300705806 -4.441505660 6.949104576
-5.820659934 1.154112809 -12.638287368 0.677803364 0.026347570 -0.726863132 0.107509964 4.567603764 6.079651694 8.131712215 6.813293116 8.048404601 1.201588817 5.203902194 3.509367504 9.240983959 5.410020614 1.825604945 -2.203828687 6.126453829 6.795609224 5.214820232 4.833289013 5.267807581 1.350068269 8.124737796 3.609664627
-15.621708132 -2.771595914 -13.207300494 0.593810115 -0.367480712 -0.367858661 0.614025634 4.032576120 6.866472757 1.251214886 2.054345125 4.353305496 -1.102962460 2.486131316 6.037228476 4.645353746 0.107869733 9.249289582 2.316009772 4.753407914 4.281881382 -0.064107837 1.197419720 4.310617012 4.563238408 3.454654011 1.151908506
-12.144050203 4.969547267 -9.786631949 0.540358118 -0.832390849 0.096749104 -0.076014406 6.505764253 3.260163880 3.852228443 -1.683422820 5.763184918 -1.233576151 4.929552020 12.098639369 3.278320183 3.764499817 5.548616539 8.906307957 6.546230755 3.803483650 2.484800896 1.945903271 6.141768256 8.716066017 0.368482367 0.822468530
-12.652956575 3.672192000 -7.385013412 -0.678925786 -0.076413922 0.643600201 -0.344962999 2.282198137 1.269203483 6.527234007 -2.018492662 -1.087186910 4.084974712 3.628166202 -0.968015980 4.156962036 5.908384008 -0.147756370 -2.162646318 5.523818501 1.673170681 4.901901231 1.269849115 2.469482363 -1.819745041 11.873904271 -0.168430662
-11.991678353 2.824401900 -2.840691277 0.152151936 0.982164501 -0.083306987 -0.072543972 3.300150572 4.590379961 8.880314509 4.050581779 8.565958437 -0.353884360 2.037237659 2.105592388 -1.029925664 7.509287316 3.456142567 -1.271130442 6.031774180 1.682451281 11.883752993 10.311405229 -2.044092709 2.298177659 -0.270946902 7.443969998
0.747870077 3.436797096 -7.247993514 0.690000585 0.407467443 0.574025052 0.168418273 6.923379790 7.082489979 6.307982047 6.544270618 -2.616596372 4.237230542 6.591511497 -0.688911662 3.539412777 -5.231345118 2.732567996 4.290255370 0.725803218 0.002381830 0.016262075 5.101767847 5.631866152 8.751085457 7.644687084 2.867973105
-4.370574514 3.698275221 -19.045270243 -0.833510996 0.476458611 -0.139173188 0.242646728 5.559887222 3.804301072 2.984171204 2.043206374 1.407871731 2.163475888 6.079522149 5.977594349 3.234389140 9.850558697 8.320307450 -1.520723154 -0.101902835 4.019622374 3.356164910 4.532368612 1.579290020 2.828906111 6.324280937 -2.410619976
-4.401146953 -1.648203601 -10.584946244 -0.059838508 0.133781198 0.856529713 -0.494852296 7.639386555 -1.559971155 2.928063012 1.596302905 -0.744324898 8.313698943 5.315051271 2.261705718 2.870856805 8.550679766 12.050848351 2.610198437 2.264303238 8.124228863 4.250192791 3.524336556 4.670394883 4.895986288 3.903809598 4.214798274
-7.774544075 -7.437509041 -6.260667604 -0.423057601 -0.263106887 -0.856404614 -0.135529217 8.024696459 5.711591521 5.406578564 4.055083045 -2.782056028 3.311101705 1.901058660 0.962017599 2.652275438 -3.201018744 3.114990252 5.687298790 9.059626828 2.531630536 9.769448674 0.456709385 4.767502503 0.154424373 1.161330248 1.265807002
-8.535523958 8.315883668 -8.107668414 -0.043618958 0.755800658 -0.601620808 -0.254784528 5.330543505 6.739810404 3.628733170 5.694659000 3.583783853 -0.258891352 6.430220361 9.092327059 6.479257275 3.907015780 8.150789621 3.252698797 1.603178550 3.312094379 5.136312110 5.301992256 -1.169284798 3.666918223 -6.760218987 2.761774339
-11.813606699 -1.365883873 -13.537148141 -0.021216483 0.853187307 0.000761262 -0.521172429 4.739059456 6.866270051 0.865487214 10.534124864 2.301828855 2.244388098 5.896687726 3.151818747 7.768103366 1.861942105 6.707629169 4.433900925 2.583074722 1.005952969 4.865745106 7.156387856 5.932927348 8.357515649 4.470147038 1.517257623
0.127133995 3.362204939 -7.433093678 0.789434440 0.240452473 0.157729140 0.542307469 2.869388054 -2.390793959 4.465433028 0.894859467 -1.437079153 5.011252461 -2.150874103 5.243278725 7.449643052 3.999805626 5.540831062 1.913778125 2.814805589 4.010271655 6.582907057 2.399797270 6.222577840 7.302791305 3.970259516 7.732560516
-10.173468244 7.119972819 -3.347142385 -0.332850106 -0.107680107 0.928968143 -0.120971031 6.267776435 2.049868613 1.993038172 4.262301832 7.259181690 1.006227809 2.623311176 9.401499076 3.637291908 3.316307460 -2.573642976 -0.456960415 8.357267792 4.453838399 6.324576522 -2.383347679 1.756569345 1.917637460 7.125692206 4.303741722
-14.511310463 0.187721695 -15.565540460 0.661470710 -0.336296783 0.630637412 -0.227282704 1.499546983 0.573637724 1.760926644 2.032522430 6.536739352 4.244250377 3.278083433 6.103430469 5.701158594 4.642619655 0.372003760 5.082679739 0.975918607 -1.361609494 9.126561397 3.522569195 0.817288652 0.559164374 6.111516023 0.766106605
-4.878224727 -0.982889738 -4.850229398 -0.671218343 0.498520756 0.499506017 0.226796672 6.554159280 3.979122866 0.630353776 4.296677503 3.956825257 0.706193591 6.497120021 4.196466424 4.794641523 0.198161645 0.002216730 4.491236562 2.755113606 9.243101596 1.796404150 3.589646380 3.103194814 2.860983377 1.414797756 1.975037089
-13.070902928 5.092646700 -14.503066876 -0.014503258 0.075390119 0.370061428 -0.925829642 3.722737155 3.677075934 0.666185141 1.393588497 4.784809151 5.785873300 1.363025841 -3.799727312 2.653267750 7.210262834 1.397133887 -0.905486092 6.642281891 -0.373611593 -0.490242067 -4.239419772 2.870785978 -0.607646812 -1.235924890 6.161311694
-7.475527260 -2.831376824 -2.375607953 0.020998549 0.225067626 0.942511724 0.246120446 3.410807868 2.400819126 9.414167267 3.770756332 8.578574002 6.597934387 3.902995792 6.066209349 2.350016316 3.842477188 8.253554562 -2.051784465 6.628915262 -1.703160473 1.723964690 -1.260355891 0.715101877 5.317449666 4.641247619 3.706025415
-1.864634986 0.029139728 -8.861313645 -0.671307901 -0.322782932 -0.642476085 0.179948220 1.317115492 -1.104839535 1.594700060 1.463356664 5.740976702 -2.698532219 0.231307753 6.166266340 5.668393473 4.901231330 0.595050713 4.671597220 6.942453287 -0.008437507 0.802308467 4.345233763 5.379306160 4.746276253 6.731468219 5.108782072
-10.099069913 1.687558756 -2.897285262 -0.380034169 -0.111272075 -0.610406803 -0.686000066 -1.089960025 4.497830463 3.361104046 4.189335543 2.141753169 -0.251945747 5.343328147 -2.736223652 8.155611120 5.671667071 6.788602276 3.798494937 2.228950633 4.061788374 6.949709882 4.031021745 5.445212417 9.379090736 4.881293805 3.711449216
-14.946109699 -2.792898105 -10.238509817 -0.811219533 0.368320473 0.225322022 0.394325862 3.599191563 4.761420546 -3.140715242 2.671784874 6.741779413 4.974467397 7.844289767 2.394500371 2.929161443 -1.982138340 2.697893891 1.177356421 3.857152529 6.279382788 1.979708877 2.290194867 4.513376231 6.642748713 5.757837582 2.551902105
-6.136170390 7.831283447 -8.963311006 0.235301205 0.027977319 0.969098772 0.068543288 -1.435771614 0.960152813 8.209298909 2.705621011 6.385083163 -1.056426532 6.592594895 7.019517966 2.263006078 -1.519504423 4.656597701 4.883688679 0.763748175 7.380651878 3.628617376 6.483107340 6.484905135 -5.099447764 1.962794992 5.928781170
-14.910111335 3.973005048 -13.739997741 0.729728722 0.095978552 0.511616654 0.443319871 8.118512958 6.410288563 1.103278679 1.449489056 8.884916891 4.762082312 3.340862104 4.042298256 -4.212915160 4.521838105 4.388538093 1.761258703 7.339402270 7.249245750 0.690656130 5.800173099 8.034391354 1.955544621 7.170631092 7.312548693
-5.027314110 -3.360158701 -14.743614213 0.195907463 -0.872411575 0.269335841 0.357738053 -2.243227092 3.876862610 6.478513074 6.540209513 6.513535642 10.293416300 1.069284734 6.990225909 6.502214193 7.101700180 2.611633043 5.726418017 5.999336767 3.924995633 4.735955308 0.447938278 10.266024174 9.083149594 -0.785408808 3.458490279
-17.048837027 -0.387161259 -8.200327364 0.612400810 -0.715520042 -0.029298050 0.334870038 5.354674359 3.808878344 -1.295134635 0.491339243 0.472317542 4.975089019 -1.177134401 2.583735134 1.641957306 5.220263475 0.818138716 2.611147969 3.132026029 3.784342959 3.443433908 3.042452827 11.423022205 4.539571507 1.600401855 -0.246746778
-5.250074106 3.101223377 -10.386598237 -0.516417185 -0.578528775 0.625603109 0.085079356 3.131781853 2.790225419 4.736613609 5.368756469 5.103332189 2.044882167 -0.645782516 4.421826862 2.138166406 6.485807321 2.263513308 4.647311903 6.572623398 4.944175941 3.601116768 2.932789879 4.850060860 2.974508314 1.845595078 10.567807172
-8.314619398 3.736186525 -9.469270066 0.242443537 0.744322269 0.550014321 0.291015011 -1.426584811 4.616111736 7.534644412 -3.599715851 4.334718680 5.326723595 0.261922672 3.235423100 4.212891224 0.198883051 4.683109597 6.684572063 -2.920480301 6.638552764 4.099056420 0.866007520 2.432503881 2.857966417 5.122725264 0.824658124
-9.224116333 -1.194131836 -16.814411124 -0.155515611 -0.547268078 0.721463647 -0.394718573 -0.600878833 8.864848033 0.040323976 3.541825012 3.871703046 0.710272801 8.141166686 1.897136988 -0.242005983 4.230758497 7.698989541 7.360489955 4.267849562 1.804229617 -0.450521553 3.828022362 3.499626036 8.903854930 -2.383454243 1.166959548
-5.377675405 3.088113957 -17.878255284 0.460067198 -0.463928331 0.451356612 -0.607771244 6.304675313 1.673409471 2.684072554 2.219387172 13.189988788 2.792838823 5.184329648 5.292214183 6.109322388 5.805259504 7.364209547 2.376843848 7.152414122 -2.304208330 1.729196385 9.546740135 1.691333930 11.946154868 2.294936863 5.776568993
-1.219638293 -2.580060880 -10.576254735 -0.488060232 0.385564611 0.719120771 -0.309842633 -5.030803646 4.887743371 -0.558605906 6.148770901 5.906456224 5.756273950 9.571178741 2.309618673 6.909133998 1.219226464 -0.998260393 3.700288383 9.090979833 5.562961339 5.591330796 0.627820090 1.142639216 1.330524363 6.386925354 7.978985077
-10.132050728 4.410253963 -9.357291445 -0.367645070 0.531742502 -0.053420885 0.761073730 8.835845618 3.720578185 9.534982364 5.492212990 6.652876288 1.733855526 7.752454152 5.481818251 3.431944640 6.055782976 4.933605350 1.585582942 9.937259639 4.976369521 6.452913132 -0.463100850 3.397757362 4.703227748 -0.820961504 5.426713500
-2.251327480 -3.862143608 -9.499206631 0.380502307 0.684955557 0.577513429 -0.229198865 6.437397564 0.529573762 3.629313058 -1.058966152 2.025043863 4.009828350 4.869504458 7.970354517 4.024566936 7.730095673 10.526637450 9.808997830 7.904313905 9.369838397 5.467769688 11.125030733 6.079174970 10.553912919 4.610283187 7.604650509
-8.349027285 -3.867212360 -14.611452802 0.285713607 -0.334413261 -0.785013266 -0.436222052 8.121566496 7.257708578 5.503992730 2.162168436 2.660861603 4.331545943 0.962299136 5.388335619 4.759486469 4.218449235 0.924336652 5.095546570 0.242267052 6.739025596 7.614497520 2.732540816 4.452608860 7.335976869 -0.077601271 8.644463508
-12.929834190 -3.588501499 -16.178497130 0.919493451 -0.087729057 -0.032621722 0.381799986 9.769224344 5.255291841 6.949471612 -0.907764361 1.884495380 5.942763381 3.228813348 1.446147553 6.493688691 0.986105260 6.002107559 5.795475545 6.972308349 1.420253042 -1.507769575 3.451972042 6.756957794 6.121590906 3.354983558 6.408957950
-2.779552367 4.258825913 -10.844461660 0.001779959 -0.321552617 0.231850610 0.918066469 6.204984276 1.510950290 -0.782048762 2.534448816 -1.855852278 3.807078827 6.166530525 7.095746336 1.700233534 3.091966647 7.632693644 -1.344928810 2.169333030 8.671407278 6.846644636 -0.320790367 3.222969639 -0.070995943 2.462181020 7.103202295
-9.829013053 1.718167941 -2.541081551 -0.086322545 -0.192586321 -0.124633374 0.969497524 5.124298703 3.658023341 2.476558462 -2.048551526 5.386599832 -0.194358532 4.166082531 8.447262644 6.837711236 3.278770588 3.516252351 6.121057481 8.071913308 1.028061973 3.827961985 0.229137280 2.094783567 -3.143836444 4.006904632 10.173192948
-8.745412042 -5.383574021 -12.553005472 0.893936316 0.013651370 -0.210575984 -0.395410240 7.694442225 1.497336913 4.441476474 3.209366596 3.073930967 4.022444638 7.620306525 6.285337600 -1.540737608 2.932956446 -0.418625646 6.401307768 3.602069907 2.824779702 2.397544288 5.802170600 5.530734507 3.945922404 4.107058630 4.383550720
-9.186025839 8.234636261 -16.256408679 0.684060747 0.286049189 -0.383080673 -0.550895592 2.130185124 -1.299815366 6.266679615 8.591743057 8.304586955 -1.516330247 5.095796508 8.442377754 4.041054817 6.433030850 -0.310057991 0.298945605 2.594244265 2.397725607 5.705445490 2.839352532 -1.670321967 2.119863538 2.013434141 5.110218142
-9.693691895 1.074553900 -14.311358472 -0.405950909 0.847658959 -0.340129982 0.031460192 -0.583913521 7.851683797 -0.502933056 10.289074562 2.449481738 1.498298808 2.318123749 1.951647204 0.775260528 1.797553168 5.726987062 4.856129865 6.761973623 1.043075427 1.268726219 2.487976265 1.177685354 3.800526538 8.767095959 8.951326773
-14.858268556 4.328935515 -13.536324866 -0.169005412 -0.832701087 -0.280721572 0.446364727 -0.132390092 -3.628720885 5.897181960 2.662032795 0.484393673 5.212218221 4.291499243 2.377943330 2.263394162 2.522897189 8.395253801 -2.634494275 4.946185004 1.336089090 3.008713349 6.421627913 2.522336456 6.554090907 4.492881707 0.030809072
-4.404788056 -5.364480693 -3.887912571 0.745968587 -0.408892114 -0.483925829 0.205314148 6.598356155 5.064140965 4.894840770 -2.305307856 -0.399690564 -0.769039137 0.763501090 1.237125771 5.715489478 14.553604874 5.768614785 1.563076690 10.130311625 4.362632015 0.440610732 0.612841438 -3.341749319 0.549170398 4.906619903 3.003969856
-15.965953145 3.677752211 -7.521871259 -0.418557386 -0.214920971 -0.281090740 0.836424944 3.668836521 2.232611427 6.246215516 1.505182987 4.733615293 6.520252091 3.040024440 0.637596640 3.100250270 7.294340077 7.872744346 7.825896412 2.747156837 3.225576438 3.134506586 2.427989939 7.111218632 5.491312762 3.063541675 2.908302231
-7.436913423 2.972023016 -9.949692703 0.443938054 0.637748694 -0.093445656 0.622465676 5.275865699 4.764112833 2.864730370 2.793448549 7.907354038 5.121234554 1.756562555 9.821263477 5.579439660 4.549102331 2.244058705 3.562163191 2.618360752 12.972525731 6.705035844 7.164765977 8.475282748 4.750723059 8.731217558 1.119453103
-6.985733497 3.309698874 -0.844955567 -0.094231542 0.081340992 -0.239831533 -0.962800548 6.067093695 5.463792476 -1.972157009 1.379150256 3.958328575 9.050605429 7.651027328 7.317816999 2.121311031 6.776691909 8.633643183 1.907512274 6.085773231 -0.186495664 3.230650244 1.336749358 6.430912226 6.486127518 1.412640282 6.525131472
-1.543842995 -1.563143074 -11.418948815 0.564633140 0.541183995 0.512142939 0.354991424 5.610695387 0.835617315 2.289572960 2.487095428 11.099993675 -5.203813642 3.428574191 3.303341681 3.205095894 9.460043712 2.714956814 1.716078062 4.207246384 6.847387095 4.750641130 6.114121299 6.910689391 5.549599376 -1.344615052 3.991744407
-9.000115362 -1.227991994 -1.418241905 0.467443040 0.189153838 0.446986113 -0.738864835 3.366720532 5.475915492 3.211724198 1.449500959 1.120576536 7.176221964 8.748295280 9.198576406 2.506779484 1.236908176 4.377153078 1.570035479 3.457862496 1.312452359 8.662567035 5.146564875 6.850153937 4.295467094 3.845444727 4.133808689
-14.665919415 -1.343986553 -5.111661813 0.672013451 -0.496167813 0.412092086 -0.363861973 4.021094075 4.356887724 4.725751718 -2.127688282 2.283662929 6.514739430 3.237147544 0.323587001 1.375010593 2.326955849 4.356408670 2.656125732 6.589950295 5.115555999 5.221674031 2.893620656 4.731035097 6.179231651 7.445221368 6.901739643
-14.131346301 2.950076589 -4.756670467 0.859711121 -0.280239831 -0.014191990 0.426803249 1.443251415 2.967501189 6.022267041 0.720166031 5.725898258 4.977387686 -1.338520854 8.263969301 2.637134616 6.579354901 4.506982986 4.258049471 8.673928427 2.483870655 4.160314125 3.530308217 10.388104520 2.996208329 2.826058542 2.610293624
0.198480854 1.272925840 -9.633846408 -0.333921527 -0.247100708 -0.862305466 0.289597889 8.700387785 4.838542336 6.210473474 8.374141981 8.863642253 3.071386635 0.496388623 4.587663170 0.342825546 4.194651301 10.367164286 7.581136582 -0.501535206 5.063840405 7.389855118 4.555930027 5.824494353 4.737998141 3.604392126 4.328268999
-8.599781349 -2.169326242 -14.272635979 -0.159978645 0.039674782 -0.986232927 -0.013317610 3.687519696 2.457089412 0.819148115 5.465848316 10.199293225 1.899635032 1.807823938 -0.451738088 3.946182387 3.421293851 2.640373983 3.118107445 -0.392508715 0.808595105 5.595987502 2.054477713 5.040016123 6.844251500 6.198147324 2.769067826
-13.204560429 5.354387801 -15.758664036 0.366979756 -0.118387354 0.560807655 0.732669822 3.374729199 0.343471450 0.889666260 1.127131084 8.041622923 6.664868253 4.277257494 2.977304896 5.055014177 -0.745578350 2.640027798 10.050455409 7.349636565 8.131468396 4.511336552 6.672191689 -0.743513071 0.154922939 5.964839616 5.587572003
0.076003606 5.194393238 -8.779418339 0.451499258 0.066975205 -0.783557970 -0.421544362 2.479318237 4.977863560 4.785117360 4.761889007 4.658975265 7.969441431 4.787488617 7.408385161 3.619239614 -1.553842175 -1.339477528 3.579161310 6.850274214 8.599367406 10.396914174 6.107650590 0.086661037 4.674261294 6.846768671 7.949416361
-11.863195683 2.952798650 -9.147707459 -0.083465933 0.645368631 0.680280772 -0.337269685 7.570282711 6.581524632 5.232180658 9.629320111 6.842160343 6.641436857 1.318305876 2.259434771 4.630395589 1.803588430 3.442464327 1.743101074 4.224603504 2.650604137 -2.669536092 2.292330837 4.485090499 4.907404559 0.744132884 0.210169314
-12.095594238 -3.084484034 -16.925010758 0.152169604 -0.461123824 -0.595008905 0.640447995 -3.497764022 3.634685347 9.100540020 9.291808254 -1.065092474 5.860379605 4.384365476 3.559052371 1.501516599 4.933876886 5.723315832 0.569224602 4.756409685 0.928770672 5.157961770 5.254342191 6.115126183 4.572251543 4.137216253 2.469710221
-16.345141224 0.756801392 -9.108774974 0.984244213 0.053418606 -0.168310466 0.009020491 1.260940630 4.936542125 -0.286752679 5.188057056 2.661919979 8.729168709 5.426624832 2.998918798 3.115734399 0.068401646 2.051847638 4.146450186 10.321840525 1.503235146 7.620557517 3.731670502 7.407514876 1.210114642 5.714597643 9.424811947
-7.592600127 9.497627778 -9.283865263 -0.062709592 0.921817181 -0.305792259 0.229807933 0.628974585 4.472688473 1.356863143 7.624291998 3.404422009 4.990535929 5.637493617 2.753226066 -0.071630200 6.723817623 1.117323260 7.594333090 5.933832955 2.982217509 1.981659208 4.699766497 -2.970736008 3.891361484 11.352158863 2.799046667
-5.485037028 3.676596967 -14.878264813 -0.544190369 0.781453112 0.231830522 0.198601323 4.212417308 7.035137879 8.335526697 3.565411926 1.694200168 1.182691252 4.479177050 4.912348694 1.516381086 5.824155934 7.374443463 9.837042957 1.813560060 6.834560407 3.150407005 8.603595146 5.373830426 8.851826510 7.877902732 3.089658634
-5.873557384 -1.113061298 -5.957053086 0.537124128 -0.695665197 0.461351637 0.121252921 9.587750811 7.319095585 -2.829028019 4.213609974 3.050096036 3.753080074 -0.583952728 5.357177609 2.505441799 9.856315887 3.860801535 9.749960776 5.016117759 5.158544562 5.236249603 6.299336247 8.968314906 0.888648024 5.432943735 0.831576296
-7.540268301 -1.049267223 -18.558183941 0.238307201 -0.842246643 -0.237435036 -0.421253930 4.233445550 6.363744342 -0.860154507 6.679327266 11.063237876 1.210342932 6.262438543 2.567631001 7.226545226 -4.665862719 -3.214409241 7.085865866 2.588578747 7.650636193 2.652723548 5.893576878 4.981305802 6.922157778 4.843673509 -0.675102192
