Swarm  Glowworm   Coordinates                                             RecID  LigID  Luciferin  Neigh   VR     RMSD    PDB             Clashes  Scoring
    2     74 (-13.059, -0.927, 2.516, 0.981, -0.179, -0.046, 0.057, -0.361, -0.690, -0.124, 1.296, -0.809, 0.284, 0.447, 0.240, 0.835, 0.917, -0.796, 0.391, -0.068, 0.232, -0.334, -0.040, -0.846, 0.074, -0.020, -0.115)      0      0    15.49747     0   5.000   -1.000 lightdock_74.pdb      0   19.372
    3    140 (-3.366, -1.050, 17.371, -0.120, 0.791, 0.329, -0.502, 0.924, 1.700, -1.473, 1.986, -1.775, -2.027, 0.041, 0.024, -0.457, -0.786, -1.502, -1.838, 2.443, -0.348, -0.528, 1.327, -1.092, 0.335, -0.209, 1.013)      0      0    15.03155     7   0.320   -1.000 lightdock_140.pdb      0   19.279
    0    140 (-14.661, 3.107, 3.921, -0.127, 0.847, 0.482, -0.187, 0.072, -1.152, -1.160, 0.635, 0.622, -1.482, -0.471, 0.158, 0.498, 0.364, -0.066, -0.715, -0.271, 0.013, -0.682, 0.045, 0.741, -0.595, 0.590, -0.660)      0      0    15.15317     0   1.800   -1.000 lightdock_140.pdb      0   19.121
    6     37 (-5.678, -5.076, 18.806, -0.429, 0.857, 0.056, -0.280, 0.413, 1.245, 0.278, -1.229, 0.433, -0.399, -0.053, -0.492, 0.015, -0.309, -0.052, -1.221, 2.050, 0.267, -1.080, -0.421, -1.936, -1.788, 0.917, 0.448)      0      0    13.62195     6   0.520   -1.000 lightdock_37.pdb      0   18.314
    4     62 (-16.892, -6.743, 7.190, -0.868, 0.468, -0.133, -0.103, -0.013, -0.399, 0.348, 0.071, -0.344, 0.623, 1.910, 0.280, -0.253, 0.298, -0.087, 0.456, -0.806, 0.180, -0.513, 0.115, 0.444, -0.479, -0.120, 0.777)      0      0    13.08953     0   5.000   -1.000 lightdock_62.pdb      0   16.362
    5    173 (-15.607, -1.046, 11.476, 0.204, 0.514, -0.123, -0.824, 0.229, 0.565, 0.962, -1.288, -0.903, 1.112, -0.589, -0.415, -0.830, -0.613, 0.704, 1.249, -0.495, -0.314, 0.560, 1.468, -1.242, 0.130, 1.404, 1.375)      0      0    12.84588     1   2.800   -1.000 lightdock_173.pdb      0   16.134
    8     26 (-8.870, 0.340, -9.458, -0.277, -0.869, -0.087, -0.401, -0.318, -0.287, 0.038, -0.153, -0.034, -0.239, -0.347, 1.210, -0.356, 0.101, 0.593, 0.432, 0.370, 0.107, -0.701, 0.579, 0.838, 0.792, -0.692, -0.337)      0      0     8.91593     0   5.000   -1.000 lightdock_26.pdb      0   11.145
    7    160 (-9.179, -20.132, 9.469, 0.941, 0.223, 0.242, 0.077, -0.632, 0.036, -0.272, -0.137, 0.324, -0.076, -1.589, 0.268, 0.453, 1.429, -0.333, 2.663, 0.526, 1.076, 1.454, -0.938, 0.534, -1.188, -1.784, -0.565)      0      0     7.38392     0   4.800   -1.000 lightdock_160.pdb      0    9.231
    1    153 (12.997, 3.223, 8.907, 0.419, -0.016, 0.905, -0.072, 0.542, 0.964, 0.008, -1.061, 0.920, -0.054, -1.192, 0.346, -0.626, -0.344, -2.085, -1.959, 0.444, 0.021, 1.290, 0.423, -1.075, 0.711, -0.771, -0.378)      0      0     7.35639     3   0.560   -1.000 lightdock_153.pdb      0    9.230
    9     51 (2.300, -15.962, 16.271, -0.391, -0.898, 0.081, 0.184, -0.408, -1.210, 0.825, -1.043, 0.248, -0.318, -2.279, 1.221, 1.115, -2.106, 0.388, -1.297, 1.656, -0.231, 0.098, 0.497, -0.644, 0.176, -0.563, 0.390)      0      0     7.29348     0   5.000   -1.000 lightdock_51.pdb      0    9.117
    9    157 (-16.375, -9.082, 11.681, 0.749, 0.518, 0.278, -0.306, -0.071, 1.093, 1.192, 0.208, -0.246, -0.892, -1.958, 1.068, 0.132, -0.060, 0.586, 0.846, 0.375, 2.733, -1.185, 1.321, 0.003, -0.146, 1.101, -1.159)      0      0     5.96165     1   2.280   -1.000 lightdock_157.pdb      0    7.609
