-22.830749526 -31.260753215 23.334722142 0.862384547 0.406408545 -0.298915236 0.042126833
-22.671933522 -35.509435305 27.974110127 0.825393815 0.496606017 -0.268528333 -0.000222439
-22.278904721 -30.612278160 31.742686615 0.725850497 0.577604633 -0.368806163 0.059126619
-17.675523927 -39.553759172 34.135366107 0.728888416 0.607172895 -0.250985954 -0.192532606
-22.317616400 -26.663424373 31.982245027 0.811558971 0.369681245 -0.452151207 0.016343167
-28.247737131 -41.002215799 28.280003640 0.796661896 0.447739050 -0.374258830 -0.157448069
-20.137787479 -26.726239011 36.245985936 0.799236105 0.524546160 -0.285818089 0.066189087
-20.823837980 -30.566167350 26.748636707 0.784734812 0.525250221 -0.329094912 0.000134872
-27.204801627 -30.418194475 24.191521857 0.825209159 0.330874930 -0.456265294 -0.037062200
-22.141879737 -33.508667335 29.953940494 0.780978951 0.543961896 -0.306613004 0.012876359
-16.736578520 -31.508671714 32.148772908 0.760250899 0.625832233 -0.168566209 -0.044022939
-25.530126251 -27.383675020 25.029159830 0.744974586 0.421467755 -0.425185171 0.294270910
-29.481636974 -28.637477448 30.385811797 0.712915201 0.451182003 -0.466098186 0.266344134
-16.000301035 -27.642737484 32.966179905 0.835320167 0.541078652 -0.097326174 -0.001313848
-27.206730858 -40.858563199 25.826727528 0.791151634 0.415779357 -0.354848397 -0.274388837
-23.856406085 -35.082973029 38.637547953 0.791492124 0.465653699 -0.390410089 -0.065473758
-18.274476878 -39.651768095 26.379513083 0.821787251 0.552655694 -0.125477498 -0.059099882
-21.975110852 -36.359422327 23.406487608 0.904069964 0.387332558 -0.151108150 0.098981393
-19.395230169 -32.704545634 28.315515057 0.740879748 0.629041637 -0.235047238 0.012514510
-28.838729960 -39.689195416 29.648975026 0.747841629 0.460624881 -0.445374055 -0.173780228
-31.067535384 -35.830890082 35.388320588 0.718889145 0.542608069 -0.396259493 0.178194540
-25.817100651 -34.263282409 38.982092707 0.800283998 0.365133552 -0.463629602 -0.106163095
-28.811976525 -40.807617420 29.219059016 0.791993577 0.517346553 -0.281505706 0.160789476
-21.523114739 -42.546289823 29.523562244 0.879267346 0.388733387 -0.208992115 -0.179157985
-20.362685654 -37.825180887 31.972055981 0.810948965 0.518261919 -0.250969064 -0.103831062
-16.930058516 -26.516101213 31.546767976 0.786892047 0.589072446 -0.182975413 0.017735762
-18.827967756 -34.911849497 26.528480135 0.832147810 0.522226502 -0.178889358 -0.052991512
-25.077151623 -36.953263027 31.166069431 0.708787705 0.438718774 -0.485130942 -0.264185156
-24.457302013 -28.793832610 26.760512834 0.741486444 0.502567651 -0.363888379 0.255360250
-26.735274451 -31.406628632 28.799594053 0.743910987 0.503661446 -0.396078048 0.189851972
-20.450133119 -33.007051919 24.513588318 0.817031298 0.530504481 -0.212848089 0.075634281
-18.324972972 -35.620718508 36.792106810 0.803843008 0.457688159 -0.333089211 -0.182782783
-24.578712836 -39.403024421 30.738058938 0.874583806 0.392286028 -0.268770585 -0.094748145
-20.706229520 -34.558894847 38.500142237 0.813796588 0.398584512 -0.394244613 -0.153090447
-15.779639499 -37.454599069 32.030250812 0.721566751 0.686937832 -0.074283984 -0.044042352
-18.041913828 -27.827407722 23.339152774 0.856646856 0.426069645 -0.270300286 -0.107510825
-21.316398354 -30.575960550 21.387134380 0.830244177 0.411008830 -0.326952180 -0.186731412
-24.514164533 -31.145142966 36.524138049 0.774697154 0.547775760 -0.284498848 0.137282347
-23.717950274 -38.872002196 36.052107418 0.711155844 0.656171940 -0.232913587 0.097195743
-19.258960113 -35.700441921 24.427514417 0.734170036 0.553230299 -0.273019212 -0.283533251
-28.816640943 -27.772229900 26.537185237 0.743102222 0.382810707 -0.467209455 0.288045786
-17.492677062 -27.904056667 32.240931889 0.848364575 0.441666706 -0.285736036 -0.059690760
-22.018567833 -32.470941987 29.881232296 0.738088519 0.513232873 -0.424609214 -0.107351622
-30.669234306 -37.772813467 34.353615650 0.746466214 0.485898725 -0.454605777 0.004920199
-22.493128418 -27.070145789 35.744731029 0.721837473 0.505092291 -0.469154764 0.061043000
-20.622688550 -34.973015017 36.885785341 0.771883204 0.529760971 -0.339034385 -0.092764857
-29.782048732 -28.249174556 24.378945545 0.775697826 0.327017056 -0.414801221 0.345387716
-30.462230567 -31.138199699 34.458170966 0.708481165 0.297932192 -0.630129937 -0.110576270
-25.212982946 -27.434750186 29.271593491 0.821329080 0.378923853 -0.406913247 0.127502412
-25.598072289 -33.603886127 29.336382593 0.868760880 0.377170249 -0.320926311 0.001854756
-28.106075144 -32.907387233 32.061417364 0.717936091 0.350797894 -0.577344018 -0.167876419
-16.072682028 -37.027555909 26.719852417 0.795172938 0.590997251 -0.093421210 -0.098461796
-28.978544908 -29.078317365 31.765524297 0.718510111 0.351882705 -0.599831165 0.011151510
-18.874308800 -40.412795111 31.147419948 0.716076296 0.567952183 -0.294358052 -0.279317729
-19.323922557 -39.283882741 29.779838767 0.745165645 0.589851652 -0.252739642 -0.181454852
-22.542123598 -31.287231685 38.399593356 0.818143498 0.288733718 -0.477859407 -0.137566143
-19.855763756 -37.266075884 23.017447957 0.861177259 0.484465733 -0.153157860 -0.014469003
-23.585296838 -28.626472029 21.753685026 0.862218197 0.334605098 -0.295081736 0.239887427
-21.882051470 -37.852953473 21.254928914 0.835672294 0.472151522 -0.221468632 -0.172268401
-30.760025792 -34.011353094 28.473067967 0.824400399 0.393333478 -0.385108861 0.131696325
-18.866546987 -31.437905174 30.680427923 0.774958745 0.520285181 -0.337782249 -0.121018290
-23.714675834 -38.240110999 30.596514534 0.755573238 0.546660747 -0.347618075 -0.097122523
-20.948705366 -39.407465052 25.915669503 0.823650680 0.541563796 -0.159882138 0.052401470
-23.614105147 -31.860904409 31.278522367 0.754603313 0.556250713 -0.332429518 0.103196904
-20.989715791 -33.859366923 38.846358912 0.710509785 0.670640146 -0.197759175 0.079428887
-19.299617314 -36.470171419 33.746253809 0.792568933 0.406825697 -0.370194203 -0.263217763
-17.871228184 -30.031612775 34.393052959 0.837981821 0.462447063 -0.280432116 -0.072711831
-17.136662918 -32.615101036 23.069065082 0.827881317 0.550585756 -0.106948424 0.005466695
-19.542617200 -27.050388653 36.479033050 0.854256987 0.321521804 -0.405053189 -0.052921115
-28.967785163 -27.237103640 34.428696843 0.740821441 0.281466410 -0.609765432 0.012098361
-26.594168211 -35.100774849 28.163562533 0.792063118 0.500635198 -0.295226109 0.186660014
-19.601898650 -33.800115292 30.468423867 0.763043737 0.586376075 -0.266618667 -0.053308911
-19.811777610 -29.938375218 21.371219935 0.845357347 0.467898560 -0.227157885 0.121824417
-24.243800792 -27.237741620 26.530324590 0.714363554 0.430489687 -0.544806759 0.086884619
-29.305231929 -27.222408013 25.406188357 0.871523067 0.250932761 -0.364900097 0.210542664
-16.308591374 -31.367338527 26.257800511 0.769663161 0.628361505 -0.109352115 -0.028680189
-14.752217551 -32.160092345 33.021305421 0.716323594 0.681535076 -0.115274901 -0.095405168
-24.974836449 -32.575301304 25.588554052 0.845617069 0.420563540 -0.315468374 0.092400140
-18.474142617 -39.720948849 28.237926788 0.718697685 0.606888528 -0.238347432 -0.241558386
-21.622396263 -25.369246369 28.455701764 0.781106705 0.476162381 -0.365554767 0.171788869
-26.465481658 -38.117412657 24.898280629 0.822319360 0.425942793 -0.343950721 -0.155117725
-26.053106109 -40.147649436 33.209568117 0.710451972 0.447378208 -0.468221207 -0.275462586
-20.441845146 -42.285588062 29.268679197 0.865179087 0.418015962 -0.202264641 -0.189253318
-29.924202479 -38.317890897 33.699818616 0.751041925 0.540872163 -0.351754682 0.140221164
-19.560706844 -36.004724479 37.928786430 0.763129417 0.626681234 -0.154092930 0.034051312
-29.745302565 -28.678974458 24.128832523 0.807001241 0.290429861 -0.506995764 0.085760063
-30.870155273 -26.643451939 29.051591967 0.750762255 0.362389081 -0.446153260 0.325541793
-25.297773422 -29.375232063 28.681871954 0.708463581 0.449806513 -0.543574926 0.016725873
-30.748367262 -36.530595116 33.729967837 0.717127155 0.555350191 -0.358445352 0.220979045
-24.299594307 -29.833255612 24.334551311 0.798395409 0.443983658 -0.331500767 0.235691585
-27.087785841 -35.668009984 38.022564908 0.734910278 0.589027104 -0.303155254 0.145089093
-23.585345433 -35.648457414 24.008461243 0.801503020 0.480338716 -0.332056001 -0.128865977
-21.905627937 -27.633902181 24.397592075 0.745981436 0.467013948 -0.473799270 0.030396063
-21.491772084 -35.823470209 38.511920469 0.800481373 0.414522702 -0.401291714 -0.162374449
-20.065188866 -34.531158291 26.551517339 0.767505968 0.554298037 -0.291580480 -0.136634914
-14.640981631 -30.019988952 28.720805580 0.819634256 0.466415163 -0.240320863 -0.230005359
-30.948191497 -36.067077617 29.202091274 0.787640103 0.461698263 -0.334006494 0.234302036
-23.413696162 -30.798272864 38.201546472 0.755305765 0.532290440 -0.379787994 0.044058695
-29.219654647 -32.519099573 33.722321179 0.736573793 0.524170414 -0.361327954 0.228356158
-21.766854493 -28.643350049 27.738855868 0.729456187 0.364771070 -0.547735368 -0.186605748
-29.814488304 -37.328776397 33.907943955 0.792427620 0.485619645 -0.355882262 0.097876676
-16.042010519 -34.170210645 24.576932804 0.725614689 0.573298871 -0.193489006 -0.327679313
-17.393437183 -25.819278356 32.352016774 0.782084599 0.598404981 -0.165150160 0.054594728
-21.376019575 -38.194242939 33.793735807 0.775752892 0.584408416 -0.237426466 -0.017404770
-24.445689440 -37.569154359 29.488460842 0.782351723 0.553782164 -0.276098556 0.070856781
-26.428474878 -40.926747393 28.329420556 0.786354882 0.469657987 -0.358634666 -0.180134813
-22.193748054 -35.682083870 34.347654046 0.761408089 0.455252491 -0.422913673 -0.184788841
-25.411603040 -37.934526712 37.202158022 0.749224058 0.447546406 -0.459172193 -0.165910889
-24.916757149 -24.572058191 26.034283661 0.817876293 0.311223286 -0.427221148 0.227377500
-21.764341732 -27.365935984 32.518425174 0.732651850 0.506379215 -0.452344404 0.046753586
-17.421938737 -39.809682987 28.374572823 0.716489140 0.563893483 -0.243867020 -0.330448678
-19.757791370 -31.435702528 37.079161782 0.804863086 0.566117589 -0.168922002 0.056317371
-18.856868452 -33.257358181 36.350749221 0.821697887 0.468347087 -0.306536000 -0.107234648
-24.283967953 -31.599438837 39.380528244 0.746083683 0.591500993 -0.276850857 0.129766392
-19.355135709 -30.993786859 36.000465772 0.793044631 0.566895713 -0.222046521 0.020119792
-24.908877025 -31.637964924 31.882548526 0.732823179 0.354895778 -0.552899894 -0.176977068
-16.919728505 -31.800808824 36.629648392 0.842544652 0.469550330 -0.246290467 -0.094773427
-21.400462141 -30.717855142 23.864108313 0.819344854 0.490891593 -0.255836169 0.149155319
-27.040572330 -35.109751425 28.486832333 0.781653137 0.503489592 -0.339918640 0.141322054
-21.619726756 -39.444553954 25.346837419 0.876988440 0.447715389 -0.172892557 -0.023459963
-24.768984172 -25.881335581 26.634030855 0.794757184 0.377875258 -0.420168154 0.221427257
-25.873463050 -38.298849880 22.040868605 0.941611329 0.275414254 -0.185781823 -0.054774159
-29.804058239 -37.542986229 32.935550726 0.753140021 0.532472708 -0.357107999 0.147400141
-29.135362572 -28.456971362 35.601356173 0.772007116 0.415229771 -0.456508269 0.152280828
-28.428015987 -30.167972946 30.609451087 0.805217561 0.409181943 -0.395884629 0.165741296
-16.857860284 -37.315574542 31.119194504 0.734122956 0.671505586 -0.098556183 -0.020746395
-26.950992040 -36.216399863 31.652100152 0.748722901 0.561777508 -0.313201738 0.160389276
-20.784868849 -24.883383993 33.313675206 0.806414742 0.510886181 -0.262651703 0.140373279
-25.793425072 -35.204683072 31.565716193 0.784899910 0.533209618 -0.277439909 0.150488312
-26.672377168 -29.788846476 35.312570274 0.711798268 0.531864786 -0.432723932 0.152358370
-17.234223210 -26.425246157 27.107026005 0.839751801 0.371476168 -0.371715378 -0.136565172
-16.542188772 -31.304645048 32.583352084 0.833604472 0.460260438 -0.268809150 -0.144932929
-20.191299184 -35.112675255 24.623738284 0.740571825 0.482916497 -0.321005761 -0.339559025
-18.146021929 -26.140080592 34.203117212 0.757669608 0.512220545 -0.403696101 -0.024420028
-23.006061746 -28.469997520 28.556311015 0.723298078 0.397567064 -0.556835250 -0.093353225
-31.185098171 -30.368985395 28.634746305 0.784704120 0.394522095 -0.326501142 0.349268900
-32.259611956 -32.095644832 33.328517295 0.764974027 0.428087843 -0.449394212 0.172047610
-28.950558894 -26.762198745 30.065576455 0.732325392 0.418079009 -0.446663252 0.299000673
-25.863726905 -34.356198452 25.792175270 0.782644008 0.383024844 -0.434398282 -0.228163227
-27.192810314 -35.630722756 30.850483774 0.736703701 0.563692523 -0.322378376 0.188654656
-31.732959621 -32.077338346 31.407240911 0.775624088 0.443215425 -0.316123460 0.319426548
-23.787964364 -34.024818317 28.941804143 0.802987775 0.521246472 -0.257673941 0.130831527
-28.597206296 -40.627358535 28.100611431 0.853444201 0.430936108 -0.292356496 0.021324755
-26.060277961 -32.347379136 20.370207238 0.937602734 0.244165789 -0.230124835 0.091250979
-18.915906711 -31.211269847 32.973559338 0.773596597 0.607855173 -0.171376252 0.051870743
-19.629011127 -41.759422918 29.768525137 0.794737911 0.584853392 -0.156829536 -0.041745166
-29.335922288 -27.604037274 27.721833654 0.725157603 0.396760793 -0.479573855 0.294510173
-30.326719886 -32.167486198 27.942745981 0.768636365 0.386251937 -0.508739165 0.034525949
-23.003144248 -38.130554381 27.733153295 0.787489852 0.523480273 -0.306265665 -0.109678981
-25.798428750 -37.032341333 31.017351796 0.821956588 0.499923928 -0.219193781 0.162534671
-20.888517886 -34.466744652 34.790475961 0.794914710 0.371191672 -0.426620878 -0.219822592
-24.693530057 -37.525374771 25.080984681 0.837088296 0.477101435 -0.242050659 0.114319215
-26.957471815 -32.140806212 29.573131282 0.827877123 0.420304611 -0.355817608 0.106570789
-23.128416828 -37.145465044 37.610839288 0.774024668 0.437868351 -0.423966377 -0.171492365
-24.501029214 -24.826850023 30.339877700 0.782852396 0.294978838 -0.543546913 0.068457027
-30.150027904 -34.072089812 34.306140680 0.718603344 0.440907986 -0.537508147 -0.017157340
-19.620909589 -27.501367578 24.122012764 0.755472743 0.558948113 -0.323524590 0.110316733
-23.820880089 -26.656616258 32.832226024 0.756725835 0.527635627 -0.324494067 0.208974294
-23.548177140 -25.586400599 24.614802320 0.861395716 0.304138270 -0.370608161 0.167770448
-24.636845192 -30.765791437 33.948797262 0.771017491 0.542125518 -0.290660105 0.164768489
-20.372643849 -30.264310927 28.931729972 0.749612450 0.575371275 -0.326752609 0.016180341
-21.564820476 -31.801323451 37.358198967 0.819165244 0.306045869 -0.459084214 -0.156671358
-26.770399382 -39.921635079 32.756287962 0.776837786 0.559835652 -0.255474830 0.133565369
-16.863731942 -28.619970042 26.684396792 0.741733350 0.629882951 -0.223741697 -0.054943229
-21.018841428 -23.760896984 32.149774561 0.856368453 0.289258215 -0.425143604 0.047070948
-17.048564358 -31.105638258 24.951193466 0.770476895 0.624177540 -0.128861315 0.012748116
-25.677828429 -37.665428875 28.491166137 0.867673506 0.417162486 -0.270395574 0.002092791
-27.264567407 -38.322643712 34.238142070 0.838937746 0.429528808 -0.333041932 -0.027776472
-16.732801044 -27.692130256 30.332147615 0.807432056 0.575435803 -0.128537925 0.020127419
-27.127733512 -29.126989264 34.373588875 0.722509384 0.540508685 -0.356247469 0.242730906
-20.910540938 -30.606733401 25.578357994 0.831783345 0.492545192 -0.208196850 0.148962318
-19.098581017 -32.422120894 30.873671293 0.778095679 0.456791746 -0.381472495 -0.200965544
-32.246981805 -33.078684561 33.124863756 0.773852202 0.431115579 -0.436322849 0.157843271
-18.334960467 -28.422907579 33.175409462 0.805416756 0.561878034 -0.183907383 0.042130736
-29.729016943 -29.032726684 24.838721374 0.754502194 0.365040156 -0.440577553 0.321502012
-22.889276458 -28.286537655 27.772522154 0.747448166 0.534693012 -0.330921659 0.214278973
-20.413102391 -27.113030154 34.187760362 0.835922579 0.498626949 -0.206697090 0.099402824
-19.623354339 -24.517521147 29.518657060 0.844045972 0.463122423 -0.236662376 0.130747614
-33.201658776 -32.170985347 28.588596365 0.769139279 0.365753816 -0.514102665 0.101722002
-20.801047825 -35.079666793 28.202142962 0.817717893 0.539099980 -0.195486842 0.049935494
-22.908000830 -33.026200794 35.884079884 0.789872352 0.463204630 -0.397293532 -0.060835737
-26.066465881 -24.409538678 33.200319060 0.765379187 0.434805603 -0.406166043 0.245291526
-25.389714718 -33.874251182 21.124572226 0.877770666 0.368238599 -0.305772136 -0.020552191
-21.957709677 -30.875569589 29.761312361 0.823890404 0.441875577 -0.353518383 -0.031230260
-28.495653830 -32.819870178 34.984983332 0.782339898 0.470619660 -0.392386255 0.111778562
-18.364874455 -33.616017804 23.281457823 0.778113358 0.554324919 -0.222470459 -0.194346037
-19.411588880 -33.290266416 31.033090463 0.780504317 0.599718408 -0.167058797 0.056940328
-23.471658141 -35.358561145 30.552418378 0.708044544 0.558864374 -0.419403646 -0.102196464
-17.888517859 -34.669024954 31.967884239 0.795013467 0.496144226 -0.292656716 -0.190122438
-31.500693498 -37.123219075 26.908867680 0.817855697 0.419519302 -0.320034543 0.229550659
-25.188727204 -35.962001618 24.578647799 0.837396930 0.458798948 -0.278983947 0.102165865
-20.379434977 -32.417377875 34.397890033 0.795490876 0.502885350 -0.331894429 -0.064394705
-27.870663718 -31.527221262 37.275476897 0.756709902 0.292825087 -0.572161308 -0.119478159
-21.188973854 -29.968267291 26.912039786 0.717306659 0.489286698 -0.475019066 -0.142921554
-29.264363147 -30.339717292 28.676706898 0.767520831 0.285226566 -0.562390340 -0.115215821
-20.249559879 -30.653347941 21.070897931 0.826552462 0.431441339 -0.290491769 -0.215137004
-20.126950569 -28.581385754 28.696080415 0.762710765 0.538369295 -0.358093211 0.014143655
-19.631078654 -29.994922644 36.664263771 0.840317110 0.345414993 -0.402938242 -0.110437358
-27.692592064 -35.717507034 26.579020033 0.813829969 0.434978811 -0.385213077 -0.009225046
-21.263566011 -30.153367455 26.134167737 0.720979440 0.532034594 -0.436864804 -0.079227396
